date,price,qty,trnvr,cum_trnvr
2025-08-01 09:15:00 AM,24790.8,16575,410907510.0,410907510.0
2025-08-01 09:15:00 AM,24799.9,0,0.0,410907510.0
2025-08-01 09:15:01 AM,24800.0,0,0.0,410907510.0
2025-08-01 09:15:01 AM,24800.1,6375,158100637.5,569008147.5
2025-08-01 09:15:01 AM,24802.0,300,7440600.0,576448747.5
2025-08-01 09:15:02 AM,24797.6,0,0.0,576448747.5
2025-08-01 09:15:02 AM,24793.2,0,0.0,576448747.5
2025-08-01 09:15:02 AM,24790.9,10200,252867180.0,829315927.5
2025-08-01 09:15:02 AM,24793.9,150,3719085.0,833035012.5
2025-08-01 09:15:03 AM,24789.7,0,0.0,833035012.5
2025-08-01 09:15:03 AM,24788.2,0,0.0,833035012.5
2025-08-01 09:15:03 AM,24787.0,8775,217505925.0,1050540937.5
2025-08-01 09:15:04 AM,24789.5,225,5577637.5,1056118575.0
2025-08-01 09:15:04 AM,24786.1,0,0.0,1056118575.0
2025-08-01 09:15:04 AM,24784.8,0,0.0,1056118575.0
2025-08-01 09:15:05 AM,24781.0,0,0.0,1056118575.0
2025-08-01 09:15:05 AM,24780.0,8925,221161500.0,1277280075.0
2025-08-01 09:15:05 AM,24780.0,225,5575500.0,1282855575.0
2025-08-01 09:15:05 AM,24779.3,0,0.0,1282855575.0
2025-08-01 09:15:06 AM,24782.1,0,0.0,1282855575.0
2025-08-01 09:15:06 AM,24780.9,6825,169129642.5,1451985217.5
2025-08-01 09:15:06 AM,24778.6,1350,33451109.999999996,1485436327.5
2025-08-01 09:15:06 AM,24778.5,0,0.0,1485436327.5
2025-08-01 09:15:07 AM,24772.3,0,0.0,1485436327.5
2025-08-01 09:15:07 AM,24772.1,8400,208085640.0,1693521967.5
2025-08-01 09:15:07 AM,24771.2,600,14862720.0,1708384687.5
2025-08-01 09:15:07 AM,24772.1,0,0.0,1708384687.5
2025-08-01 09:15:08 AM,24770.0,0,0.0,1708384687.5
2025-08-01 09:15:08 AM,24770.7,0,0.0,1708384687.5
2025-08-01 09:15:08 AM,24766.0,15000,371490000.0,2079874687.5
2025-08-01 09:15:08 AM,24765.0,225,5572125.0,2085446812.5
2025-08-01 09:15:09 AM,24768.1,0,0.0,2085446812.5
2025-08-01 09:15:09 AM,24768.5,0,0.0,2085446812.5
2025-08-01 09:15:10 AM,24770.5,9150,226650075.0,2312096887.5
2025-08-01 09:15:10 AM,24765.3,0,0.0,2312096887.5
2025-08-01 09:15:10 AM,24765.2,0,0.0,2312096887.5
2025-08-01 09:15:11 AM,24769.3,0,0.0,2312096887.5
2025-08-01 09:15:11 AM,24769.3,3000,74307900.0,2386404787.5
2025-08-01 09:15:11 AM,24769.1,300,7430730.0,2393835517.5
2025-08-01 09:15:11 AM,24765.6,0,0.0,2393835517.5
2025-08-01 09:15:12 AM,24769.1,0,0.0,2393835517.5
2025-08-01 09:15:12 AM,24769.1,1950,48299745.0,2442135262.5
2025-08-01 09:15:12 AM,24766.2,0,0.0,2442135262.5
2025-08-01 09:15:12 AM,24766.2,150,3714930.0,2445850192.5
2025-08-01 09:15:13 AM,24765.4,0,0.0,2445850192.5
2025-08-01 09:15:13 AM,24765.0,0,0.0,2445850192.5
2025-08-01 09:15:13 AM,24765.4,8775,217316385.0,2663166577.5
2025-08-01 09:15:13 AM,24765.4,75,1857405.0,2665023982.5
2025-08-01 09:15:14 AM,24765.0,0,0.0,2665023982.5
2025-08-01 09:15:14 AM,24765.4,0,0.0,2665023982.5
2025-08-01 09:15:15 AM,24773.1,7725,191372197.5,2856396180.0
2025-08-01 09:15:15 AM,24773.4,75,1858005.0,2858254185.0
2025-08-01 09:15:15 AM,24769.1,0,0.0,2858254185.0
2025-08-01 09:15:15 AM,24770.7,0,0.0,2858254185.0
2025-08-01 09:15:16 AM,24768.4,0,0.0,2858254185.0
2025-08-01 09:15:16 AM,24773.9,5100,126346890.0,2984601075.0
2025-08-01 09:15:16 AM,24773.5,225,5574037.5,2990175112.5
2025-08-01 09:15:17 AM,24776.0,0,0.0,2990175112.5
2025-08-01 09:15:17 AM,24780.0,1875,46462500.0,3036637612.5
2025-08-01 09:15:17 AM,24782.3,0,0.0,3036637612.5
2025-08-01 09:15:17 AM,24774.4,450,11148480.0,3047786092.5
2025-08-01 09:15:18 AM,24774.5,0,0.0,3047786092.5
2025-08-01 09:15:18 AM,24775.0,0,0.0,3047786092.5
2025-08-01 09:15:18 AM,24774.0,2400,59457600.0,3107243692.5
2025-08-01 09:15:19 AM,24774.5,0,0.0,3107243692.5
2025-08-01 09:15:19 AM,24780.0,0,0.0,3107243692.5
2025-08-01 09:15:20 AM,24782.4,0,0.0,3107243692.5
2025-08-01 09:15:20 AM,24782.4,2700,66912480.00000001,3174156172.5
2025-08-01 09:15:20 AM,24780.0,0,0.0,3174156172.5
2025-08-01 09:15:21 AM,24780.1,0,0.0,3174156172.5
2025-08-01 09:15:21 AM,24783.3,1275,31598707.5,3205754880.0
2025-08-01 09:15:22 AM,24783.9,0,0.0,3205754880.0
2025-08-01 09:15:22 AM,24787.1,5100,126414210.0,3332169090.0
2025-08-01 09:15:22 AM,24787.9,75,1859092.5,3334028182.5
2025-08-01 09:15:22 AM,24796.0,0,0.0,3334028182.5
2025-08-01 09:15:23 AM,24796.3,0,0.0,3334028182.5
2025-08-01 09:15:23 AM,24791.1,0,0.0,3334028182.5
2025-08-01 09:15:24 AM,24792.4,5100,126441240.0,3460469422.5
2025-08-01 09:15:24 AM,24790.5,0,0.0,3460469422.5
2025-08-01 09:15:25 AM,24795.3,0,0.0,3460469422.5
2025-08-01 09:15:25 AM,24792.4,4950,122722380.0,3583191802.5
2025-08-01 09:15:25 AM,24795.3,0,0.0,3583191802.5
2025-08-01 09:15:26 AM,24797.2,0,0.0,3583191802.5
2025-08-01 09:15:26 AM,24796.2,3150,78108030.0,3661299832.5
2025-08-01 09:15:27 AM,24796.3,0,0.0,3661299832.5
2025-08-01 09:15:28 AM,24799.1,0,0.0,3661299832.5
2025-08-01 09:15:28 AM,24800.8,4875,120903900.0,3782203732.5
2025-08-01 09:15:29 AM,24799.0,0,0.0,3782203732.5
2025-08-01 09:15:29 AM,24800.0,0,0.0,3782203732.5
2025-08-01 09:15:29 AM,24799.0,2775,68817225.0,3851020957.5
2025-08-01 09:15:30 AM,24795.7,0,0.0,3851020957.5
2025-08-01 09:15:30 AM,24799.6,0,0.0,3851020957.5
2025-08-01 09:15:31 AM,24796.2,14025,347766705.0,4198787662.5
2025-08-01 09:15:31 AM,24796.2,75,1859715.0,4200647377.5
2025-08-01 09:15:31 AM,24795.9,0,0.0,4200647377.5
2025-08-01 09:15:32 AM,24799.6,0,0.0,4200647377.5
2025-08-01 09:15:32 AM,24798.4,3750,92994000.0,4293641377.5
2025-08-01 09:15:32 AM,24795.9,1800,44632620.0,4338273997.5
2025-08-01 09:15:33 AM,24792.4,0,0.0,4338273997.5
2025-08-01 09:15:33 AM,24795.0,0,0.0,4338273997.5
2025-08-01 09:15:33 AM,24790.6,5625,139447125.0,4477721122.5
2025-08-01 09:15:34 AM,24795.7,75,1859677.5,4479580800.0
2025-08-01 09:15:34 AM,24795.4,0,0.0,4479580800.0
2025-08-01 09:15:34 AM,24792.4,0,0.0,4479580800.0
2025-08-01 09:15:35 AM,24794.2,4875,120871725.0,4600452525.0
2025-08-01 09:15:35 AM,24790.0,0,0.0,4600452525.0
2025-08-01 09:15:35 AM,24790.0,150,3718500.0,4604171025.0
2025-08-01 09:15:36 AM,24796.7,0,0.0,4604171025.0
2025-08-01 09:15:36 AM,24790.6,0,0.0,4604171025.0
2025-08-01 09:15:36 AM,24790.6,3900,96683340.0,4700854365.0
2025-08-01 09:15:37 AM,24790.0,0,0.0,4700854365.0
2025-08-01 09:15:38 AM,24793.3,2250,55784925.0,4756639290.0
2025-08-01 09:15:38 AM,24793.3,75,1859497.5,4758498787.5
2025-08-01 09:15:38 AM,24796.5,0,0.0,4758498787.5
2025-08-01 09:15:39 AM,24793.8,0,0.0,4758498787.5
2025-08-01 09:15:39 AM,24790.0,2700,66933000.0,4825431787.5
2025-08-01 09:15:40 AM,24792.4,0,0.0,4825431787.5
2025-08-01 09:15:40 AM,24790.1,0,0.0,4825431787.5
2025-08-01 09:15:40 AM,24790.1,2250,55777725.0,4881209512.5
2025-08-01 09:15:41 AM,24791.0,225,5577975.0,4886787487.5
2025-08-01 09:15:41 AM,24790.0,0,0.0,4886787487.5
2025-08-01 09:15:42 AM,24791.0,0,0.0,4886787487.5
2025-08-01 09:15:42 AM,24791.9,3225,79953877.5,4966741365.0
2025-08-01 09:15:43 AM,24791.1,0,0.0,4966741365.0
2025-08-01 09:15:43 AM,24790.0,0,0.0,4966741365.0
2025-08-01 09:15:43 AM,24789.0,975,24169275.0,4990910640.0
2025-08-01 09:15:43 AM,24784.0,600,14870400.0,5005781040.0
2025-08-01 09:15:44 AM,24784.2,0,0.0,5005781040.0
2025-08-01 09:15:45 AM,24791.0,0,0.0,5005781040.0
2025-08-01 09:15:45 AM,24791.0,1800,44623800.0,5050404840.0
2025-08-01 09:15:45 AM,24788.9,75,1859167.5,5052264007.5
2025-08-01 09:15:46 AM,24783.9,0,0.0,5052264007.5
2025-08-01 09:15:46 AM,24785.9,0,0.0,5052264007.5
2025-08-01 09:15:46 AM,24785.9,1200,29743080.0,5082007087.5
2025-08-01 09:15:47 AM,24789.7,0,0.0,5082007087.5
2025-08-01 09:15:47 AM,24789.9,0,0.0,5082007087.5
2025-08-01 09:15:48 AM,24785.2,1575,39036690.0,5121043777.5
2025-08-01 09:15:48 AM,24790.5,0,0.0,5121043777.5
2025-08-01 09:15:48 AM,24785.1,150,3717765.0,5124761542.5
2025-08-01 09:15:49 AM,24782.1,0,0.0,5124761542.5
2025-08-01 09:15:50 AM,24787.7,0,0.0,5124761542.5
2025-08-01 09:15:50 AM,24784.5,5700,141271650.0,5266033192.5
2025-08-01 09:15:51 AM,24791.1,75,1859332.5,5267892525.0
2025-08-01 09:15:51 AM,24792.4,0,0.0,5267892525.0
2025-08-01 09:15:52 AM,24785.2,0,0.0,5267892525.0
2025-08-01 09:15:52 AM,24785.2,3525,87367830.0,5355260355.0
2025-08-01 09:15:53 AM,24786.3,0,0.0,5355260355.0
2025-08-01 09:15:53 AM,24794.2,0,0.0,5355260355.0
2025-08-01 09:15:53 AM,24786.2,1275,31602405.0,5386862760.0
2025-08-01 09:15:54 AM,24789.0,0,0.0,5386862760.0
2025-08-01 09:15:55 AM,24792.0,0,0.0,5386862760.0
2025-08-01 09:15:55 AM,24791.0,600,14874600.0,5401737360.0
2025-08-01 09:15:55 AM,24792.0,300,7437600.0,5409174960.0
2025-08-01 09:15:55 AM,24789.0,0,0.0,5409174960.0
2025-08-01 09:15:56 AM,24789.7,0,0.0,5409174960.0
2025-08-01 09:15:56 AM,24794.8,675,16736490.0,5425911450.0
2025-08-01 09:15:56 AM,24788.3,600,14872980.0,5440784430.0
2025-08-01 09:15:58 AM,24790.0,0,0.0,5440784430.0
2025-08-01 09:15:58 AM,24790.0,225,5577750.0,5446362180.0
2025-08-01 09:15:58 AM,24795.0,0,0.0,5446362180.0
2025-08-01 09:15:59 AM,24788.3,0,0.0,5446362180.0
2025-08-01 09:15:59 AM,24788.3,1500,37182450.0,5483544630.0
2025-08-01 09:16:00 AM,24788.5,0,0.0,5483544630.0
2025-08-01 09:16:01 AM,24788.5,3675,91097737.5,5574642367.5
2025-08-01 09:16:01 AM,24786.6,0,0.0,5574642367.5
2025-08-01 09:16:02 AM,24781.8,0,0.0,5574642367.5
2025-08-01 09:16:02 AM,24781.8,2850,70628130.0,5645270497.5
2025-08-01 09:16:02 AM,24781.8,150,3717270.0,5648987767.5
2025-08-01 09:16:03 AM,24784.3,0,0.0,5648987767.5
2025-08-01 09:16:03 AM,24781.8,0,0.0,5648987767.5
2025-08-01 09:16:04 AM,24786.0,2175,53909550.0,5702897317.5
2025-08-01 09:16:05 AM,24784.3,0,0.0,5702897317.5
2025-08-01 09:16:05 AM,24786.0,0,0.0,5702897317.5
2025-08-01 09:16:05 AM,24786.0,1425,35320050.0,5738217367.5
2025-08-01 09:16:05 AM,24786.2,75,1858965.0,5740076332.5
2025-08-01 09:16:06 AM,24786.4,0,0.0,5740076332.5
2025-08-01 09:16:06 AM,24788.5,0,0.0,5740076332.5
2025-08-01 09:16:07 AM,24789.0,1350,33465150.0,5773541482.5
2025-08-01 09:16:07 AM,24786.4,0,0.0,5773541482.5
2025-08-01 09:16:08 AM,24788.2,0,0.0,5773541482.5
2025-08-01 09:16:08 AM,24786.0,0,0.0,5773541482.5
2025-08-01 09:16:08 AM,24786.0,1650,40896900.0,5814438382.5
2025-08-01 09:16:08 AM,24786.0,300,7435800.0,5821874182.5
2025-08-01 09:16:09 AM,24785.0,0,0.0,5821874182.5
2025-08-01 09:16:10 AM,24785.6,4425,109676280.0,5931550462.5
2025-08-01 09:16:10 AM,24786.2,0,0.0,5931550462.5
2025-08-01 09:16:11 AM,24791.7,0,0.0,5931550462.5
2025-08-01 09:16:11 AM,24786.5,0,0.0,5931550462.5
2025-08-01 09:16:11 AM,24786.5,1275,31602787.5,5963153250.0
2025-08-01 09:16:12 AM,24786.0,0,0.0,5963153250.0
2025-08-01 09:16:13 AM,24791.1,4950,122715945.0,6085869195.0
2025-08-01 09:16:13 AM,24783.7,75,1858777.5,6087727972.5
2025-08-01 09:16:13 AM,24789.9,0,0.0,6087727972.5
2025-08-01 09:16:14 AM,24784.7,0,0.0,6087727972.5
2025-08-01 09:16:14 AM,24790.0,0,0.0,6087727972.5
2025-08-01 09:16:14 AM,24790.0,450,11155500.0,6098883472.5
2025-08-01 09:16:14 AM,24785.0,300,7435500.0,6106318972.5
2025-08-01 09:16:15 AM,24785.6,1650,40896240.0,6147215212.5
2025-08-01 09:16:16 AM,24790.0,225,5577750.0,6152792962.5
2025-08-01 09:16:16 AM,24790.4,0,0.0,6152792962.5
2025-08-01 09:16:17 AM,24786.2,0,0.0,6152792962.5
2025-08-01 09:16:17 AM,24790.4,1275,31607760.0,6184400722.5
2025-08-01 09:16:18 AM,24785.2,0,0.0,6184400722.5
2025-08-01 09:16:18 AM,24790.0,3150,78088500.0,6262489222.5
2025-08-01 09:16:20 AM,24789.9,5325,132006217.50000001,6394495440.0
2025-08-01 09:16:20 AM,24786.9,75,1859017.5,6396354457.5
2025-08-01 09:16:20 AM,24790.7,0,0.0,6396354457.5
2025-08-01 09:16:21 AM,24789.3,0,0.0,6396354457.5
2025-08-01 09:16:21 AM,24789.5,0,0.0,6396354457.5
2025-08-01 09:16:21 AM,24787.8,525,13013595.0,6409368052.5
2025-08-01 09:16:21 AM,24785.0,150,3717750.0,6413085802.5
2025-08-01 09:16:22 AM,24790.6,0,0.0,6413085802.5
2025-08-01 09:16:23 AM,24787.8,0,0.0,6413085802.5
2025-08-01 09:16:23 AM,24787.8,375,9295425.0,6422381227.5
2025-08-01 09:16:24 AM,24789.4,0,0.0,6422381227.5
2025-08-01 09:16:24 AM,24788.0,0,0.0,6422381227.5
2025-08-01 09:16:24 AM,24788.0,675,16731900.0,6439113127.5
2025-08-01 09:16:25 AM,24785.0,300,7435500.0,6446548627.5
2025-08-01 09:16:26 AM,24789.0,0,0.0,6446548627.5
2025-08-01 09:16:26 AM,24789.0,375,9295875.0,6455844502.5
2025-08-01 09:16:27 AM,24789.2,0,0.0,6455844502.5
2025-08-01 09:16:27 AM,24789.5,0,0.0,6455844502.5
2025-08-01 09:16:27 AM,24789.5,1050,26028975.0,6481873477.5
2025-08-01 09:16:28 AM,24786.9,225,5577052.5,6487450530.0
2025-08-01 09:16:28 AM,24790.0,0,0.0,6487450530.0
2025-08-01 09:16:28 AM,24792.0,0,0.0,6487450530.0
2025-08-01 09:16:29 AM,24790.1,0,0.0,6487450530.0
2025-08-01 09:16:29 AM,24790.9,0,0.0,6487450530.0
2025-08-01 09:16:29 AM,24790.9,5175,128292907.50000001,6615743437.5
2025-08-01 09:16:30 AM,24787.8,0,0.0,6615743437.5
2025-08-01 09:16:30 AM,24786.1,0,0.0,6615743437.5
2025-08-01 09:16:30 AM,24786.1,900,22307490.0,6638050927.5
2025-08-01 09:16:31 AM,24787.1,0,0.0,6638050927.5
2025-08-01 09:16:32 AM,24785.0,0,0.0,6638050927.5
2025-08-01 09:16:32 AM,24785.0,1575,39036375.0,6677087302.5
2025-08-01 09:16:33 AM,24789.0,0,0.0,6677087302.5
2025-08-01 09:16:33 AM,24786.1,825,20448532.5,6697535835.0
2025-08-01 09:16:34 AM,24790.5,0,0.0,6697535835.0
2025-08-01 09:16:34 AM,24789.1,0,0.0,6697535835.0
2025-08-01 09:16:35 AM,24790.3,0,0.0,6697535835.0
2025-08-01 09:16:35 AM,24790.1,675,16733317.499999998,6714269152.5
2025-08-01 09:16:36 AM,24792.2,0,0.0,6714269152.5
2025-08-01 09:16:36 AM,24789.4,0,0.0,6714269152.5
2025-08-01 09:16:36 AM,24789.4,6000,148736400.0,6863005552.5
2025-08-01 09:16:36 AM,24789.4,75,1859205.0,6864864757.5
2025-08-01 09:16:38 AM,24789.2,0,0.0,6864864757.5
2025-08-01 09:16:38 AM,24789.2,1275,31606230.0,6896470987.5
2025-08-01 09:16:38 AM,24789.0,0,0.0,6896470987.5
2025-08-01 09:16:39 AM,24786.2,0,0.0,6896470987.5
2025-08-01 09:16:39 AM,24786.1,0,0.0,6896470987.5
2025-08-01 09:16:39 AM,24786.1,525,13012702.5,6909483690.0
2025-08-01 09:16:40 AM,24788.8,0,0.0,6909483690.0
2025-08-01 09:16:40 AM,24788.3,0,0.0,6909483690.0
2025-08-01 09:16:41 AM,24785.9,0,0.0,6909483690.0
2025-08-01 09:16:41 AM,24785.9,1425,35319907.5,6944803597.5
2025-08-01 09:16:41 AM,24785.9,75,1858942.5,6946662540.0
2025-08-01 09:16:41 AM,24786.0,0,0.0,6946662540.0
2025-08-01 09:16:42 AM,24785.4,0,0.0,6946662540.0
2025-08-01 09:16:42 AM,24785.7,0,0.0,6946662540.0
2025-08-01 09:16:42 AM,24785.7,300,7435710.0,6954098250.0
2025-08-01 09:16:42 AM,24787.3,225,5577142.5,6959675392.5
2025-08-01 09:16:43 AM,24786.9,0,0.0,6959675392.5
2025-08-01 09:16:44 AM,24788.9,2925,72507532.5,7032182925.0
2025-08-01 09:16:45 AM,24785.0,0,0.0,7032182925.0
2025-08-01 09:16:45 AM,24785.0,225,5576625.0,7037759550.0
2025-08-01 09:16:45 AM,24785.4,225,5576715.0,7043336265.0
2025-08-01 09:16:46 AM,24785.0,0,0.0,7043336265.0
2025-08-01 09:16:46 AM,24785.0,4500,111532500.0,7154868765.0
2025-08-01 09:16:47 AM,24785.6,0,0.0,7154868765.0
2025-08-01 09:16:48 AM,24785.7,0,0.0,7154868765.0
2025-08-01 09:16:48 AM,24785.7,1425,35319622.5,7190188387.5
2025-08-01 09:16:49 AM,24785.1,0,0.0,7190188387.5
2025-08-01 09:16:49 AM,24783.6,0,0.0,7190188387.5
2025-08-01 09:16:49 AM,24783.6,1725,42751710.0,7232940097.5
2025-08-01 09:16:50 AM,24783.9,75,1858792.5,7234798890.0
2025-08-01 09:16:50 AM,24781.0,0,0.0,7234798890.0
2025-08-01 09:16:51 AM,24785.1,0,0.0,7234798890.0
2025-08-01 09:16:51 AM,24780.3,0,0.0,7234798890.0
2025-08-01 09:16:51 AM,24785.7,3375,83651737.5,7318450627.5
2025-08-01 09:16:52 AM,24784.4,0,0.0,7318450627.5
2025-08-01 09:16:52 AM,24784.5,0,0.0,7318450627.5
2025-08-01 09:16:52 AM,24783.7,3000,74351100.0,7392801727.5
2025-08-01 09:16:53 AM,24783.3,0,0.0,7392801727.5
2025-08-01 09:16:54 AM,24780.2,0,0.0,7392801727.5
2025-08-01 09:16:54 AM,24782.3,0,0.0,7392801727.5
2025-08-01 09:16:54 AM,24782.3,225,5576017.5,7398377745.0
2025-08-01 09:16:55 AM,24780.6,0,0.0,7398377745.0
2025-08-01 09:16:55 AM,24781.2,0,0.0,7398377745.0
2025-08-01 09:16:56 AM,24780.0,1500,37170000.0,7435547745.0
2025-08-01 09:16:56 AM,24780.0,75,1858500.0,7437406245.0
2025-08-01 09:16:57 AM,24780.8,0,0.0,7437406245.0
2025-08-01 09:16:57 AM,24780.8,3375,83635200.0,7521041445.0
2025-08-01 09:16:58 AM,24780.0,0,0.0,7521041445.0
2025-08-01 09:16:59 AM,24779.8,6375,157971225.0,7679012670.0
2025-08-01 09:16:59 AM,24775.2,150,3716280.0,7682728950.0
2025-08-01 09:16:59 AM,24776.6,0,0.0,7682728950.0
2025-08-01 09:17:00 AM,24775.1,0,0.0,7682728950.0
2025-08-01 09:17:00 AM,24775.1,1350,33446384.999999996,7716175335.0
2025-08-01 09:17:00 AM,24775.2,75,1858140.0,7718033475.0
2025-08-01 09:17:01 AM,24775.1,0,0.0,7718033475.0
2025-08-01 09:17:02 AM,24775.2,900,22297680.0,7740331155.0
2025-08-01 09:17:02 AM,24776.4,150,3716460.0,7744047615.0
2025-08-01 09:17:02 AM,24775.2,0,0.0,7744047615.0
2025-08-01 09:17:03 AM,24776.3,0,0.0,7744047615.0
2025-08-01 09:17:03 AM,24776.3,2175,53888452.5,7797936067.5
2025-08-01 09:17:05 AM,24775.5,525,13007137.5,7810943205.0
2025-08-01 09:17:05 AM,24776.3,150,3716445.0,7814659650.0
2025-08-01 09:17:05 AM,24776.0,0,0.0,7814659650.0
2025-08-01 09:17:06 AM,24775.1,0,0.0,7814659650.0
2025-08-01 09:17:06 AM,24771.2,3600,89176320.0,7903835970.0
2025-08-01 09:17:06 AM,24774.1,0,0.0,7903835970.0
2025-08-01 09:17:07 AM,24774.2,0,0.0,7903835970.0
2025-08-01 09:17:07 AM,24774.4,0,0.0,7903835970.0
2025-08-01 09:17:08 AM,24773.8,3450,85469610.0,7989305580.0
2025-08-01 09:17:08 AM,24773.7,0,0.0,7989305580.0
2025-08-01 09:17:09 AM,24771.1,0,0.0,7989305580.0
2025-08-01 09:17:09 AM,24771.1,450,11146995.0,8000452575.0
2025-08-01 09:17:10 AM,24772.9,0,0.0,8000452575.0
2025-08-01 09:17:10 AM,24772.8,0,0.0,8000452575.0
2025-08-01 09:17:10 AM,24772.7,1050,26011335.0,8026463910.0
2025-08-01 09:17:10 AM,24771.1,75,1857832.5,8028321742.5
2025-08-01 09:17:12 AM,24772.9,0,0.0,8028321742.5
2025-08-01 09:17:12 AM,24771.1,1650,40872315.0,8069194057.5
2025-08-01 09:17:12 AM,24773.4,150,3716010.0,8072910067.5
2025-08-01 09:17:13 AM,24773.3,0,0.0,8072910067.5
2025-08-01 09:17:13 AM,24773.0,4500,111478500.0,8184388567.5
2025-08-01 09:17:14 AM,24773.7,0,0.0,8184388567.5
2025-08-01 09:17:14 AM,24776.7,0,0.0,8184388567.5
2025-08-01 09:17:15 AM,24773.1,0,0.0,8184388567.5
2025-08-01 09:17:15 AM,24773.1,300,7431930.0,8191820497.5
2025-08-01 09:17:16 AM,24776.0,0,0.0,8191820497.5
2025-08-01 09:17:16 AM,24777.2,0,0.0,8191820497.5
2025-08-01 09:17:16 AM,24776.0,2100,52029600.0,8243850097.5
2025-08-01 09:17:17 AM,24775.9,0,0.0,8243850097.5
2025-08-01 09:17:18 AM,24774.9,0,0.0,8243850097.5
2025-08-01 09:17:18 AM,24774.8,1050,26013540.0,8269863637.5
2025-08-01 09:17:19 AM,24773.5,0,0.0,8269863637.5
2025-08-01 09:17:19 AM,24773.5,225,5574037.5,8275437675.0
2025-08-01 09:17:19 AM,24772.9,600,14863740.0,8290301415.0
2025-08-01 09:17:20 AM,24773.6,0,0.0,8290301415.0
2025-08-01 09:17:20 AM,24773.1,0,0.0,8290301415.0
2025-08-01 09:17:21 AM,24773.6,0,0.0,8290301415.0
2025-08-01 09:17:21 AM,24773.0,600,14863800.0,8305165215.0
2025-08-01 09:17:22 AM,24772.8,0,0.0,8305165215.0
2025-08-01 09:17:22 AM,24775.0,0,0.0,8305165215.0
2025-08-01 09:17:22 AM,24775.0,1125,27871875.0,8333037090.0
2025-08-01 09:17:23 AM,24775.1,0,0.0,8333037090.0
2025-08-01 09:17:24 AM,24779.0,0,0.0,8333037090.0
2025-08-01 09:17:24 AM,24777.3,2175,53890627.5,8386927717.5
2025-08-01 09:17:24 AM,24777.4,150,3716610.0,8390644327.5
2025-08-01 09:17:24 AM,24774.8,0,0.0,8390644327.5
2025-08-01 09:17:25 AM,24779.2,0,0.0,8390644327.5
2025-08-01 09:17:25 AM,24775.0,0,0.0,8390644327.5
2025-08-01 09:17:25 AM,24775.0,7875,195103125.0,8585747452.5
2025-08-01 09:17:26 AM,24777.0,0,0.0,8585747452.5
2025-08-01 09:17:27 AM,24780.0,0,0.0,8585747452.5
2025-08-01 09:17:27 AM,24779.3,600,14867580.0,8600615032.5
2025-08-01 09:17:27 AM,24780.0,0,0.0,8600615032.5
2025-08-01 09:17:28 AM,24781.0,0,0.0,8600615032.5
2025-08-01 09:17:28 AM,24780.0,0,0.0,8600615032.5
2025-08-01 09:17:28 AM,24780.0,1275,31594500.0,8632209532.5
2025-08-01 09:17:29 AM,24780.1,0,0.0,8632209532.5
2025-08-01 09:17:29 AM,24781.1,0,0.0,8632209532.5
2025-08-01 09:17:30 AM,24785.0,0,0.0,8632209532.5
2025-08-01 09:17:30 AM,24781.7,2025,50182942.5,8682392475.0
2025-08-01 09:17:30 AM,24785.0,75,1858875.0,8684251350.0
2025-08-01 09:17:31 AM,24785.2,0,0.0,8684251350.0
2025-08-01 09:17:31 AM,24782.1,0,0.0,8684251350.0
2025-08-01 09:17:31 AM,24782.1,2250,55759725.0,8740011075.0
2025-08-01 09:17:32 AM,24782.4,0,0.0,8740011075.0
2025-08-01 09:17:33 AM,24786.0,0,0.0,8740011075.0
2025-08-01 09:17:33 AM,24786.1,3900,96665790.0,8836676865.0
2025-08-01 09:17:33 AM,24786.0,0,0.0,8836676865.0
2025-08-01 09:17:34 AM,24784.3,0,0.0,8836676865.0
2025-08-01 09:17:34 AM,24780.1,0,0.0,8836676865.0
2025-08-01 09:17:34 AM,24780.1,3000,74340300.0,8911017165.0
2025-08-01 09:17:35 AM,24780.6,0,0.0,8911017165.0
2025-08-01 09:17:36 AM,24784.3,0,0.0,8911017165.0
2025-08-01 09:17:36 AM,24780.9,900,22302810.0,8933319975.0
2025-08-01 09:17:37 AM,24784.1,0,0.0,8933319975.0
2025-08-01 09:17:37 AM,24784.1,675,16729267.499999998,8950049242.5
2025-08-01 09:17:38 AM,24785.1,1800,44613180.0,8994662422.5
2025-08-01 09:17:38 AM,24785.3,0,0.0,8994662422.5
2025-08-01 09:17:39 AM,24784.1,0,0.0,8994662422.5
2025-08-01 09:17:39 AM,24784.5,450,11153025.0,9005815447.5
2025-08-01 09:17:40 AM,24780.6,2700,66907619.99999999,9072723067.5
2025-08-01 09:17:41 AM,24784.1,0,0.0,9072723067.5
2025-08-01 09:17:41 AM,24784.4,0,0.0,9072723067.5
2025-08-01 09:17:42 AM,24784.5,0,0.0,9072723067.5
2025-08-01 09:17:42 AM,24784.5,750,18588375.0,9091311442.5
2025-08-01 09:17:43 AM,24784.6,0,0.0,9091311442.5
2025-08-01 09:17:43 AM,24784.6,900,22306140.0,9113617582.5
2025-08-01 09:17:44 AM,24785.0,0,0.0,9113617582.5
2025-08-01 09:17:45 AM,24784.6,0,0.0,9113617582.5
2025-08-01 09:17:45 AM,24784.6,1350,33459209.999999996,9147076792.5
2025-08-01 09:17:46 AM,24784.7,0,0.0,9147076792.5
2025-08-01 09:17:46 AM,24784.6,0,0.0,9147076792.5
2025-08-01 09:17:46 AM,24784.6,1800,44612280.0,9191689072.5
2025-08-01 09:17:47 AM,24784.7,0,0.0,9191689072.5
2025-08-01 09:17:47 AM,24784.6,0,0.0,9191689072.5
2025-08-01 09:17:48 AM,24784.7,1050,26023935.0,9217713007.5
2025-08-01 09:17:48 AM,24784.9,0,0.0,9217713007.5
2025-08-01 09:17:49 AM,24784.8,0,0.0,9217713007.5
2025-08-01 09:17:49 AM,24784.9,1575,39036217.5,9256749225.0
2025-08-01 09:17:50 AM,24784.8,0,0.0,9256749225.0
2025-08-01 09:17:50 AM,24784.8,675,16729740.0,9273478965.0
2025-08-01 09:17:51 AM,24785.0,150,3717750.0,9277196715.0
2025-08-01 09:17:52 AM,24784.9,0,0.0,9277196715.0
2025-08-01 09:17:52 AM,24784.9,975,24165277.5,9301361992.5
2025-08-01 09:17:52 AM,24784.3,2175,53905852.5,9355267845.0
2025-08-01 09:17:52 AM,24780.9,0,0.0,9355267845.0
2025-08-01 09:17:53 AM,24782.0,0,0.0,9355267845.0
2025-08-01 09:17:53 AM,24782.1,0,0.0,9355267845.0
2025-08-01 09:17:53 AM,24782.1,1950,48325095.0,9403592940.0
2025-08-01 09:17:54 AM,24782.2,0,0.0,9403592940.0
2025-08-01 09:17:54 AM,24781.9,0,0.0,9403592940.0
2025-08-01 09:17:55 AM,24782.4,0,0.0,9403592940.0
2025-08-01 09:17:55 AM,24782.2,3000,74346600.0,9477939540.0
2025-08-01 09:17:56 AM,24782.0,0,0.0,9477939540.0
2025-08-01 09:17:56 AM,24781.1,0,0.0,9477939540.0
2025-08-01 09:17:56 AM,24781.1,300,7434330.0,9485373870.0
2025-08-01 09:17:56 AM,24782.1,75,1858657.5,9487232527.5
2025-08-01 09:17:57 AM,24782.5,0,0.0,9487232527.5
2025-08-01 09:17:57 AM,24784.5,0,0.0,9487232527.5
2025-08-01 09:17:58 AM,24779.2,0,0.0,9487232527.5
2025-08-01 09:17:58 AM,24779.2,3825,94780440.0,9582012967.5
2025-08-01 09:17:59 AM,24780.6,0,0.0,9582012967.5
2025-08-01 09:17:59 AM,24780.6,375,9292725.0,9591305692.5
2025-08-01 09:18:00 AM,24779.3,75,1858447.5,9593164140.0
2025-08-01 09:18:00 AM,24780.0,0,0.0,9593164140.0
2025-08-01 09:18:01 AM,24779.2,0,0.0,9593164140.0
2025-08-01 09:18:01 AM,24779.2,450,11150640.0,9604314780.0
2025-08-01 09:18:01 AM,24779.3,75,1858447.5,9606173227.5
2025-08-01 09:18:02 AM,24779.7,0,0.0,9606173227.5
2025-08-01 09:18:02 AM,24779.3,450,11150685.0,9617323912.5
2025-08-01 09:18:03 AM,24779.3,675,16726027.5,9634049940.0
2025-08-01 09:18:03 AM,24779.6,0,0.0,9634049940.0
2025-08-01 09:18:04 AM,24779.3,0,0.0,9634049940.0
2025-08-01 09:18:04 AM,24779.3,825,20442922.5,9654492862.5
2025-08-01 09:18:05 AM,24778.9,0,0.0,9654492862.5
2025-08-01 09:18:05 AM,24779.1,2325,57611407.5,9712104270.0
2025-08-01 09:18:05 AM,24779.0,0,0.0,9712104270.0
2025-08-01 09:18:05 AM,24779.0,75,1858425.0,9713962695.0
2025-08-01 09:18:06 AM,24779.1,0,0.0,9713962695.0
2025-08-01 09:18:07 AM,24776.8,1050,26015640.0,9739978335.0
2025-08-01 09:18:08 AM,24776.8,900,22299120.0,9762277455.0
2025-08-01 09:18:08 AM,24777.4,150,3716610.0,9765994065.0
2025-08-01 09:18:09 AM,24774.6,0,0.0,9765994065.0
2025-08-01 09:18:10 AM,24775.1,4875,120778612.5,9886772677.5
2025-08-01 09:18:10 AM,24776.1,0,0.0,9886772677.5
2025-08-01 09:18:10 AM,24776.1,300,7432830.0,9894205507.5
2025-08-01 09:18:10 AM,24778.4,0,0.0,9894205507.5
2025-08-01 09:18:11 AM,24778.9,0,0.0,9894205507.5
2025-08-01 09:18:11 AM,24778.2,4650,115218630.0,10009424137.5
2025-08-01 09:18:12 AM,24777.3,0,0.0,10009424137.5
2025-08-01 09:18:13 AM,24777.3,150,3716595.0,10013140732.5
2025-08-01 09:18:15 AM,24778.0,0,0.0,10013140732.5
2025-08-01 09:18:16 AM,24778.7,0,0.0,10013140732.5
2025-08-01 09:18:16 AM,24779.0,1800,44602200.0,10057742932.5
2025-08-01 09:18:17 AM,24779.4,0,0.0,10057742932.5
2025-08-01 09:18:17 AM,24780.2,0,0.0,10057742932.5
2025-08-01 09:18:18 AM,24777.6,525,13008240.0,10070751172.5
2025-08-01 09:18:18 AM,24777.6,75,1858320.0,10072609492.5
2025-08-01 09:18:18 AM,24777.3,0,0.0,10072609492.5
2025-08-01 09:18:19 AM,24775.3,0,0.0,10072609492.5
2025-08-01 09:18:19 AM,24778.0,0,0.0,10072609492.5
2025-08-01 09:18:19 AM,24778.1,825,20441932.5,10093051425.0
2025-08-01 09:18:20 AM,24779.0,0,0.0,10093051425.0
2025-08-01 09:18:21 AM,24780.1,0,0.0,10093051425.0
2025-08-01 09:18:21 AM,24782.5,1425,35315062.5,10128366487.5
2025-08-01 09:18:22 AM,24781.2,0,0.0,10128366487.5
2025-08-01 09:18:23 AM,24781.3,375,9292987.5,10137659475.0
2025-08-01 09:18:23 AM,24784.5,0,0.0,10137659475.0
2025-08-01 09:18:24 AM,24784.5,675,16729537.5,10154389012.5
2025-08-01 09:18:26 AM,24785.7,0,0.0,10154389012.5
2025-08-01 09:18:26 AM,24785.9,1125,27884137.5,10182273150.0
2025-08-01 09:18:27 AM,24786.0,0,0.0,10182273150.0
2025-08-01 09:18:28 AM,24785.9,300,7435770.0,10189708920.0
2025-08-01 09:18:28 AM,24787.0,0,0.0,10189708920.0
2025-08-01 09:18:29 AM,24784.5,0,0.0,10189708920.0
2025-08-01 09:18:29 AM,24784.5,1800,44612100.0,10234321020.0
2025-08-01 09:18:30 AM,24783.4,150,3717510.0,10238038530.0
2025-08-01 09:18:31 AM,24783.2,0,0.0,10238038530.0
2025-08-01 09:18:31 AM,24783.1,675,16728592.499999998,10254767122.5
2025-08-01 09:18:31 AM,24783.3,75,1858747.5,10256625870.0
2025-08-01 09:18:32 AM,24783.1,0,0.0,10256625870.0
2025-08-01 09:18:33 AM,24783.1,1275,31598452.5,10288224322.5
2025-08-01 09:18:33 AM,24783.7,0,0.0,10288224322.5
2025-08-01 09:18:33 AM,24783.7,75,1858777.5,10290083100.0
2025-08-01 09:18:33 AM,24784.0,0,0.0,10290083100.0
2025-08-01 09:18:34 AM,24783.8,0,0.0,10290083100.0
2025-08-01 09:18:34 AM,24784.4,0,0.0,10290083100.0
2025-08-01 09:18:34 AM,24784.4,1125,27882450.0,10317965550.0
2025-08-01 09:18:35 AM,24783.8,0,0.0,10317965550.0
2025-08-01 09:18:36 AM,24783.7,975,24164107.5,10342129657.5
2025-08-01 09:18:36 AM,24783.1,375,9293662.5,10351423320.0
2025-08-01 09:18:37 AM,24783.0,0,0.0,10351423320.0
2025-08-01 09:18:38 AM,24783.0,525,13011075.0,10364434395.0
2025-08-01 09:18:39 AM,24783.1,0,0.0,10364434395.0
2025-08-01 09:18:39 AM,24783.0,0,0.0,10364434395.0
2025-08-01 09:18:39 AM,24783.0,900,22304700.0,10386739095.0
2025-08-01 09:18:40 AM,24782.5,0,0.0,10386739095.0
2025-08-01 09:18:41 AM,24783.0,0,0.0,10386739095.0
2025-08-01 09:18:41 AM,24783.0,675,16728525.0,10403467620.0
2025-08-01 09:18:41 AM,24782.4,75,1858680.0,10405326300.0
2025-08-01 09:18:42 AM,24783.5,0,0.0,10405326300.0
2025-08-01 09:18:42 AM,24781.1,0,0.0,10405326300.0
2025-08-01 09:18:43 AM,24780.2,2775,68765055.0,10474091355.0
2025-08-01 09:18:44 AM,24780.0,0,0.0,10474091355.0
2025-08-01 09:18:44 AM,24780.0,2775,68764500.0,10542855855.0
2025-08-01 09:18:45 AM,24779.5,0,0.0,10542855855.0
2025-08-01 09:18:46 AM,24779.0,0,0.0,10542855855.0
2025-08-01 09:18:46 AM,24779.0,675,16725825.0,10559581680.0
2025-08-01 09:18:47 AM,24779.4,0,0.0,10559581680.0
2025-08-01 09:18:48 AM,24779.5,750,18584625.0,10578166305.0
2025-08-01 09:18:48 AM,24780.0,0,0.0,10578166305.0
2025-08-01 09:18:48 AM,24779.5,375,9292312.5,10587458617.5
2025-08-01 09:18:48 AM,24780.0,0,0.0,10587458617.5
2025-08-01 09:18:49 AM,24783.2,0,0.0,10587458617.5
2025-08-01 09:18:49 AM,24783.2,1875,46468500.0,10633927117.5
2025-08-01 09:18:50 AM,24784.0,0,0.0,10633927117.5
2025-08-01 09:18:50 AM,24785.0,0,0.0,10633927117.5
2025-08-01 09:18:51 AM,24784.1,0,0.0,10633927117.5
2025-08-01 09:18:51 AM,24785.0,1500,37177500.0,10671104617.5
2025-08-01 09:18:52 AM,24784.3,0,0.0,10671104617.5
2025-08-01 09:18:52 AM,24784.9,0,0.0,10671104617.5
2025-08-01 09:18:53 AM,24784.9,825,20447542.5,10691552160.0
2025-08-01 09:18:53 AM,24784.9,150,3717735.0,10695269895.0
2025-08-01 09:18:53 AM,24785.0,0,0.0,10695269895.0
2025-08-01 09:18:54 AM,24785.3,0,0.0,10695269895.0
2025-08-01 09:18:54 AM,24785.9,0,0.0,10695269895.0
2025-08-01 09:18:54 AM,24785.9,450,11153655.0,10706423550.0
2025-08-01 09:18:54 AM,24784.0,975,24164400.0,10730587950.0
2025-08-01 09:18:55 AM,24784.5,0,0.0,10730587950.0
2025-08-01 09:18:55 AM,24784.7,0,0.0,10730587950.0
2025-08-01 09:18:56 AM,24784.6,0,0.0,10730587950.0
2025-08-01 09:18:56 AM,24784.6,525,13011915.0,10743599865.0
2025-08-01 09:18:56 AM,24784.7,150,3717705.0,10747317570.0
2025-08-01 09:18:57 AM,24787.1,0,0.0,10747317570.0
2025-08-01 09:18:58 AM,24785.1,1275,31601002.5,10778918572.5
2025-08-01 09:18:58 AM,24787.4,0,0.0,10778918572.5
2025-08-01 09:18:59 AM,24786.1,0,0.0,10778918572.5
2025-08-01 09:18:59 AM,24786.1,150,3717915.0,10782636487.5
2025-08-01 09:19:00 AM,24786.0,0,0.0,10782636487.5
2025-08-01 09:19:01 AM,24785.1,0,0.0,10782636487.5
2025-08-01 09:19:01 AM,24786.3,750,18589725.0,10801226212.5
2025-08-01 09:19:02 AM,24785.1,0,0.0,10801226212.5
2025-08-01 09:19:03 AM,24783.1,1725,42750847.5,10843977060.0
2025-08-01 09:19:04 AM,24784.6,0,0.0,10843977060.0
2025-08-01 09:19:04 AM,24784.6,300,7435380.0,10851412440.0
2025-08-01 09:19:05 AM,24784.1,0,0.0,10851412440.0
2025-08-01 09:19:06 AM,24783.3,0,0.0,10851412440.0
2025-08-01 09:19:06 AM,24783.2,1200,29739840.0,10881152280.0
2025-08-01 09:19:06 AM,24780.2,0,0.0,10881152280.0
2025-08-01 09:19:07 AM,24783.1,0,0.0,10881152280.0
2025-08-01 09:19:08 AM,24783.1,1425,35315917.5,10916468197.5
2025-08-01 09:19:09 AM,24783.1,375,9293662.5,10925761860.0
2025-08-01 09:19:10 AM,24781.4,0,0.0,10925761860.0
2025-08-01 09:19:10 AM,24785.0,0,0.0,10925761860.0
2025-08-01 09:19:11 AM,24784.7,0,0.0,10925761860.0
2025-08-01 09:19:11 AM,24786.0,2325,57627450.0,10983389310.0
2025-08-01 09:19:12 AM,24784.9,0,0.0,10983389310.0
2025-08-01 09:19:12 AM,24783.5,0,0.0,10983389310.0
2025-08-01 09:19:13 AM,24783.2,1275,31598580.0,11014987890.0
2025-08-01 09:19:13 AM,24784.0,75,1858800.0,11016846690.0
2025-08-01 09:19:14 AM,24783.8,0,0.0,11016846690.0
2025-08-01 09:19:14 AM,24783.1,0,0.0,11016846690.0
2025-08-01 09:19:14 AM,24783.2,825,20446140.0,11037292830.0
2025-08-01 09:19:14 AM,24783.3,150,3717495.0,11041010325.0
2025-08-01 09:19:15 AM,24783.9,0,0.0,11041010325.0
2025-08-01 09:19:16 AM,24783.9,75,1858792.5,11042869117.5
2025-08-01 09:19:17 AM,24783.5,0,0.0,11042869117.5
2025-08-01 09:19:18 AM,24783.5,1500,37175250.0,11080044367.5
2025-08-01 09:19:19 AM,24785.0,0,0.0,11080044367.5
2025-08-01 09:19:19 AM,24785.0,975,24165375.0,11104209742.5
2025-08-01 09:19:19 AM,24785.0,75,1858875.0,11106068617.5
2025-08-01 09:19:20 AM,24786.1,0,0.0,11106068617.5
2025-08-01 09:19:20 AM,24787.4,0,0.0,11106068617.5
2025-08-01 09:19:21 AM,24786.0,525,13012650.0,11119081267.5
2025-08-01 09:19:21 AM,24788.0,300,7436400.0,11126517667.5
2025-08-01 09:19:23 AM,24788.9,1125,27887512.5,11154405180.0
2025-08-01 09:19:23 AM,24789.0,0,0.0,11154405180.0
2025-08-01 09:19:24 AM,24790.0,2625,65073750.0,11219478930.0
2025-08-01 09:19:24 AM,24792.0,0,0.0,11219478930.0
2025-08-01 09:19:25 AM,24792.1,0,0.0,11219478930.0
2025-08-01 09:19:26 AM,24794.0,675,16735950.0,11236214880.0
2025-08-01 09:19:26 AM,24794.8,0,0.0,11236214880.0
2025-08-01 09:19:26 AM,24794.8,150,3719220.0,11239934100.0
2025-08-01 09:19:28 AM,24794.8,1200,29753760.0,11269687860.0
2025-08-01 09:19:28 AM,24794.8,75,1859610.0,11271547470.0
2025-08-01 09:19:28 AM,24793.8,0,0.0,11271547470.0
2025-08-01 09:19:29 AM,24794.8,0,0.0,11271547470.0
2025-08-01 09:19:29 AM,24795.0,0,0.0,11271547470.0
2025-08-01 09:19:29 AM,24795.0,1275,31613625.0,11303161095.0
2025-08-01 09:19:29 AM,24795.0,75,1859625.0,11305020720.0
2025-08-01 09:19:30 AM,24794.2,0,0.0,11305020720.0
2025-08-01 09:19:31 AM,24794.2,150,3719130.0,11308739850.0
2025-08-01 09:19:31 AM,24793.3,75,1859497.5,11310599347.5
2025-08-01 09:19:32 AM,24792.1,0,0.0,11310599347.5
2025-08-01 09:19:33 AM,24793.3,1575,39049447.5,11349648795.0
2025-08-01 09:19:33 AM,24793.2,0,0.0,11349648795.0
2025-08-01 09:19:33 AM,24794.5,0,0.0,11349648795.0
2025-08-01 09:19:34 AM,24794.8,0,0.0,11349648795.0
2025-08-01 09:19:34 AM,24794.8,1350,33472980.0,11383121775.0
2025-08-01 09:19:35 AM,24794.3,0,0.0,11383121775.0
2025-08-01 09:19:35 AM,24793.3,0,0.0,11383121775.0
2025-08-01 09:19:36 AM,24792.3,750,18594225.0,11401716000.0
2025-08-01 09:19:36 AM,24793.3,75,1859497.5,11403575497.5
2025-08-01 09:19:37 AM,24790.7,0,0.0,11403575497.5
2025-08-01 09:19:38 AM,24790.7,825,20452327.5,11424027825.0
2025-08-01 09:19:38 AM,24791.0,0,0.0,11424027825.0
2025-08-01 09:19:39 AM,24794.8,0,0.0,11424027825.0
2025-08-01 09:19:39 AM,24793.3,0,0.0,11424027825.0
2025-08-01 09:19:39 AM,24793.3,1200,29751960.0,11453779785.0
2025-08-01 09:19:39 AM,24794.9,225,5578852.5,11459358637.5
2025-08-01 09:19:41 AM,24791.2,300,7437360.0,11466795997.5
2025-08-01 09:19:41 AM,24792.0,150,3718800.0,11470514797.5
2025-08-01 09:19:42 AM,24791.0,0,0.0,11470514797.5
2025-08-01 09:19:43 AM,24791.0,225,5577975.0,11476092772.5
2025-08-01 09:19:43 AM,24791.7,0,0.0,11476092772.5
2025-08-01 09:19:44 AM,24791.6,0,0.0,11476092772.5
2025-08-01 09:19:44 AM,24791.6,225,5578110.0,11481670882.5
2025-08-01 09:19:45 AM,24791.7,0,0.0,11481670882.5
2025-08-01 09:19:46 AM,24792.0,825,20453400.0,11502124282.5
2025-08-01 09:19:46 AM,24792.0,75,1859400.0,11503983682.5
2025-08-01 09:19:48 AM,24792.0,525,13015800.0,11516999482.5
2025-08-01 09:19:49 AM,24793.1,0,0.0,11516999482.5
2025-08-01 09:19:49 AM,24793.1,525,13016377.5,11530015860.0
2025-08-01 09:19:50 AM,24793.7,0,0.0,11530015860.0
2025-08-01 09:19:51 AM,24793.9,225,5578627.5,11535594487.5
2025-08-01 09:19:52 AM,24794.3,0,0.0,11535594487.5
2025-08-01 09:19:53 AM,24794.5,675,16736287.5,11552330775.0
2025-08-01 09:19:54 AM,24793.9,0,0.0,11552330775.0
2025-08-01 09:19:54 AM,24793.7,0,0.0,11552330775.0
2025-08-01 09:19:54 AM,24793.8,450,11157210.0,11563487985.0
2025-08-01 09:19:54 AM,24793.1,525,13016377.5,11576504362.5
2025-08-01 09:19:55 AM,24792.0,0,0.0,11576504362.5
2025-08-01 09:19:55 AM,24792.3,0,0.0,11576504362.5
2025-08-01 09:19:56 AM,24791.8,0,0.0,11576504362.5
2025-08-01 09:19:56 AM,24791.8,600,14875080.0,11591379442.5
2025-08-01 09:19:56 AM,24792.1,0,0.0,11591379442.5
2025-08-01 09:19:57 AM,24792.1,2475,61360447.5,11652739890.0
2025-08-01 09:19:58 AM,24792.1,150,3718815.0,11656458705.0
2025-08-01 09:19:59 AM,24791.8,0,0.0,11656458705.0
2025-08-01 09:19:59 AM,24792.1,675,16734667.499999998,11673193372.5
2025-08-01 09:20:00 AM,24789.0,0,0.0,11673193372.5
2025-08-01 09:20:01 AM,24786.4,0,0.0,11673193372.5
2025-08-01 09:20:01 AM,24786.4,15750,390385800.0,12063579172.5
2025-08-01 09:20:01 AM,24784.0,10575,262090800.0,12325669972.5
2025-08-01 09:20:01 AM,24785.3,0,0.0,12325669972.5
2025-08-01 09:20:02 AM,24792.0,0,0.0,12325669972.5
2025-08-01 09:20:02 AM,24786.9,0,0.0,12325669972.5
2025-08-01 09:20:02 AM,24785.6,4275,105958440.0,12431628412.5
2025-08-01 09:20:03 AM,24784.5,0,0.0,12431628412.5
2025-08-01 09:20:04 AM,24789.7,0,0.0,12431628412.5
2025-08-01 09:20:04 AM,24789.7,525,13014592.5,12444643005.0
2025-08-01 09:20:04 AM,24789.7,825,20451502.5,12465094507.5
2025-08-01 09:20:05 AM,24789.2,0,0.0,12465094507.5
2025-08-01 09:20:05 AM,24785.0,0,0.0,12465094507.5
2025-08-01 09:20:06 AM,24788.3,12300,304896090.0,12769990597.5
2025-08-01 09:20:06 AM,24788.5,225,5577412.5,12775568010.0
2025-08-01 09:20:07 AM,24787.2,0,0.0,12775568010.0
2025-08-01 09:20:07 AM,24787.5,150,3718125.0,12779286135.0
2025-08-01 09:20:08 AM,24789.4,0,0.0,12779286135.0
2025-08-01 09:20:09 AM,24789.4,375,9296025.0,12788582160.0
2025-08-01 09:20:09 AM,24789.4,150,3718410.0,12792300570.0
2025-08-01 09:20:10 AM,24788.9,0,0.0,12792300570.0
2025-08-01 09:20:11 AM,24789.0,0,0.0,12792300570.0
2025-08-01 09:20:11 AM,24789.0,150,3718350.0,12796018920.0
2025-08-01 09:20:11 AM,24787.8,0,0.0,12796018920.0
2025-08-01 09:20:12 AM,24787.5,0,0.0,12796018920.0
2025-08-01 09:20:12 AM,24788.0,0,0.0,12796018920.0
2025-08-01 09:20:12 AM,24788.0,900,22309200.0,12818328120.0
2025-08-01 09:20:13 AM,24785.6,0,0.0,12818328120.0
2025-08-01 09:20:14 AM,24784.5,0,0.0,12818328120.0
2025-08-01 09:20:14 AM,24785.6,1800,44614080.0,12862942200.0
2025-08-01 09:20:16 AM,24785.0,225,5576625.0,12868518825.0
2025-08-01 09:20:16 AM,24785.6,0,0.0,12868518825.0
2025-08-01 09:20:17 AM,24785.6,750,18589200.0,12887108025.0
2025-08-01 09:20:17 AM,24785.5,0,0.0,12887108025.0
2025-08-01 09:20:18 AM,24785.5,75,1858912.5,12888966937.5
2025-08-01 09:20:18 AM,24785.0,0,0.0,12888966937.5
2025-08-01 09:20:19 AM,24787.8,0,0.0,12888966937.5
2025-08-01 09:20:19 AM,24787.8,1125,27886275.0,12916853212.5
2025-08-01 09:20:20 AM,24785.6,0,0.0,12916853212.5
2025-08-01 09:20:21 AM,24785.0,375,9294375.0,12926147587.5
2025-08-01 09:20:22 AM,24785.0,75,1858875.0,12928006462.5
2025-08-01 09:20:22 AM,24788.0,0,0.0,12928006462.5
2025-08-01 09:20:23 AM,24788.0,150,3718200.0,12931724662.5
2025-08-01 09:20:23 AM,24785.3,0,0.0,12931724662.5
2025-08-01 09:20:23 AM,24785.2,0,0.0,12931724662.5
2025-08-01 09:20:24 AM,24789.8,0,0.0,12931724662.5
2025-08-01 09:20:24 AM,24789.8,825,20451585.0,12952176247.5
2025-08-01 09:20:25 AM,24785.7,0,0.0,12952176247.5
2025-08-01 09:20:25 AM,24789.7,0,0.0,12952176247.5
2025-08-01 09:20:26 AM,24789.7,375,9296137.5,12961472385.0
2025-08-01 09:20:26 AM,24789.7,300,7436910.0,12968909295.0
2025-08-01 09:20:27 AM,24789.9,0,0.0,12968909295.0
2025-08-01 09:20:27 AM,24789.9,150,3718485.0,12972627780.0
2025-08-01 09:20:28 AM,24787.8,0,0.0,12972627780.0
2025-08-01 09:20:28 AM,24790.0,0,0.0,12972627780.0
2025-08-01 09:20:29 AM,24788.0,0,0.0,12972627780.0
2025-08-01 09:20:29 AM,24788.0,1500,37182000.0,13009809780.0
2025-08-01 09:20:30 AM,24789.8,0,0.0,13009809780.0
2025-08-01 09:20:31 AM,24790.0,975,24170250.0,13033980030.0
2025-08-01 09:20:32 AM,24792.0,0,0.0,13033980030.0
2025-08-01 09:20:32 AM,24792.0,300,7437600.0,13041417630.0
2025-08-01 09:20:33 AM,24794.9,825,20455792.5,13061873422.5
2025-08-01 09:20:33 AM,24795.0,0,0.0,13061873422.5
2025-08-01 09:20:34 AM,24795.0,2100,52069500.0,13113942922.5
2025-08-01 09:20:35 AM,24794.8,0,0.0,13113942922.5
2025-08-01 09:20:36 AM,24790.1,375,9296287.5,13123239210.0
2025-08-01 09:20:36 AM,24795.0,0,0.0,13123239210.0
2025-08-01 09:20:37 AM,24792.0,0,0.0,13123239210.0
2025-08-01 09:20:37 AM,24792.0,600,14875200.0,13138114410.0
2025-08-01 09:20:40 AM,24794.9,0,0.0,13138114410.0
2025-08-01 09:20:41 AM,24794.9,225,5578852.5,13143693262.5
2025-08-01 09:20:42 AM,24795.0,0,0.0,13143693262.5
2025-08-01 09:20:42 AM,24794.0,750,18595500.0,13162288762.5
2025-08-01 09:20:43 AM,24794.9,0,0.0,13162288762.5
2025-08-01 09:20:44 AM,24796.0,0,0.0,13162288762.5
2025-08-01 09:20:44 AM,24796.0,2325,57650700.0,13219939462.5
2025-08-01 09:20:45 AM,24798.0,0,0.0,13219939462.5
2025-08-01 09:20:45 AM,24796.2,0,0.0,13219939462.5
2025-08-01 09:20:46 AM,24798.0,1800,44636400.0,13264575862.5
2025-08-01 09:20:47 AM,24798.0,1275,31617450.0,13296193312.5
2025-08-01 09:20:48 AM,24795.5,0,0.0,13296193312.5
2025-08-01 09:20:48 AM,24797.9,0,0.0,13296193312.5
2025-08-01 09:20:49 AM,24798.0,0,0.0,13296193312.5
2025-08-01 09:20:49 AM,24798.0,1050,26037900.0,13322231212.5
2025-08-01 09:20:49 AM,24797.9,0,0.0,13322231212.5
2025-08-01 09:20:49 AM,24797.9,1500,37196850.0,13359428062.5
2025-08-01 09:20:50 AM,24798.9,0,0.0,13359428062.5
2025-08-01 09:20:50 AM,24798.3,0,0.0,13359428062.5
2025-08-01 09:20:51 AM,24798.9,1200,29758680.0,13389186742.5
2025-08-01 09:20:51 AM,24798.8,0,0.0,13389186742.5
2025-08-01 09:20:52 AM,24800.0,0,0.0,13389186742.5
2025-08-01 09:20:52 AM,24800.0,5250,130200000.0,13519386742.5
2025-08-01 09:20:53 AM,24797.9,0,0.0,13519386742.5
2025-08-01 09:20:53 AM,24800.0,0,0.0,13519386742.5
2025-08-01 09:20:54 AM,24800.0,600,14880000.0,13534266742.5
2025-08-01 09:20:54 AM,24800.0,75,1860000.0,13536126742.5
2025-08-01 09:20:56 AM,24798.9,750,18599175.0,13554725917.5
2025-08-01 09:20:57 AM,24800.0,0,0.0,13554725917.5
2025-08-01 09:20:57 AM,24804.9,0,0.0,13554725917.5
2025-08-01 09:20:57 AM,24804.9,4950,122784255.0,13677510172.5
2025-08-01 09:20:58 AM,24800.3,0,0.0,13677510172.5
2025-08-01 09:20:58 AM,24801.0,0,0.0,13677510172.5
2025-08-01 09:20:59 AM,24800.8,0,0.0,13677510172.5
2025-08-01 09:20:59 AM,24800.8,1875,46501500.0,13724011672.5
2025-08-01 09:20:59 AM,24805.0,0,0.0,13724011672.5
2025-08-01 09:20:59 AM,24805.0,750,18603750.0,13742615422.5
2025-08-01 09:21:00 AM,24800.1,0,0.0,13742615422.5
2025-08-01 09:21:01 AM,24802.1,225,5580472.5,13748195895.0
2025-08-01 09:21:01 AM,24804.0,0,0.0,13748195895.0
2025-08-01 09:21:02 AM,24800.0,0,0.0,13748195895.0
2025-08-01 09:21:02 AM,24802.1,0,0.0,13748195895.0
2025-08-01 09:21:02 AM,24800.9,600,14880540.0,13763076435.0
2025-08-01 09:21:02 AM,24800.9,75,1860067.5,13764936502.5
2025-08-01 09:21:03 AM,24803.9,0,0.0,13764936502.5
2025-08-01 09:21:04 AM,24800.9,0,0.0,13764936502.5
2025-08-01 09:21:04 AM,24800.9,675,16740607.500000002,13781677110.0
2025-08-01 09:21:04 AM,24800.9,75,1860067.5,13783537177.5
2025-08-01 09:21:05 AM,24800.0,0,0.0,13783537177.5
2025-08-01 09:21:06 AM,24801.0,450,11160450.0,13794697627.5
2025-08-01 09:21:06 AM,24800.9,0,0.0,13794697627.5
2025-08-01 09:21:07 AM,24799.4,0,0.0,13794697627.5
2025-08-01 09:21:07 AM,24800.0,0,0.0,13794697627.5
2025-08-01 09:21:07 AM,24800.0,450,11160000.0,13805857627.5
2025-08-01 09:21:08 AM,24801.9,0,0.0,13805857627.5
2025-08-01 09:21:09 AM,24800.0,0,0.0,13805857627.5
2025-08-01 09:21:09 AM,24800.0,450,11160000.0,13817017627.5
2025-08-01 09:21:10 AM,24802.4,0,0.0,13817017627.5
2025-08-01 09:21:10 AM,24803.9,0,0.0,13817017627.5
2025-08-01 09:21:11 AM,24799.4,600,14879640.0,13831897267.5
2025-08-01 09:21:12 AM,24799.4,75,1859955.0,13833757222.5
2025-08-01 09:21:12 AM,24800.9,75,1860067.5,13835617290.0
2025-08-01 09:21:13 AM,24801.0,0,0.0,13835617290.0
2025-08-01 09:21:14 AM,24800.9,0,0.0,13835617290.0
2025-08-01 09:21:14 AM,24800.9,450,11160405.0,13846777695.0
2025-08-01 09:21:14 AM,24801.0,0,0.0,13846777695.0
2025-08-01 09:21:15 AM,24804.0,0,0.0,13846777695.0
2025-08-01 09:21:16 AM,24804.0,450,11161800.0,13857939495.0
2025-08-01 09:21:16 AM,24804.0,75,1860300.0,13859799795.0
2025-08-01 09:21:17 AM,24798.6,0,0.0,13859799795.0
2025-08-01 09:21:17 AM,24799.1,0,0.0,13859799795.0
2025-08-01 09:21:17 AM,24799.1,900,22319190.0,13882118985.0
2025-08-01 09:21:17 AM,24802.0,75,1860150.0,13883979135.0
2025-08-01 09:21:18 AM,24802.8,0,0.0,13883979135.0
2025-08-01 09:21:18 AM,24797.9,0,0.0,13883979135.0
2025-08-01 09:21:19 AM,24801.0,0,0.0,13883979135.0
2025-08-01 09:21:19 AM,24801.0,3600,89283600.0,13973262735.0
2025-08-01 09:21:19 AM,24802.2,75,1860165.0,13975122900.0
2025-08-01 09:21:22 AM,24804.0,0,0.0,13975122900.0
2025-08-01 09:21:22 AM,24803.7,0,0.0,13975122900.0
2025-08-01 09:21:22 AM,24803.7,225,5580832.5,13980703732.5
2025-08-01 09:21:23 AM,24803.9,0,0.0,13980703732.5
2025-08-01 09:21:23 AM,24804.0,0,0.0,13980703732.5
2025-08-01 09:21:24 AM,24804.0,600,14882400.0,13995586132.5
2025-08-01 09:21:24 AM,24803.4,0,0.0,13995586132.5
2025-08-01 09:21:25 AM,24803.2,0,0.0,13995586132.5
2025-08-01 09:21:26 AM,24803.2,975,24183120.0,14019769252.5
2025-08-01 09:21:26 AM,24805.0,0,0.0,14019769252.5
2025-08-01 09:21:27 AM,24803.5,0,0.0,14019769252.5
2025-08-01 09:21:27 AM,24803.5,2250,55807875.0,14075577127.5
2025-08-01 09:21:28 AM,24804.0,0,0.0,14075577127.5
2025-08-01 09:21:28 AM,24803.0,0,0.0,14075577127.5
2025-08-01 09:21:29 AM,24800.8,900,22320720.0,14097897847.5
2025-08-01 09:21:29 AM,24803.0,0,0.0,14097897847.5
2025-08-01 09:21:30 AM,24802.4,0,0.0,14097897847.5
2025-08-01 09:21:31 AM,24798.1,1725,42776722.5,14140674570.0
2025-08-01 09:21:32 AM,24800.8,0,0.0,14140674570.0
2025-08-01 09:21:32 AM,24800.8,375,9300300.0,14149974870.0
2025-08-01 09:21:32 AM,24803.0,75,1860225.0,14151835095.0
2025-08-01 09:21:33 AM,24802.9,0,0.0,14151835095.0
2025-08-01 09:21:33 AM,24800.8,0,0.0,14151835095.0
2025-08-01 09:21:34 AM,24802.4,0,0.0,14151835095.0
2025-08-01 09:21:34 AM,24802.4,225,5580540.0,14157415635.0
2025-08-01 09:21:35 AM,24800.8,0,0.0,14157415635.0
2025-08-01 09:21:36 AM,24800.8,75,1860060.0,14159275695.0
2025-08-01 09:21:36 AM,24802.0,0,0.0,14159275695.0
2025-08-01 09:21:37 AM,24804.5,1125,27905062.5,14187180757.5
2025-08-01 09:21:39 AM,24804.5,150,3720675.0,14190901432.5
2025-08-01 09:21:39 AM,24804.5,75,1860337.5,14192761770.0
2025-08-01 09:21:40 AM,24804.0,0,0.0,14192761770.0
2025-08-01 09:21:41 AM,24804.0,150,3720600.0,14196482370.0
2025-08-01 09:21:41 AM,24804.5,0,0.0,14196482370.0
2025-08-01 09:21:41 AM,24804.5,150,3720675.0,14200203045.0
2025-08-01 09:21:42 AM,24804.5,150,3720675.0,14203923720.0
2025-08-01 09:21:43 AM,24804.5,75,1860337.5,14205784057.5
2025-08-01 09:21:44 AM,24804.0,0,0.0,14205784057.5
2025-08-01 09:21:44 AM,24804.0,225,5580900.0,14211364957.5
2025-08-01 09:21:44 AM,24804.5,75,1860337.5,14213225295.0
2025-08-01 09:21:46 AM,24805.0,0,0.0,14213225295.0
2025-08-01 09:21:47 AM,24805.0,1050,26045250.0,14239270545.0
2025-08-01 09:21:48 AM,24800.0,2700,66960000.0,14306230545.0
2025-08-01 09:21:49 AM,24805.0,0,0.0,14306230545.0
2025-08-01 09:21:49 AM,24805.0,225,5581125.0,14311811670.0
2025-08-01 09:21:49 AM,24804.5,150,3720675.0,14315532345.0
2025-08-01 09:21:50 AM,24803.7,0,0.0,14315532345.0
2025-08-01 09:21:51 AM,24803.7,300,7441110.0,14322973455.0
2025-08-01 09:21:51 AM,24802.4,0,0.0,14322973455.0
2025-08-01 09:21:52 AM,24802.4,150,3720360.0,14326693815.0
2025-08-01 09:21:53 AM,24800.6,0,0.0,14326693815.0
2025-08-01 09:21:54 AM,24802.2,0,0.0,14326693815.0
2025-08-01 09:21:54 AM,24802.2,150,3720330.0,14330414145.0
2025-08-01 09:21:55 AM,24801.6,0,0.0,14330414145.0
2025-08-01 09:21:55 AM,24802.3,0,0.0,14330414145.0
2025-08-01 09:21:56 AM,24802.3,1275,31622932.5,14362037077.5
2025-08-01 09:21:57 AM,24800.0,0,0.0,14362037077.5
2025-08-01 09:21:57 AM,24802.2,0,0.0,14362037077.5
2025-08-01 09:21:57 AM,24802.2,675,16741485.0,14378778562.5
2025-08-01 09:21:58 AM,24800.0,825,20460000.0,14399238562.5
2025-08-01 09:21:59 AM,24802.2,0,0.0,14399238562.5
2025-08-01 09:21:59 AM,24802.2,975,24182145.0,14423420707.5
2025-08-01 09:21:59 AM,24800.0,0,0.0,14423420707.5
2025-08-01 09:22:00 AM,24799.1,0,0.0,14423420707.5
2025-08-01 09:22:01 AM,24799.1,375,9299662.5,14432720370.0
2025-08-01 09:22:01 AM,24799.5,0,0.0,14432720370.0
2025-08-01 09:22:01 AM,24799.5,75,1859962.5,14434580332.5
2025-08-01 09:22:01 AM,24796.5,0,0.0,14434580332.5
2025-08-01 09:22:02 AM,24797.3,0,0.0,14434580332.5
2025-08-01 09:22:02 AM,24796.9,600,14878140.0,14449458472.5
2025-08-01 09:22:03 AM,24796.0,300,7438800.0,14456897272.5
2025-08-01 09:22:04 AM,24795.9,0,0.0,14456897272.5
2025-08-01 09:22:04 AM,24795.9,225,5579077.5,14462476350.0
2025-08-01 09:22:04 AM,24794.4,75,1859580.0,14464335930.0
2025-08-01 09:22:06 AM,24794.0,300,7438200.0,14471774130.0
2025-08-01 09:22:06 AM,24792.1,0,0.0,14471774130.0
2025-08-01 09:22:06 AM,24792.1,375,9297037.5,14481071167.5
2025-08-01 09:22:07 AM,24794.0,0,0.0,14481071167.5
2025-08-01 09:22:07 AM,24792.1,225,5578222.5,14486649390.0
2025-08-01 09:22:10 AM,24793.8,0,0.0,14486649390.0
2025-08-01 09:22:10 AM,24793.9,0,0.0,14486649390.0
2025-08-01 09:22:10 AM,24794.0,0,0.0,14486649390.0
2025-08-01 09:22:10 AM,24793.7,0,0.0,14486649390.0
2025-08-01 09:22:11 AM,24793.7,2550,63223935.0,14549873325.0
2025-08-01 09:22:11 AM,24792.3,0,0.0,14549873325.0
2025-08-01 09:22:11 AM,24792.3,225,5578267.5,14555451592.5
2025-08-01 09:22:12 AM,24793.7,0,0.0,14555451592.5
2025-08-01 09:22:12 AM,24793.6,0,0.0,14555451592.5
2025-08-01 09:22:12 AM,24792.1,675,16734667.499999998,14572186260.0
2025-08-01 09:22:14 AM,24792.1,225,5578222.5,14577764482.5
2025-08-01 09:22:15 AM,24793.6,0,0.0,14577764482.5
2025-08-01 09:22:16 AM,24793.6,300,7438080.0,14585202562.5
2025-08-01 09:22:16 AM,24792.2,0,0.0,14585202562.5
2025-08-01 09:22:17 AM,24792.2,75,1859415.0,14587061977.5
2025-08-01 09:22:17 AM,24792.2,75,1859415.0,14588921392.5
2025-08-01 09:22:18 AM,24794.0,0,0.0,14588921392.5
2025-08-01 09:22:18 AM,24792.4,0,0.0,14588921392.5
2025-08-01 09:22:19 AM,24797.9,0,0.0,14588921392.5
2025-08-01 09:22:19 AM,24797.9,1200,29757480.0,14618678872.5
2025-08-01 09:22:19 AM,24794.5,75,1859587.5,14620538460.0
2025-08-01 09:22:20 AM,24797.9,0,0.0,14620538460.0
2025-08-01 09:22:21 AM,24797.9,1125,27897637.5,14648436097.5
2025-08-01 09:22:22 AM,24798.1,0,0.0,14648436097.5
2025-08-01 09:22:22 AM,24799.0,0,0.0,14648436097.5
2025-08-01 09:22:22 AM,24799.0,1125,27898875.0,14676334972.5
2025-08-01 09:22:23 AM,24800.0,0,0.0,14676334972.5
2025-08-01 09:22:24 AM,24800.0,75,1860000.0,14678194972.5
2025-08-01 09:22:26 AM,24799.0,0,0.0,14678194972.5
2025-08-01 09:22:27 AM,24799.0,225,5579775.0,14683774747.5
2025-08-01 09:22:28 AM,24797.9,0,0.0,14683774747.5
2025-08-01 09:22:29 AM,24797.9,525,13018897.5,14696793645.0
2025-08-01 09:22:31 AM,24797.9,825,20458267.5,14717251912.5
2025-08-01 09:22:32 AM,24795.1,0,0.0,14717251912.5
2025-08-01 09:22:32 AM,24795.1,225,5578897.5,14722830810.0
2025-08-01 09:22:34 AM,24798.1,0,0.0,14722830810.0
2025-08-01 09:22:34 AM,24798.1,1875,46496437.5,14769327247.5
2025-08-01 09:22:35 AM,24795.0,0,0.0,14769327247.5
2025-08-01 09:22:35 AM,24797.9,0,0.0,14769327247.5
2025-08-01 09:22:36 AM,24795.5,525,13017637.5,14782344885.0
2025-08-01 09:22:36 AM,24797.9,0,0.0,14782344885.0
2025-08-01 09:22:37 AM,24799.0,0,0.0,14782344885.0
2025-08-01 09:22:37 AM,24799.0,150,3719850.0,14786064735.0
2025-08-01 09:22:38 AM,24800.0,0,0.0,14786064735.0
2025-08-01 09:22:39 AM,24799.0,0,0.0,14786064735.0
2025-08-01 09:22:39 AM,24799.0,300,7439700.0,14793504435.0
2025-08-01 09:22:40 AM,24798.0,0,0.0,14793504435.0
2025-08-01 09:22:41 AM,24799.0,150,3719850.0,14797224285.0
2025-08-01 09:22:41 AM,24795.6,1500,37193400.0,14834417685.0
2025-08-01 09:22:41 AM,24798.9,0,0.0,14834417685.0
2025-08-01 09:22:42 AM,24798.9,75,1859917.5,14836277602.5
2025-08-01 09:22:43 AM,24799.0,0,0.0,14836277602.5
2025-08-01 09:22:44 AM,24799.0,75,1859925.0,14838137527.5
2025-08-01 09:22:46 AM,24799.0,150,3719850.0,14841857377.5
2025-08-01 09:22:47 AM,24800.0,0,0.0,14841857377.5
2025-08-01 09:22:47 AM,24800.0,3225,79980000.0,14921837377.5
2025-08-01 09:22:49 AM,24800.0,75,1860000.0,14923697377.5
2025-08-01 09:22:50 AM,24799.3,0,0.0,14923697377.5
2025-08-01 09:22:51 AM,24799.3,1200,29759160.0,14953456537.5
2025-08-01 09:22:51 AM,24799.9,0,0.0,14953456537.5
2025-08-01 09:22:52 AM,24799.5,0,0.0,14953456537.5
2025-08-01 09:22:52 AM,24799.5,225,5579887.5,14959036425.0
2025-08-01 09:22:53 AM,24799.9,0,0.0,14959036425.0
2025-08-01 09:22:54 AM,24800.8,0,0.0,14959036425.0
2025-08-01 09:22:54 AM,24800.0,900,22320000.0,14981356425.0
2025-08-01 09:22:55 AM,24799.9,0,0.0,14981356425.0
2025-08-01 09:22:55 AM,24799.5,0,0.0,14981356425.0
2025-08-01 09:22:56 AM,24800.0,1050,26040000.0,15007396425.0
2025-08-01 09:22:56 AM,24799.1,75,1859932.5,15009256357.5
2025-08-01 09:22:56 AM,24800.0,0,0.0,15009256357.5
2025-08-01 09:22:57 AM,24800.1,975,24180097.5,15033436455.0
2025-08-01 09:22:57 AM,24800.0,150,3720000.0,15037156455.0
2025-08-01 09:22:59 AM,24799.1,0,0.0,15037156455.0
2025-08-01 09:22:59 AM,24800.0,450,11160000.0,15048316455.0
2025-08-01 09:23:00 AM,24799.1,0,0.0,15048316455.0
2025-08-01 09:23:01 AM,24799.9,150,3719985.0,15052036440.0
2025-08-01 09:23:01 AM,24799.1,75,1859932.5,15053896372.5
2025-08-01 09:23:01 AM,24799.9,0,0.0,15053896372.5
2025-08-01 09:23:01 AM,24800.0,0,0.0,15053896372.5
2025-08-01 09:23:02 AM,24797.9,0,0.0,15053896372.5
2025-08-01 09:23:02 AM,24796.1,0,0.0,15053896372.5
2025-08-01 09:23:02 AM,24796.1,2700,66949469.99999999,15120845842.5
2025-08-01 09:23:03 AM,24799.3,0,0.0,15120845842.5
2025-08-01 09:23:04 AM,24799.3,75,1859947.5,15122705790.0
2025-08-01 09:23:05 AM,24799.5,0,0.0,15122705790.0
2025-08-01 09:23:05 AM,24799.8,0,0.0,15122705790.0
2025-08-01 09:23:06 AM,24798.4,975,24178440.0,15146884230.0
2025-08-01 09:23:06 AM,24797.3,0,0.0,15146884230.0
2025-08-01 09:23:07 AM,24799.0,0,0.0,15146884230.0
2025-08-01 09:23:07 AM,24799.0,1875,46498125.0,15193382355.0
2025-08-01 09:23:08 AM,24800.0,0,0.0,15193382355.0
2025-08-01 09:23:08 AM,24803.0,0,0.0,15193382355.0
2025-08-01 09:23:09 AM,24800.2,0,0.0,15193382355.0
2025-08-01 09:23:09 AM,24800.2,2250,55800450.0,15249182805.0
2025-08-01 09:23:09 AM,24799.4,0,0.0,15249182805.0
2025-08-01 09:23:09 AM,24799.4,150,3719910.0,15252902715.0
2025-08-01 09:23:10 AM,24799.8,0,0.0,15252902715.0
2025-08-01 09:23:11 AM,24799.8,1275,31619745.0,15284522460.0
2025-08-01 09:23:11 AM,24803.0,300,7440900.0,15291963360.0
2025-08-01 09:23:12 AM,24800.1,0,0.0,15291963360.0
2025-08-01 09:23:12 AM,24800.1,225,5580022.5,15297543382.5
2025-08-01 09:23:13 AM,24800.0,0,0.0,15297543382.5
2025-08-01 09:23:14 AM,24800.0,375,9300000.0,15306843382.5
2025-08-01 09:23:14 AM,24802.9,0,0.0,15306843382.5
2025-08-01 09:23:14 AM,24802.9,75,1860217.5,15308703600.0
2025-08-01 09:23:16 AM,24800.0,375,9300000.0,15318003600.0
2025-08-01 09:23:16 AM,24800.1,150,3720015.0,15321723615.0
2025-08-01 09:23:17 AM,24799.6,0,0.0,15321723615.0
2025-08-01 09:23:17 AM,24799.6,1650,40919340.0,15362642955.0
2025-08-01 09:23:17 AM,24800.1,150,3720015.0,15366362970.0
2025-08-01 09:23:19 AM,24800.1,1500,37200150.0,15403563120.0
2025-08-01 09:23:20 AM,24799.4,0,0.0,15403563120.0
2025-08-01 09:23:21 AM,24800.0,1800,44640000.0,15448203120.0
2025-08-01 09:23:21 AM,24798.4,600,14879040.0,15463082160.0
2025-08-01 09:23:21 AM,24798.1,0,0.0,15463082160.0
2025-08-01 09:23:21 AM,24798.9,0,0.0,15463082160.0
2025-08-01 09:23:22 AM,24798.4,0,0.0,15463082160.0
2025-08-01 09:23:22 AM,24798.7,0,0.0,15463082160.0
2025-08-01 09:23:22 AM,24798.7,450,11159415.0,15474241575.0
2025-08-01 09:23:23 AM,24797.4,0,0.0,15474241575.0
2025-08-01 09:23:24 AM,24795.0,2325,57648375.0,15531889950.0
2025-08-01 09:23:24 AM,24796.1,0,0.0,15531889950.0
2025-08-01 09:23:24 AM,24796.1,300,7438830.0,15539328780.0
2025-08-01 09:23:25 AM,24793.1,0,0.0,15539328780.0
2025-08-01 09:23:26 AM,24796.0,300,7438800.0,15546767580.0
2025-08-01 09:23:26 AM,24795.0,0,0.0,15546767580.0
2025-08-01 09:23:27 AM,24794.0,0,0.0,15546767580.0
2025-08-01 09:23:27 AM,24796.1,0,0.0,15546767580.0
2025-08-01 09:23:27 AM,24796.1,375,9298537.5,15556066117.5
2025-08-01 09:23:29 AM,24795.8,0,0.0,15556066117.5
2025-08-01 09:23:29 AM,24795.8,300,7438740.0,15563504857.5
2025-08-01 09:23:30 AM,24795.9,0,0.0,15563504857.5
2025-08-01 09:23:31 AM,24795.9,300,7438770.0,15570943627.5
2025-08-01 09:23:31 AM,24795.9,150,3719385.0,15574663012.5
2025-08-01 09:23:31 AM,24796.0,0,0.0,15574663012.5
2025-08-01 09:23:32 AM,24795.8,0,0.0,15574663012.5
2025-08-01 09:23:32 AM,24795.8,675,16737165.0,15591400177.5
2025-08-01 09:23:33 AM,24796.0,0,0.0,15591400177.5
2025-08-01 09:23:33 AM,24795.8,0,0.0,15591400177.5
2025-08-01 09:23:34 AM,24797.0,0,0.0,15591400177.5
2025-08-01 09:23:34 AM,24797.0,975,24177075.0,15615577252.5
2025-08-01 09:23:35 AM,24795.8,0,0.0,15615577252.5
2025-08-01 09:23:36 AM,24795.8,225,5579055.0,15621156307.5
2025-08-01 09:23:36 AM,24795.7,0,0.0,15621156307.5
2025-08-01 09:23:37 AM,24792.0,0,0.0,15621156307.5
2025-08-01 09:23:37 AM,24792.0,1875,46485000.0,15667641307.5
2025-08-01 09:23:38 AM,24795.8,0,0.0,15667641307.5
2025-08-01 09:23:38 AM,24795.7,0,0.0,15667641307.5
2025-08-01 09:23:39 AM,24793.0,0,0.0,15667641307.5
2025-08-01 09:23:39 AM,24793.0,1500,37189500.0,15704830807.5
2025-08-01 09:23:39 AM,24793.0,75,1859475.0,15706690282.5
2025-08-01 09:23:40 AM,24792.1,0,0.0,15706690282.5
2025-08-01 09:23:41 AM,24793.0,225,5578425.0,15712268707.5
2025-08-01 09:23:41 AM,24793.0,150,3718950.0,15715987657.5
2025-08-01 09:23:42 AM,24793.9,0,0.0,15715987657.5
2025-08-01 09:23:42 AM,24793.9,600,14876340.0,15730863997.5
2025-08-01 09:23:43 AM,24794.0,0,0.0,15730863997.5
2025-08-01 09:23:44 AM,24792.0,0,0.0,15730863997.5
2025-08-01 09:23:44 AM,24792.1,2100,52063410.0,15782927407.5
2025-08-01 09:23:45 AM,24792.0,0,0.0,15782927407.5
2025-08-01 09:23:46 AM,24792.0,225,5578200.0,15788505607.5
2025-08-01 09:23:46 AM,24792.5,150,3718875.0,15792224482.5
2025-08-01 09:23:47 AM,24792.0,0,0.0,15792224482.5
2025-08-01 09:23:47 AM,24790.2,0,0.0,15792224482.5
2025-08-01 09:23:47 AM,24790.2,1425,35326035.0,15827550517.5
2025-08-01 09:23:48 AM,24791.9,0,0.0,15827550517.5
2025-08-01 09:23:49 AM,24791.9,1500,37187850.0,15864738367.5
2025-08-01 09:23:50 AM,24791.3,0,0.0,15864738367.5
2025-08-01 09:23:51 AM,24791.8,450,11156310.0,15875894677.5
2025-08-01 09:23:52 AM,24790.2,0,0.0,15875894677.5
2025-08-01 09:23:52 AM,24790.2,225,5577795.0,15881472472.5
2025-08-01 09:23:53 AM,24790.0,0,0.0,15881472472.5
2025-08-01 09:23:54 AM,24790.0,1275,31607250.0,15913079722.5
2025-08-01 09:23:54 AM,24791.1,0,0.0,15913079722.5
2025-08-01 09:23:54 AM,24791.7,0,0.0,15913079722.5
2025-08-01 09:23:54 AM,24791.7,150,3718755.0,15916798477.5
2025-08-01 09:23:56 AM,24791.7,450,11156265.0,15927954742.5
2025-08-01 09:23:56 AM,24791.6,0,0.0,15927954742.5
2025-08-01 09:23:57 AM,24791.7,0,0.0,15927954742.5
2025-08-01 09:23:57 AM,24791.6,975,24171810.0,15952126552.5
2025-08-01 09:23:58 AM,24790.9,0,0.0,15952126552.5
2025-08-01 09:23:59 AM,24790.9,150,3718635.0,15955845187.5
2025-08-01 09:24:00 AM,24790.7,0,0.0,15955845187.5
2025-08-01 09:24:01 AM,24790.7,225,5577907.5,15961423095.0
2025-08-01 09:24:02 AM,24790.6,0,0.0,15961423095.0
2025-08-01 09:24:02 AM,24790.6,450,11155770.0,15972578865.0
2025-08-01 09:24:03 AM,24790.4,3075,76230480.0,16048809345.0
2025-08-01 09:24:03 AM,24786.2,0,0.0,16048809345.0
2025-08-01 09:24:04 AM,24786.1,0,0.0,16048809345.0
2025-08-01 09:24:04 AM,24786.1,2025,50191852.5,16099001197.5
2025-08-01 09:24:05 AM,24787.1,0,0.0,16099001197.5
2025-08-01 09:24:05 AM,24787.2,0,0.0,16099001197.5
2025-08-01 09:24:06 AM,24787.1,525,13013227.5,16112014425.0
2025-08-01 09:24:06 AM,24786.3,0,0.0,16112014425.0
2025-08-01 09:24:06 AM,24786.3,150,3717945.0,16115732370.0
2025-08-01 09:24:07 AM,24786.1,0,0.0,16115732370.0
2025-08-01 09:24:07 AM,24786.9,0,0.0,16115732370.0
2025-08-01 09:24:07 AM,24786.9,1500,37180350.0,16152912720.0
2025-08-01 09:24:09 AM,24786.9,1275,31603297.5,16184516017.5
2025-08-01 09:24:09 AM,24786.9,150,3718035.0,16188234052.5
2025-08-01 09:24:10 AM,24786.8,0,0.0,16188234052.5
2025-08-01 09:24:10 AM,24786.2,0,0.0,16188234052.5
2025-08-01 09:24:11 AM,24786.8,375,9295050.0,16197529102.5
2025-08-01 09:24:12 AM,24787.0,1800,44616600.0,16242145702.5
2025-08-01 09:24:13 AM,24786.7,300,7436010.0,16249581712.5
2025-08-01 09:24:13 AM,24787.8,0,0.0,16249581712.5
2025-08-01 09:24:14 AM,24787.1,0,0.0,16249581712.5
2025-08-01 09:24:14 AM,24787.1,225,5577097.5,16255158810.0
2025-08-01 09:24:14 AM,24787.8,0,0.0,16255158810.0
2025-08-01 09:24:14 AM,24787.8,75,1859085.0,16257017895.0
2025-08-01 09:24:15 AM,24787.5,0,0.0,16257017895.0
2025-08-01 09:24:16 AM,24787.5,75,1859062.5,16258876957.5
2025-08-01 09:24:16 AM,24787.7,0,0.0,16258876957.5
2025-08-01 09:24:16 AM,24787.7,75,1859077.5,16260736035.0
2025-08-01 09:24:16 AM,24787.6,0,0.0,16260736035.0
2025-08-01 09:24:17 AM,24787.8,0,0.0,16260736035.0
2025-08-01 09:24:17 AM,24787.7,1125,27886162.5,16288622197.5
2025-08-01 09:24:18 AM,24787.9,900,22309110.0,16310931307.5
2025-08-01 09:24:18 AM,24788.2,0,0.0,16310931307.5
2025-08-01 09:24:18 AM,24790.7,0,0.0,16310931307.5
2025-08-01 09:24:19 AM,24790.7,3600,89246520.0,16400177827.5
2025-08-01 09:24:19 AM,24790.1,450,11155545.0,16411333372.5
2025-08-01 09:24:20 AM,24790.2,0,0.0,16411333372.5
2025-08-01 09:24:20 AM,24789.6,0,0.0,16411333372.5
2025-08-01 09:24:21 AM,24789.6,525,13014540.0,16424347912.5
2025-08-01 09:24:21 AM,24790.5,0,0.0,16424347912.5
2025-08-01 09:24:22 AM,24789.2,0,0.0,16424347912.5
2025-08-01 09:24:22 AM,24790.1,300,7437030.0,16431784942.5
2025-08-01 09:24:24 AM,24789.2,0,0.0,16431784942.5
2025-08-01 09:24:24 AM,24789.2,75,1859190.0,16433644132.5
2025-08-01 09:24:25 AM,24791.3,0,0.0,16433644132.5
2025-08-01 09:24:25 AM,24791.5,0,0.0,16433644132.5
2025-08-01 09:24:26 AM,24791.5,375,9296812.5,16442940945.0
2025-08-01 09:24:26 AM,24791.1,150,3718665.0,16446659610.0
2025-08-01 09:24:26 AM,24791.0,0,0.0,16446659610.0
2025-08-01 09:24:27 AM,24790.9,0,0.0,16446659610.0
2025-08-01 09:24:27 AM,24790.9,300,7437270.0,16454096880.0
2025-08-01 09:24:28 AM,24791.4,300,7437420.0,16461534300.0
2025-08-01 09:24:29 AM,24790.0,0,0.0,16461534300.0
2025-08-01 09:24:29 AM,24788.0,1050,26027400.0,16487561700.0
2025-08-01 09:24:29 AM,24787.9,0,0.0,16487561700.0
2025-08-01 09:24:29 AM,24787.9,75,1859092.5,16489420792.5
2025-08-01 09:24:30 AM,24789.4,0,0.0,16489420792.5
2025-08-01 09:24:31 AM,24787.8,900,22309020.0,16511729812.5
2025-08-01 09:24:31 AM,24787.8,375,9295425.0,16521025237.5
2025-08-01 09:24:33 AM,24787.8,75,1859085.0,16522884322.5
2025-08-01 09:24:34 AM,24787.4,0,0.0,16522884322.5
2025-08-01 09:24:34 AM,24787.4,225,5577165.0,16528461487.5
2025-08-01 09:24:35 AM,24786.6,0,0.0,16528461487.5
2025-08-01 09:24:35 AM,24787.5,0,0.0,16528461487.5
2025-08-01 09:24:36 AM,24787.5,675,16731562.5,16545193050.0
2025-08-01 09:24:36 AM,24786.6,0,0.0,16545193050.0
2025-08-01 09:24:36 AM,24786.6,75,1858995.0,16547052045.0
2025-08-01 09:24:39 AM,24787.6,0,0.0,16547052045.0
2025-08-01 09:24:39 AM,24787.6,525,13013490.0,16560065535.0
2025-08-01 09:24:39 AM,24786.5,0,0.0,16560065535.0
2025-08-01 09:24:39 AM,24786.5,150,3717975.0,16563783510.0
2025-08-01 09:24:41 AM,24786.6,0,0.0,16563783510.0
2025-08-01 09:24:41 AM,24786.6,450,11153970.0,16574937480.0
2025-08-01 09:24:42 AM,24786.3,0,0.0,16574937480.0
2025-08-01 09:24:42 AM,24786.0,0,0.0,16574937480.0
2025-08-01 09:24:42 AM,24786.4,0,0.0,16574937480.0
2025-08-01 09:24:42 AM,24786.4,525,13012860.0,16587950340.0
2025-08-01 09:24:43 AM,24786.0,0,0.0,16587950340.0
2025-08-01 09:24:44 AM,24785.0,0,0.0,16587950340.0
2025-08-01 09:24:44 AM,24785.0,1050,26024250.0,16613974590.0
2025-08-01 09:24:45 AM,24784.4,0,0.0,16613974590.0
2025-08-01 09:24:46 AM,24785.2,1500,37177800.0,16651152390.0
2025-08-01 09:24:46 AM,24784.0,0,0.0,16651152390.0
2025-08-01 09:24:47 AM,24783.0,0,0.0,16651152390.0
2025-08-01 09:24:47 AM,24783.0,150,3717450.0,16654869840.0
2025-08-01 09:24:48 AM,24785.2,0,0.0,16654869840.0
2025-08-01 09:24:49 AM,24786.6,0,0.0,16654869840.0
2025-08-01 09:24:49 AM,24786.6,2550,63205830.0,16718075670.0
2025-08-01 09:24:50 AM,24783.1,0,0.0,16718075670.0
2025-08-01 09:24:50 AM,24782.0,0,0.0,16718075670.0
2025-08-01 09:24:51 AM,24782.0,750,18586500.0,16736662170.0
2025-08-01 09:24:51 AM,24783.0,0,0.0,16736662170.0
2025-08-01 09:24:51 AM,24783.0,75,1858725.0,16738520895.0
2025-08-01 09:24:52 AM,24782.1,0,0.0,16738520895.0
2025-08-01 09:24:52 AM,24782.1,300,7434630.0,16745955525.0
2025-08-01 09:24:53 AM,24782.0,0,0.0,16745955525.0
2025-08-01 09:24:54 AM,24783.5,0,0.0,16745955525.0
2025-08-01 09:24:54 AM,24783.5,825,20446387.5,16766401912.5
2025-08-01 09:24:54 AM,24783.5,525,13011337.5,16779413250.0
2025-08-01 09:24:54 AM,24782.1,0,0.0,16779413250.0
2025-08-01 09:24:55 AM,24783.5,0,0.0,16779413250.0
2025-08-01 09:24:55 AM,24783.0,0,0.0,16779413250.0
2025-08-01 09:24:56 AM,24783.0,225,5576175.0,16784989425.0
2025-08-01 09:24:56 AM,24782.1,0,0.0,16784989425.0
2025-08-01 09:24:57 AM,24782.1,375,9293287.5,16794282712.5
2025-08-01 09:24:58 AM,24783.0,0,0.0,16794282712.5
2025-08-01 09:24:58 AM,24782.1,0,0.0,16794282712.5
2025-08-01 09:24:59 AM,24782.0,0,0.0,16794282712.5
2025-08-01 09:24:59 AM,24782.0,900,22303800.0,16816586512.5
2025-08-01 09:25:00 AM,24783.0,0,0.0,16816586512.5
2025-08-01 09:25:00 AM,24785.0,0,0.0,16816586512.5
2025-08-01 09:25:01 AM,24783.1,2250,55761975.0,16872348487.5
2025-08-01 09:25:01 AM,24782.6,0,0.0,16872348487.5
2025-08-01 09:25:01 AM,24782.1,825,20445232.5,16892793720.0
2025-08-01 09:25:01 AM,24782.0,0,0.0,16892793720.0
2025-08-01 09:25:02 AM,24782.1,0,0.0,16892793720.0
2025-08-01 09:25:02 AM,24782.1,4725,117095422.5,17009889142.5
2025-08-01 09:25:03 AM,24780.1,0,0.0,17009889142.5
2025-08-01 09:25:04 AM,24780.1,225,5575522.5,17015464665.0
2025-08-01 09:25:05 AM,24780.0,0,0.0,17015464665.0
2025-08-01 09:25:06 AM,24779.0,900,22301100.0,17037765765.0
2025-08-01 09:25:07 AM,24776.0,0,0.0,17037765765.0
2025-08-01 09:25:07 AM,24776.0,1575,39022200.0,17076787965.0
2025-08-01 09:25:08 AM,24779.3,150,3716895.0,17080504860.0
2025-08-01 09:25:08 AM,24776.1,0,0.0,17080504860.0
2025-08-01 09:25:09 AM,24776.1,600,14865660.0,17095370520.0
2025-08-01 09:25:10 AM,24776.0,0,0.0,17095370520.0
2025-08-01 09:25:11 AM,24775.9,1275,31589272.5,17126959792.5
2025-08-01 09:25:11 AM,24774.0,0,0.0,17126959792.5
2025-08-01 09:25:11 AM,24773.0,1950,48307350.0,17175267142.5
2025-08-01 09:25:11 AM,24773.1,0,0.0,17175267142.5
2025-08-01 09:25:12 AM,24775.9,0,0.0,17175267142.5
2025-08-01 09:25:12 AM,24773.0,300,7431900.0,17182699042.5
2025-08-01 09:25:13 AM,24773.1,225,5573947.5,17188272990.0
2025-08-01 09:25:14 AM,24773.1,75,1857982.5,17190130972.5
2025-08-01 09:25:15 AM,24775.8,0,0.0,17190130972.5
2025-08-01 09:25:15 AM,24773.0,0,0.0,17190130972.5
2025-08-01 09:25:15 AM,24773.1,0,0.0,17190130972.5
2025-08-01 09:25:16 AM,24773.0,600,14863800.0,17204994772.5
2025-08-01 09:25:17 AM,24773.1,0,0.0,17204994772.5
2025-08-01 09:25:17 AM,24773.1,750,18579825.0,17223574597.5
2025-08-01 09:25:18 AM,24773.0,0,0.0,17223574597.5
2025-08-01 09:25:19 AM,24773.0,1725,42733425.0,17266308022.5
2025-08-01 09:25:19 AM,24772.3,1800,44590140.0,17310898162.5
2025-08-01 09:25:19 AM,24772.0,0,0.0,17310898162.5
2025-08-01 09:25:21 AM,24772.0,600,14863200.0,17325761362.5
2025-08-01 09:25:22 AM,24771.0,0,0.0,17325761362.5
2025-08-01 09:25:22 AM,24771.0,1050,26009550.0,17351770912.5
2025-08-01 09:25:23 AM,24771.0,75,1857825.0,17353628737.5
2025-08-01 09:25:23 AM,24771.8,0,0.0,17353628737.5
2025-08-01 09:25:23 AM,24771.7,0,0.0,17353628737.5
2025-08-01 09:25:24 AM,24771.0,0,0.0,17353628737.5
2025-08-01 09:25:24 AM,24770.8,1050,26009340.0,17379638077.5
2025-08-01 09:25:25 AM,24770.0,0,0.0,17379638077.5
2025-08-01 09:25:26 AM,24770.0,2400,59448000.0,17439086077.5
2025-08-01 09:25:26 AM,24770.0,300,7431000.0,17446517077.5
2025-08-01 09:25:27 AM,24770.0,375,9288750.0,17455805827.5
2025-08-01 09:25:28 AM,24770.0,75,1857750.0,17457663577.5
2025-08-01 09:25:28 AM,24770.1,0,0.0,17457663577.5
2025-08-01 09:25:29 AM,24770.1,1275,31581877.5,17489245455.0
2025-08-01 09:25:29 AM,24770.0,225,5573250.0,17494818705.0
2025-08-01 09:25:29 AM,24770.1,0,0.0,17494818705.0
2025-08-01 09:25:30 AM,24771.0,0,0.0,17494818705.0
2025-08-01 09:25:31 AM,24770.3,675,16719952.5,17511538657.5
2025-08-01 09:25:31 AM,24771.0,0,0.0,17511538657.5
2025-08-01 09:25:31 AM,24770.2,225,5573295.0,17517111952.5
2025-08-01 09:25:32 AM,24771.0,0,0.0,17517111952.5
2025-08-01 09:25:32 AM,24771.0,450,11146950.0,17528258902.5
2025-08-01 09:25:33 AM,24770.1,75,1857757.5,17530116660.0
2025-08-01 09:25:33 AM,24771.0,0,0.0,17530116660.0
2025-08-01 09:25:34 AM,24771.0,525,13004775.0,17543121435.0
2025-08-01 09:25:34 AM,24770.3,150,3715545.0,17546836980.0
2025-08-01 09:25:36 AM,24771.0,675,16720425.0,17563557405.0
2025-08-01 09:25:36 AM,24770.0,0,0.0,17563557405.0
2025-08-01 09:25:36 AM,24770.0,675,16719750.0,17580277155.0
2025-08-01 09:25:37 AM,24770.1,0,0.0,17580277155.0
2025-08-01 09:25:38 AM,24770.1,1125,27866362.5,17608143517.5
2025-08-01 09:25:39 AM,24770.1,1500,37155150.0,17645298667.5
2025-08-01 09:25:41 AM,24770.1,375,9288787.5,17654587455.0
2025-08-01 09:25:42 AM,24770.1,4125,102176662.5,17756764117.5
2025-08-01 09:25:43 AM,24770.1,225,5573272.5,17762337390.0
2025-08-01 09:25:43 AM,24770.0,0,0.0,17762337390.0
2025-08-01 09:25:44 AM,24771.0,0,0.0,17762337390.0
2025-08-01 09:25:44 AM,24770.0,0,0.0,17762337390.0
2025-08-01 09:25:44 AM,24770.0,2550,63163500.0,17825500890.0
2025-08-01 09:25:46 AM,24770.0,300,7431000.0,17832931890.0
2025-08-01 09:25:46 AM,24770.9,150,3715635.0,17836647525.0
2025-08-01 09:25:46 AM,24770.0,0,0.0,17836647525.0
2025-08-01 09:25:47 AM,24770.0,1050,26008500.0,17862656025.0
2025-08-01 09:25:48 AM,24770.1,150,3715515.0,17866371540.0
2025-08-01 09:25:49 AM,24770.0,450,11146500.0,17877518040.0
2025-08-01 09:25:50 AM,24770.1,0,0.0,17877518040.0
2025-08-01 09:25:51 AM,24770.1,150,3715515.0,17881233555.0
2025-08-01 09:25:51 AM,24770.0,0,0.0,17881233555.0
2025-08-01 09:25:52 AM,24770.1,0,0.0,17881233555.0
2025-08-01 09:25:52 AM,24770.1,150,3715515.0,17884949070.0
2025-08-01 09:25:55 AM,24771.0,0,0.0,17884949070.0
2025-08-01 09:25:56 AM,24771.0,300,7431300.0,17892380370.0
2025-08-01 09:25:56 AM,24770.9,75,1857817.5,17894238187.5
2025-08-01 09:25:57 AM,24768.1,0,0.0,17894238187.5
2025-08-01 09:25:57 AM,24768.4,0,0.0,17894238187.5
2025-08-01 09:25:57 AM,24768.4,6525,161613810.0,18055851997.5
2025-08-01 09:25:58 AM,24767.5,75,1857562.5,18057709560.0
2025-08-01 09:25:58 AM,24767.0,0,0.0,18057709560.0
2025-08-01 09:25:59 AM,24765.1,0,0.0,18057709560.0
2025-08-01 09:25:59 AM,24765.1,1875,46434562.5,18104144122.5
2025-08-01 09:26:00 AM,24766.4,0,0.0,18104144122.5
2025-08-01 09:26:01 AM,24766.4,75,1857480.0,18106001602.5
2025-08-01 09:26:01 AM,24765.4,0,0.0,18106001602.5
2025-08-01 09:26:01 AM,24765.4,600,14859240.0,18120860842.5
2025-08-01 09:26:01 AM,24765.1,0,0.0,18120860842.5
2025-08-01 09:26:02 AM,24765.5,0,0.0,18120860842.5
2025-08-01 09:26:02 AM,24760.7,0,0.0,18120860842.5
2025-08-01 09:26:02 AM,24760.7,7425,183848197.5,18304709040.0
2025-08-01 09:26:03 AM,24766.9,750,18575175.0,18323284215.0
2025-08-01 09:26:03 AM,24761.4,0,0.0,18323284215.0
2025-08-01 09:26:04 AM,24765.2,0,0.0,18323284215.0
2025-08-01 09:26:04 AM,24765.2,300,7429560.0,18330713775.0
2025-08-01 09:26:04 AM,24765.0,75,1857375.0,18332571150.0
2025-08-01 09:26:05 AM,24766.3,0,0.0,18332571150.0
2025-08-01 09:26:05 AM,24763.8,0,0.0,18332571150.0
2025-08-01 09:26:06 AM,24761.3,675,16713877.5,18349285027.5
2025-08-01 09:26:06 AM,24765.1,0,0.0,18349285027.5
2025-08-01 09:26:06 AM,24765.1,225,5572147.5,18354857175.0
2025-08-01 09:26:07 AM,24762.6,0,0.0,18354857175.0
2025-08-01 09:26:07 AM,24762.6,375,9285975.0,18364143150.0
2025-08-01 09:26:08 AM,24762.0,0,0.0,18364143150.0
2025-08-01 09:26:09 AM,24763.2,0,0.0,18364143150.0
2025-08-01 09:26:09 AM,24762.1,0,0.0,18364143150.0
2025-08-01 09:26:09 AM,24762.1,450,11142945.0,18375286095.0
2025-08-01 09:26:10 AM,24763.9,0,0.0,18375286095.0
2025-08-01 09:26:10 AM,24760.5,0,0.0,18375286095.0
2025-08-01 09:26:11 AM,24760.5,1575,38997787.5,18414283882.5
2025-08-01 09:26:11 AM,24762.0,0,0.0,18414283882.5
2025-08-01 09:26:11 AM,24762.0,225,5571450.0,18419855332.5
2025-08-01 09:26:11 AM,24761.6,0,0.0,18419855332.5
2025-08-01 09:26:12 AM,24762.0,0,0.0,18419855332.5
2025-08-01 09:26:12 AM,24760.5,0,0.0,18419855332.5
2025-08-01 09:26:12 AM,24760.5,900,22284450.0,18442139782.5
2025-08-01 09:26:13 AM,24761.4,0,0.0,18442139782.5
2025-08-01 09:26:13 AM,24760.1,0,0.0,18442139782.5
2025-08-01 09:26:14 AM,24759.0,5325,131841675.0,18573981457.5
2025-08-01 09:26:14 AM,24761.2,150,3714180.0,18577695637.5
2025-08-01 09:26:15 AM,24761.4,0,0.0,18577695637.5
2025-08-01 09:26:16 AM,24761.4,525,12999735.0,18590695372.5
2025-08-01 09:26:17 AM,24760.1,0,0.0,18590695372.5
2025-08-01 09:26:17 AM,24761.6,0,0.0,18590695372.5
2025-08-01 09:26:17 AM,24761.6,1575,38999520.0,18629694892.5
2025-08-01 09:26:18 AM,24759.4,375,9284775.0,18638979667.5
2025-08-01 09:26:18 AM,24758.0,0,0.0,18638979667.5
2025-08-01 09:26:19 AM,24758.0,4050,100269900.0,18739249567.5
2025-08-01 09:26:19 AM,24758.0,75,1856850.0,18741106417.5
2025-08-01 09:26:20 AM,24756.0,0,0.0,18741106417.5
2025-08-01 09:26:20 AM,24756.5,0,0.0,18741106417.5
2025-08-01 09:26:21 AM,24756.4,2550,63128820.0,18804235237.5
2025-08-01 09:26:21 AM,24758.8,150,3713820.0,18807949057.5
2025-08-01 09:26:22 AM,24756.3,0,0.0,18807949057.5
2025-08-01 09:26:22 AM,24758.7,525,12998317.5,18820947375.0
2025-08-01 09:26:24 AM,24756.0,600,14853600.0,18835800975.0
2025-08-01 09:26:24 AM,24758.0,0,0.0,18835800975.0
2025-08-01 09:26:24 AM,24758.0,75,1856850.0,18837657825.0
2025-08-01 09:26:25 AM,24758.8,0,0.0,18837657825.0
2025-08-01 09:26:26 AM,24756.1,750,18567075.0,18856224900.0
2025-08-01 09:26:26 AM,24758.6,0,0.0,18856224900.0
2025-08-01 09:26:27 AM,24758.6,450,11141370.0,18867366270.0
2025-08-01 09:26:28 AM,24758.6,75,1856895.0,18869223165.0
2025-08-01 09:26:28 AM,24756.2,0,0.0,18869223165.0
2025-08-01 09:26:28 AM,24757.8,0,0.0,18869223165.0
2025-08-01 09:26:29 AM,24756.1,2025,50131102.5,18919354267.5
2025-08-01 09:26:30 AM,24758.6,0,0.0,18919354267.5
2025-08-01 09:26:30 AM,24756.2,0,0.0,18919354267.5
2025-08-01 09:26:31 AM,24756.3,750,18567225.0,18937921492.5
2025-08-01 09:26:31 AM,24756.2,75,1856715.0,18939778207.5
2025-08-01 09:26:32 AM,24756.1,0,0.0,18939778207.5
2025-08-01 09:26:32 AM,24756.1,1950,48274395.0,18988052602.5
2025-08-01 09:26:33 AM,24757.6,0,0.0,18988052602.5
2025-08-01 09:26:33 AM,24758.8,0,0.0,18988052602.5
2025-08-01 09:26:34 AM,24758.8,1875,46422750.0,19034475352.5
2025-08-01 09:26:34 AM,24759.4,0,0.0,19034475352.5
2025-08-01 09:26:34 AM,24759.4,75,1856955.0,19036332307.5
2025-08-01 09:26:35 AM,24760.0,0,0.0,19036332307.5
2025-08-01 09:26:35 AM,24759.9,0,0.0,19036332307.5
2025-08-01 09:26:36 AM,24759.9,900,22283910.0,19058616217.5
2025-08-01 09:26:36 AM,24761.6,0,0.0,19058616217.5
2025-08-01 09:26:37 AM,24762.0,0,0.0,19058616217.5
2025-08-01 09:26:37 AM,24762.0,150,3714300.0,19062330517.5
2025-08-01 09:26:38 AM,24764.0,225,5571900.0,19067902417.5
2025-08-01 09:26:38 AM,24760.5,0,0.0,19067902417.5
2025-08-01 09:26:39 AM,24760.5,75,1857037.5,19069759455.0
2025-08-01 09:26:40 AM,24764.1,0,0.0,19069759455.0
2025-08-01 09:26:40 AM,24764.0,0,0.0,19069759455.0
2025-08-01 09:26:40 AM,24761.4,0,0.0,19069759455.0
2025-08-01 09:26:41 AM,24761.5,600,14856900.0,19084616355.0
2025-08-01 09:26:41 AM,24760.1,900,22284090.0,19106900445.0
2025-08-01 09:26:42 AM,24760.9,0,0.0,19106900445.0
2025-08-01 09:26:42 AM,24760.9,1800,44569620.0,19151470065.0
2025-08-01 09:26:43 AM,24760.4,0,0.0,19151470065.0
2025-08-01 09:26:43 AM,24764.0,0,0.0,19151470065.0
2025-08-01 09:26:44 AM,24764.0,600,14858400.0,19166328465.0
2025-08-01 09:26:44 AM,24761.3,0,0.0,19166328465.0
2025-08-01 09:26:44 AM,24761.3,75,1857097.5,19168185562.5
2025-08-01 09:26:45 AM,24764.1,0,0.0,19168185562.5
2025-08-01 09:26:45 AM,24760.4,0,0.0,19168185562.5
2025-08-01 09:26:46 AM,24764.0,2400,59433600.0,19227619162.5
2025-08-01 09:26:46 AM,24764.1,150,3714615.0,19231333777.5
2025-08-01 09:26:46 AM,24764.0,0,0.0,19231333777.5
2025-08-01 09:26:47 AM,24762.1,0,0.0,19231333777.5
2025-08-01 09:26:47 AM,24762.1,450,11142945.0,19242476722.5
2025-08-01 09:26:48 AM,24761.0,675,16713675.0,19259190397.5
2025-08-01 09:26:48 AM,24761.3,0,0.0,19259190397.5
2025-08-01 09:26:49 AM,24763.9,450,11143755.0,19270334152.5
2025-08-01 09:26:49 AM,24763.9,75,1857292.5,19272191445.0
2025-08-01 09:26:50 AM,24760.5,0,0.0,19272191445.0
2025-08-01 09:26:51 AM,24763.9,600,14858340.0,19287049785.0
2025-08-01 09:26:52 AM,24763.9,150,3714585.0,19290764370.0
2025-08-01 09:26:53 AM,24763.9,375,9286462.5,19300050832.5
2025-08-01 09:26:54 AM,24763.9,1500,37145850.0,19337196682.5
2025-08-01 09:26:54 AM,24760.5,300,7428150.0,19344624832.5
2025-08-01 09:26:55 AM,24765.0,0,0.0,19344624832.5
2025-08-01 09:26:56 AM,24764.0,5250,130011000.0,19474635832.5
2025-08-01 09:26:57 AM,24762.0,0,0.0,19474635832.5
2025-08-01 09:26:57 AM,24762.0,750,18571500.0,19493207332.5
2025-08-01 09:26:58 AM,24764.0,0,0.0,19493207332.5
2025-08-01 09:26:59 AM,24763.9,0,0.0,19493207332.5
2025-08-01 09:26:59 AM,24763.9,375,9286462.5,19502493795.0
2025-08-01 09:27:00 AM,24760.5,0,0.0,19502493795.0
2025-08-01 09:27:01 AM,24762.4,525,13000260.0,19515494055.0
2025-08-01 09:27:01 AM,24763.3,0,0.0,19515494055.0
2025-08-01 09:27:02 AM,24760.9,0,0.0,19515494055.0
2025-08-01 09:27:02 AM,24760.9,975,24141877.5,19539635932.5
2025-08-01 09:27:03 AM,24760.6,300,7428180.0,19547064112.5
2025-08-01 09:27:03 AM,24760.9,0,0.0,19547064112.5
2025-08-01 09:27:04 AM,24763.7,0,0.0,19547064112.5
2025-08-01 09:27:04 AM,24763.7,3600,89149320.0,19636213432.5
2025-08-01 09:27:05 AM,24762.0,0,0.0,19636213432.5
2025-08-01 09:27:06 AM,24760.6,150,3714090.0,19639927522.5
2025-08-01 09:27:06 AM,24761.2,0,0.0,19639927522.5
2025-08-01 09:27:07 AM,24761.9,0,0.0,19639927522.5
2025-08-01 09:27:07 AM,24761.9,2175,53857132.5,19693784655.0
2025-08-01 09:27:09 AM,24761.8,0,0.0,19693784655.0
2025-08-01 09:27:09 AM,24761.8,375,9285675.0,19703070330.0
2025-08-01 09:27:10 AM,24761.3,0,0.0,19703070330.0
2025-08-01 09:27:11 AM,24761.2,750,18570900.0,19721641230.0
2025-08-01 09:27:11 AM,24760.9,225,5571202.5,19727212432.5
2025-08-01 09:27:11 AM,24761.9,0,0.0,19727212432.5
2025-08-01 09:27:12 AM,24761.9,75,1857142.5,19729069575.0
2025-08-01 09:27:13 AM,24761.0,0,0.0,19729069575.0
2025-08-01 09:27:13 AM,24761.0,150,3714150.0,19732783725.0
2025-08-01 09:27:13 AM,24760.1,0,0.0,19732783725.0
2025-08-01 09:27:13 AM,24760.0,0,0.0,19732783725.0
2025-08-01 09:27:14 AM,24761.9,450,11142855.0,19743926580.0
2025-08-01 09:27:15 AM,24761.4,0,0.0,19743926580.0
2025-08-01 09:27:15 AM,24763.4,0,0.0,19743926580.0
2025-08-01 09:27:16 AM,24763.4,600,14858040.0,19758784620.0
2025-08-01 09:27:17 AM,24763.0,0,0.0,19758784620.0
2025-08-01 09:27:17 AM,24763.0,75,1857225.0,19760641845.0
2025-08-01 09:27:18 AM,24760.8,0,0.0,19760641845.0
2025-08-01 09:27:18 AM,24760.2,0,0.0,19760641845.0
2025-08-01 09:27:19 AM,24761.2,0,0.0,19760641845.0
2025-08-01 09:27:19 AM,24761.2,1200,29713440.0,19790355285.0
2025-08-01 09:27:19 AM,24763.0,0,0.0,19790355285.0
2025-08-01 09:27:20 AM,24762.4,0,0.0,19790355285.0
2025-08-01 09:27:21 AM,24762.4,825,20428980.0,19810784265.0
2025-08-01 09:27:21 AM,24762.8,0,0.0,19810784265.0
2025-08-01 09:27:21 AM,24762.0,0,0.0,19810784265.0
2025-08-01 09:27:22 AM,24761.2,0,0.0,19810784265.0
2025-08-01 09:27:22 AM,24761.2,1500,37141800.0,19847926065.0
2025-08-01 09:27:23 AM,24761.8,75,1857135.0,19849783200.0
2025-08-01 09:27:24 AM,24760.3,0,0.0,19849783200.0
2025-08-01 09:27:25 AM,24760.0,0,0.0,19849783200.0
2025-08-01 09:27:26 AM,24760.1,600,14856060.0,19864639260.0
2025-08-01 09:27:26 AM,24761.3,0,0.0,19864639260.0
2025-08-01 09:27:27 AM,24760.0,0,0.0,19864639260.0
2025-08-01 09:27:27 AM,24760.0,1725,42711000.0,19907350260.0
2025-08-01 09:27:28 AM,24760.9,0,0.0,19907350260.0
2025-08-01 09:27:29 AM,24759.8,0,0.0,19907350260.0
2025-08-01 09:27:29 AM,24759.8,900,22283820.0,19929634080.0
2025-08-01 09:27:29 AM,24759.8,75,1856985.0,19931491065.0
2025-08-01 09:27:30 AM,24758.0,0,0.0,19931491065.0
2025-08-01 09:27:31 AM,24756.8,525,12997320.0,19944488385.0
2025-08-01 09:27:32 AM,24759.5,0,0.0,19944488385.0
2025-08-01 09:27:32 AM,24759.6,375,9284850.0,19953773235.0
2025-08-01 09:27:33 AM,24758.0,0,0.0,19953773235.0
2025-08-01 09:27:34 AM,24757.1,0,0.0,19953773235.0
2025-08-01 09:27:34 AM,24757.1,300,7427130.0,19961200365.0
2025-08-01 09:27:34 AM,24758.0,0,0.0,19961200365.0
2025-08-01 09:27:35 AM,24756.9,0,0.0,19961200365.0
2025-08-01 09:27:36 AM,24758.0,525,12997950.0,19974198315.0
2025-08-01 09:27:36 AM,24756.4,0,0.0,19974198315.0
2025-08-01 09:27:37 AM,24757.8,0,0.0,19974198315.0
2025-08-01 09:27:37 AM,24757.8,225,5570505.0,19979768820.0
2025-08-01 09:27:38 AM,24757.1,0,0.0,19979768820.0
2025-08-01 09:27:38 AM,24757.8,0,0.0,19979768820.0
2025-08-01 09:27:39 AM,24757.2,225,5570370.0,19985339190.0
2025-08-01 09:27:39 AM,24757.8,0,0.0,19985339190.0
2025-08-01 09:27:39 AM,24757.8,75,1856835.0,19987196025.0
2025-08-01 09:27:40 AM,24757.0,0,0.0,19987196025.0
2025-08-01 09:27:41 AM,24757.0,300,7427100.0,19994623125.0
2025-08-01 09:27:41 AM,24756.0,750,18567000.0,20013190125.0
2025-08-01 09:27:41 AM,24757.3,0,0.0,20013190125.0
2025-08-01 09:27:42 AM,24756.0,0,0.0,20013190125.0
2025-08-01 09:27:42 AM,24755.4,1275,31563135.0,20044753260.0
2025-08-01 09:27:43 AM,24757.3,150,3713595.0,20048466855.0
2025-08-01 09:27:43 AM,24756.0,0,0.0,20048466855.0
2025-08-01 09:27:44 AM,24756.0,75,1856700.0,20050323555.0
2025-08-01 09:27:45 AM,24757.2,0,0.0,20050323555.0
2025-08-01 09:27:46 AM,24757.2,375,9283950.0,20059607505.0
2025-08-01 09:27:46 AM,24757.2,75,1856790.0,20061464295.0
2025-08-01 09:27:46 AM,24755.6,0,0.0,20061464295.0
2025-08-01 09:27:46 AM,24757.2,0,0.0,20061464295.0
2025-08-01 09:27:47 AM,24757.2,300,7427160.0,20068891455.0
2025-08-01 09:27:48 AM,24755.2,0,0.0,20068891455.0
2025-08-01 09:27:48 AM,24757.2,0,0.0,20068891455.0
2025-08-01 09:27:49 AM,24757.2,225,5570370.0,20074461825.0
2025-08-01 09:27:50 AM,24756.4,0,0.0,20074461825.0
2025-08-01 09:27:50 AM,24757.2,0,0.0,20074461825.0
2025-08-01 09:27:51 AM,24757.2,300,7427160.0,20081888985.0
2025-08-01 09:27:51 AM,24757.8,75,1856835.0,20083745820.0
2025-08-01 09:27:52 AM,24756.0,0,0.0,20083745820.0
2025-08-01 09:27:52 AM,24756.0,75,1856700.0,20085602520.0
2025-08-01 09:27:53 AM,24755.6,75,1856670.0,20087459190.0
2025-08-01 09:27:53 AM,24755.3,0,0.0,20087459190.0
2025-08-01 09:27:53 AM,24755.4,0,0.0,20087459190.0
2025-08-01 09:27:54 AM,24755.3,300,7426590.0,20094885780.0
2025-08-01 09:27:54 AM,24755.4,150,3713310.0,20098599090.0
2025-08-01 09:27:56 AM,24755.3,825,20423122.5,20119022212.5
2025-08-01 09:27:57 AM,24756.5,0,0.0,20119022212.5
2025-08-01 09:27:57 AM,24756.5,300,7426950.0,20126449162.5
2025-08-01 09:27:57 AM,24757.2,0,0.0,20126449162.5
2025-08-01 09:27:58 AM,24757.2,75,1856790.0,20128305952.5
2025-08-01 09:27:59 AM,24755.6,0,0.0,20128305952.5
2025-08-01 09:27:59 AM,24755.6,75,1856670.0,20130162622.5
2025-08-01 09:28:00 AM,24755.5,0,0.0,20130162622.5
2025-08-01 09:28:01 AM,24757.2,375,9283950.0,20139446572.5
2025-08-01 09:28:01 AM,24757.7,0,0.0,20139446572.5
2025-08-01 09:28:02 AM,24757.2,0,0.0,20139446572.5
2025-08-01 09:28:02 AM,24757.7,300,7427310.0,20146873882.5
2025-08-01 09:28:03 AM,24756.0,150,3713400.0,20150587282.5
2025-08-01 09:28:03 AM,24757.5,0,0.0,20150587282.5
2025-08-01 09:28:04 AM,24757.5,450,11140875.0,20161728157.5
2025-08-01 09:28:05 AM,24757.7,0,0.0,20161728157.5
2025-08-01 09:28:05 AM,24757.9,0,0.0,20161728157.5
2025-08-01 09:28:06 AM,24757.0,375,9283875.0,20171012032.5
2025-08-01 09:28:06 AM,24755.2,300,7426560.0,20178438592.5
2025-08-01 09:28:06 AM,24755.4,0,0.0,20178438592.5
2025-08-01 09:28:07 AM,24755.9,0,0.0,20178438592.5
2025-08-01 09:28:07 AM,24755.9,150,3713385.0,20182151977.5
2025-08-01 09:28:08 AM,24755.2,0,0.0,20182151977.5
2025-08-01 09:28:09 AM,24752.9,10425,258048982.50000003,20440200960.0
2025-08-01 09:28:09 AM,24752.3,0,0.0,20440200960.0
2025-08-01 09:28:10 AM,24750.6,0,0.0,20440200960.0
2025-08-01 09:28:10 AM,24750.0,0,0.0,20440200960.0
2025-08-01 09:28:11 AM,24750.0,10575,261731250.0,20701932210.0
2025-08-01 09:28:11 AM,24750.0,75,1856250.0,20703788460.0
2025-08-01 09:28:12 AM,24751.8,0,0.0,20703788460.0
2025-08-01 09:28:12 AM,24752.4,1575,38985030.0,20742773490.0
2025-08-01 09:28:13 AM,24751.2,0,0.0,20742773490.0
2025-08-01 09:28:14 AM,24752.4,375,9282150.0,20752055640.0
2025-08-01 09:28:15 AM,24752.1,0,0.0,20752055640.0
2025-08-01 09:28:15 AM,24752.0,0,0.0,20752055640.0
2025-08-01 09:28:16 AM,24752.4,375,9282150.0,20761337790.0
2025-08-01 09:28:17 AM,24751.0,0,0.0,20761337790.0
2025-08-01 09:28:17 AM,24751.0,975,24132225.0,20785470015.0
2025-08-01 09:28:18 AM,24752.6,0,0.0,20785470015.0
2025-08-01 09:28:18 AM,24753.4,0,0.0,20785470015.0
2025-08-01 09:28:19 AM,24753.3,6375,157802287.5,20943272302.5
2025-08-01 09:28:21 AM,24753.4,1200,29704080.0,20972976382.5
2025-08-01 09:28:21 AM,24753.2,75,1856490.0,20974832872.5
2025-08-01 09:28:21 AM,24752.6,0,0.0,20974832872.5
2025-08-01 09:28:22 AM,24751.3,0,0.0,20974832872.5
2025-08-01 09:28:22 AM,24751.4,225,5569065.0,20980401937.5
2025-08-01 09:28:23 AM,24752.6,0,0.0,20980401937.5
2025-08-01 09:28:23 AM,24752.8,0,0.0,20980401937.5
2025-08-01 09:28:24 AM,24752.8,300,7425840.0,20987827777.5
2025-08-01 09:28:24 AM,24752.5,0,0.0,20987827777.5
2025-08-01 09:28:25 AM,24752.7,0,0.0,20987827777.5
2025-08-01 09:28:26 AM,24751.0,450,11137950.0,20998965727.5
2025-08-01 09:28:27 AM,24752.5,0,0.0,20998965727.5
2025-08-01 09:28:27 AM,24752.5,450,11138625.0,21010104352.5
2025-08-01 09:28:28 AM,24752.7,75,1856452.5,21011960805.0
2025-08-01 09:28:29 AM,24753.0,300,7425900.0,21019386705.0
2025-08-01 09:28:31 AM,24752.0,750,18564000.0,21037950705.0
2025-08-01 09:28:31 AM,24753.0,75,1856475.0,21039807180.0
2025-08-01 09:28:31 AM,24752.7,0,0.0,21039807180.0
2025-08-01 09:28:32 AM,24752.9,0,0.0,21039807180.0
2025-08-01 09:28:32 AM,24752.9,375,9282337.5,21049089517.5
2025-08-01 09:28:33 AM,24750.7,0,0.0,21049089517.5
2025-08-01 09:28:33 AM,24753.4,0,0.0,21049089517.5
2025-08-01 09:28:34 AM,24753.0,2775,68689575.0,21117779092.5
2025-08-01 09:28:34 AM,24753.9,0,0.0,21117779092.5
2025-08-01 09:28:35 AM,24753.2,0,0.0,21117779092.5
2025-08-01 09:28:36 AM,24753.2,150,3712980.0,21121492072.5
2025-08-01 09:28:36 AM,24752.4,225,5569290.0,21127061362.5
2025-08-01 09:28:36 AM,24753.3,0,0.0,21127061362.5
2025-08-01 09:28:37 AM,24753.9,0,0.0,21127061362.5
2025-08-01 09:28:37 AM,24753.9,6225,154093027.5,21281154390.0
2025-08-01 09:28:39 AM,24753.9,225,5569627.5,21286724017.5
2025-08-01 09:28:40 AM,24753.6,0,0.0,21286724017.5
2025-08-01 09:28:40 AM,24753.0,0,0.0,21286724017.5
2025-08-01 09:28:41 AM,24753.0,225,5569425.0,21292293442.5
2025-08-01 09:28:41 AM,24752.7,0,0.0,21292293442.5
2025-08-01 09:28:42 AM,24752.7,1275,31559692.5,21323853135.0
2025-08-01 09:28:44 AM,24752.3,150,3712845.0,21327565980.0
2025-08-01 09:28:44 AM,24752.7,0,0.0,21327565980.0
2025-08-01 09:28:44 AM,24752.7,75,1856452.5,21329422432.5
2025-08-01 09:28:46 AM,24752.7,150,3712905.0,21333135337.5
2025-08-01 09:28:46 AM,24752.0,0,0.0,21333135337.5
2025-08-01 09:28:47 AM,24752.0,525,12994800.0,21346130137.5
2025-08-01 09:28:48 AM,24752.7,75,1856452.5,21347986590.0
2025-08-01 09:28:48 AM,24755.0,0,0.0,21347986590.0
2025-08-01 09:28:49 AM,24755.0,3000,74265000.0,21422251590.0
2025-08-01 09:28:49 AM,24753.5,0,0.0,21422251590.0
2025-08-01 09:28:49 AM,24753.5,300,7426050.0,21429677640.0
2025-08-01 09:28:49 AM,24755.9,0,0.0,21429677640.0
2025-08-01 09:28:50 AM,24752.9,0,0.0,21429677640.0
2025-08-01 09:28:51 AM,24755.8,2175,53843865.0,21483521505.0
2025-08-01 09:28:51 AM,24752.7,0,0.0,21483521505.0
2025-08-01 09:28:52 AM,24752.7,150,3712905.0,21487234410.0
2025-08-01 09:28:53 AM,24755.0,0,0.0,21487234410.0
2025-08-01 09:28:54 AM,24755.0,150,3713250.0,21490947660.0
2025-08-01 09:28:54 AM,24755.0,75,1856625.0,21492804285.0
2025-08-01 09:28:54 AM,24754.5,0,0.0,21492804285.0
2025-08-01 09:28:55 AM,24755.4,0,0.0,21492804285.0
2025-08-01 09:28:56 AM,24755.4,1950,48273030.0,21541077315.0
2025-08-01 09:28:57 AM,24752.0,0,0.0,21541077315.0
2025-08-01 09:28:57 AM,24752.5,0,0.0,21541077315.0
2025-08-01 09:28:57 AM,24752.4,300,7425720.0,21548503035.0
2025-08-01 09:28:58 AM,24750.6,75,1856295.0,21550359330.0
2025-08-01 09:28:58 AM,24751.3,0,0.0,21550359330.0
2025-08-01 09:28:59 AM,24756.0,1725,42704100.0,21593063430.0
2025-08-01 09:28:59 AM,24753.4,75,1856505.0,21594919935.0
2025-08-01 09:28:59 AM,24751.2,0,0.0,21594919935.0
2025-08-01 09:29:00 AM,24754.9,0,0.0,21594919935.0
2025-08-01 09:29:01 AM,24755.9,2175,53844082.5,21648764017.5
2025-08-01 09:29:01 AM,24755.4,600,14853240.0,21663617257.5
2025-08-01 09:29:01 AM,24755.9,0,0.0,21663617257.5
2025-08-01 09:29:02 AM,24755.9,75,1856692.5,21665473950.0
2025-08-01 09:29:03 AM,24755.9,75,1856692.5,21667330642.5
2025-08-01 09:29:04 AM,24755.8,0,0.0,21667330642.5
2025-08-01 09:29:04 AM,24755.9,0,0.0,21667330642.5
2025-08-01 09:29:04 AM,24755.9,150,3713385.0,21671044027.5
2025-08-01 09:29:05 AM,24755.4,0,0.0,21671044027.5
2025-08-01 09:29:05 AM,24752.6,0,0.0,21671044027.5
2025-08-01 09:29:06 AM,24755.8,375,9283425.0,21680327452.5
2025-08-01 09:29:07 AM,24752.7,0,0.0,21680327452.5
2025-08-01 09:29:07 AM,24752.5,0,0.0,21680327452.5
2025-08-01 09:29:07 AM,24752.5,150,3712875.0,21684040327.5
2025-08-01 09:29:09 AM,24752.3,0,0.0,21684040327.5
2025-08-01 09:29:09 AM,24752.3,450,11138535.0,21695178862.5
2025-08-01 09:29:09 AM,24755.1,0,0.0,21695178862.5
2025-08-01 09:29:10 AM,24752.1,0,0.0,21695178862.5
2025-08-01 09:29:10 AM,24754.8,0,0.0,21695178862.5
2025-08-01 09:29:11 AM,24755.2,900,22279680.0,21717458542.5
2025-08-01 09:29:11 AM,24751.0,0,0.0,21717458542.5
2025-08-01 09:29:12 AM,24755.4,0,0.0,21717458542.5
2025-08-01 09:29:12 AM,24755.4,600,14853240.0,21732311782.5
2025-08-01 09:29:13 AM,24756.0,0,0.0,21732311782.5
2025-08-01 09:29:13 AM,24753.7,0,0.0,21732311782.5
2025-08-01 09:29:14 AM,24756.0,1575,38990700.0,21771302482.5
2025-08-01 09:29:14 AM,24757.0,75,1856775.0,21773159257.5
2025-08-01 09:29:15 AM,24756.0,0,0.0,21773159257.5
2025-08-01 09:29:16 AM,24756.0,225,5570100.0,21778729357.5
2025-08-01 09:29:16 AM,24756.0,75,1856700.0,21780586057.5
2025-08-01 09:29:17 AM,24756.2,0,0.0,21780586057.5
2025-08-01 09:29:17 AM,24758.0,375,9284250.0,21789870307.5
2025-08-01 09:29:17 AM,24756.2,75,1856715.0,21791727022.5
2025-08-01 09:29:18 AM,24756.0,0,0.0,21791727022.5
2025-08-01 09:29:18 AM,24753.2,0,0.0,21791727022.5
2025-08-01 09:29:19 AM,24753.2,825,20421390.0,21812148412.5
2025-08-01 09:29:20 AM,24758.0,0,0.0,21812148412.5
2025-08-01 09:29:20 AM,24758.4,0,0.0,21812148412.5
2025-08-01 09:29:21 AM,24758.4,150,3713760.0,21815862172.5
2025-08-01 09:29:21 AM,24758.4,75,1856880.0,21817719052.5
2025-08-01 09:29:24 AM,24758.4,150,3713760.0,21821432812.5
2025-08-01 09:29:24 AM,24756.2,0,0.0,21821432812.5
2025-08-01 09:29:24 AM,24756.2,150,3713430.0,21825146242.5
2025-08-01 09:29:25 AM,24758.4,0,0.0,21825146242.5
2025-08-01 09:29:26 AM,24755.0,1200,29706000.0,21854852242.5
2025-08-01 09:29:27 AM,24758.4,0,0.0,21854852242.5
2025-08-01 09:29:27 AM,24758.4,750,18568800.0,21873421042.5
2025-08-01 09:29:28 AM,24755.5,0,0.0,21873421042.5
2025-08-01 09:29:29 AM,24755.5,225,5569987.5,21878991030.0
2025-08-01 09:29:30 AM,24760.0,0,0.0,21878991030.0
2025-08-01 09:29:31 AM,24758.4,225,5570640.0,21884561670.0
2025-08-01 09:29:31 AM,24755.0,0,0.0,21884561670.0
2025-08-01 09:29:31 AM,24755.0,1125,27849375.0,21912411045.0
2025-08-01 09:29:31 AM,24759.9,0,0.0,21912411045.0
2025-08-01 09:29:31 AM,24759.8,0,0.0,21912411045.0
2025-08-01 09:29:32 AM,24759.8,300,7427940.0,21919838985.0
2025-08-01 09:29:32 AM,24759.9,0,0.0,21919838985.0
2025-08-01 09:29:32 AM,24759.9,75,1856992.5,21921695977.5
2025-08-01 09:29:34 AM,24759.9,1050,25997895.0,21947693872.5
2025-08-01 09:29:34 AM,24758.4,75,1856880.0,21949550752.5
2025-08-01 09:29:35 AM,24756.2,0,0.0,21949550752.5
2025-08-01 09:29:36 AM,24756.2,75,1856715.0,21951407467.5
2025-08-01 09:29:37 AM,24755.3,0,0.0,21951407467.5
2025-08-01 09:29:37 AM,24756.2,0,0.0,21951407467.5
2025-08-01 09:29:37 AM,24756.2,150,3713430.0,21955120897.5
2025-08-01 09:29:38 AM,24759.9,0,0.0,21955120897.5
2025-08-01 09:29:39 AM,24756.4,2775,68699010.0,22023819907.5
2025-08-01 09:29:39 AM,24756.3,300,7426890.0,22031246797.5
2025-08-01 09:29:40 AM,24759.9,0,0.0,22031246797.5
2025-08-01 09:29:41 AM,24759.9,225,5570977.5,22036817775.0
2025-08-01 09:29:41 AM,24756.8,0,0.0,22036817775.0
2025-08-01 09:29:41 AM,24756.7,0,0.0,22036817775.0
2025-08-01 09:29:42 AM,24760.0,0,0.0,22036817775.0
2025-08-01 09:29:42 AM,24760.0,825,20427000.0,22057244775.0
2025-08-01 09:29:43 AM,24759.9,0,0.0,22057244775.0
2025-08-01 09:29:44 AM,24759.9,75,1856992.5,22059101767.5
2025-08-01 09:29:46 AM,24757.0,0,0.0,22059101767.5
2025-08-01 09:29:46 AM,24757.0,150,3713550.0,22062815317.5
2025-08-01 09:29:46 AM,24759.8,0,0.0,22062815317.5
2025-08-01 09:29:46 AM,24756.2,0,0.0,22062815317.5
2025-08-01 09:29:47 AM,24759.0,0,0.0,22062815317.5
2025-08-01 09:29:47 AM,24759.0,675,16712325.0,22079527642.5
2025-08-01 09:29:47 AM,24759.0,75,1856925.0,22081384567.5
2025-08-01 09:29:49 AM,24757.9,75,1856842.5,22083241410.0
2025-08-01 09:29:51 AM,24757.5,0,0.0,22083241410.0
2025-08-01 09:29:51 AM,24757.8,0,0.0,22083241410.0
2025-08-01 09:29:52 AM,24757.9,0,0.0,22083241410.0
2025-08-01 09:29:52 AM,24757.9,900,22282110.0,22105523520.0
2025-08-01 09:29:53 AM,24759.0,0,0.0,22105523520.0
2025-08-01 09:29:54 AM,24759.0,525,12998475.0,22118521995.0
2025-08-01 09:29:57 AM,24757.8,0,0.0,22118521995.0
2025-08-01 09:29:57 AM,24757.3,150,3713595.0,22122235590.0
2025-08-01 09:29:58 AM,24758.7,0,0.0,22122235590.0
2025-08-01 09:29:59 AM,24758.4,525,12998160.0,22135233750.0
2025-08-01 09:30:00 AM,24757.0,0,0.0,22135233750.0
2025-08-01 09:30:01 AM,24756.5,0,0.0,22135233750.0
2025-08-01 09:30:01 AM,24756.5,1050,25994325.0,22161228075.0
2025-08-01 09:30:01 AM,24756.0,0,0.0,22161228075.0
2025-08-01 09:30:02 AM,24757.0,0,0.0,22161228075.0
2025-08-01 09:30:02 AM,24757.0,300,7427100.0,22168655175.0
2025-08-01 09:30:03 AM,24759.0,0,0.0,22168655175.0
2025-08-01 09:30:03 AM,24757.0,975,24138075.0,22192793250.0
2025-08-01 09:30:03 AM,24755.5,0,0.0,22192793250.0
2025-08-01 09:30:04 AM,24758.4,1275,31566960.0,22224360210.0
2025-08-01 09:30:04 AM,24755.5,0,0.0,22224360210.0
2025-08-01 09:30:05 AM,24756.6,0,0.0,22224360210.0
2025-08-01 09:30:05 AM,24755.1,0,0.0,22224360210.0
2025-08-01 09:30:06 AM,24755.1,600,14853060.0,22239213270.0
2025-08-01 09:30:07 AM,24752.5,0,0.0,22239213270.0
2025-08-01 09:30:07 AM,24752.5,2475,61262437.5,22300475707.5
2025-08-01 09:30:08 AM,24752.0,0,0.0,22300475707.5
2025-08-01 09:30:09 AM,24751.0,1125,27844875.0,22328320582.5
2025-08-01 09:30:09 AM,24750.3,450,11137635.0,22339458217.5
2025-08-01 09:30:10 AM,24751.6,0,0.0,22339458217.5
2025-08-01 09:30:11 AM,24751.6,2250,55691100.0,22395149317.5
2025-08-01 09:30:11 AM,24751.5,75,1856362.5,22397005680.0
2025-08-01 09:30:11 AM,24752.0,0,0.0,22397005680.0
2025-08-01 09:30:12 AM,24750.0,1725,42693750.0,22439699430.0
2025-08-01 09:30:12 AM,24752.0,75,1856400.0,22441555830.0
2025-08-01 09:30:14 AM,24752.0,75,1856400.0,22443412230.0
2025-08-01 09:30:14 AM,24750.0,75,1856250.0,22445268480.0
2025-08-01 09:30:14 AM,24752.0,0,0.0,22445268480.0
2025-08-01 09:30:15 AM,24752.9,0,0.0,22445268480.0
2025-08-01 09:30:16 AM,24752.9,1800,44555220.0,22489823700.0
2025-08-01 09:30:16 AM,24752.9,75,1856467.5,22491680167.5
2025-08-01 09:30:16 AM,24750.6,0,0.0,22491680167.5
2025-08-01 09:30:16 AM,24750.0,0,0.0,22491680167.5
2025-08-01 09:30:17 AM,24753.7,0,0.0,22491680167.5
2025-08-01 09:30:17 AM,24753.7,1950,48269715.0,22539949882.5
2025-08-01 09:30:17 AM,24750.0,0,0.0,22539949882.5
2025-08-01 09:30:18 AM,24752.0,0,0.0,22539949882.5
2025-08-01 09:30:19 AM,24752.0,150,3712800.0,22543662682.5
2025-08-01 09:30:20 AM,24750.1,0,0.0,22543662682.5
2025-08-01 09:30:20 AM,24750.0,675,16706250.0,22560368932.5
2025-08-01 09:30:21 AM,24750.0,2475,61256250.0,22621625182.5
2025-08-01 09:30:22 AM,24750.0,600,14850000.0,22636475182.5
2025-08-01 09:30:22 AM,24752.0,0,0.0,22636475182.5
2025-08-01 09:30:23 AM,24750.0,0,0.0,22636475182.5
2025-08-01 09:30:24 AM,24750.0,1575,38981250.0,22675456432.5
2025-08-01 09:30:25 AM,24751.6,0,0.0,22675456432.5
2025-08-01 09:30:25 AM,24751.5,0,0.0,22675456432.5
2025-08-01 09:30:25 AM,24751.5,225,5569087.5,22681025520.0
2025-08-01 09:30:26 AM,24750.0,0,0.0,22681025520.0
2025-08-01 09:30:27 AM,24745.2,8775,217139130.0,22898164650.0
2025-08-01 09:30:27 AM,24745.0,450,11135250.0,22909299900.0
2025-08-01 09:30:29 AM,24745.0,150,3711750.0,22913011650.0
2025-08-01 09:30:29 AM,24745.0,750,18558750.0,22931570400.0
2025-08-01 09:30:29 AM,24743.3,0,0.0,22931570400.0
2025-08-01 09:30:30 AM,24751.5,0,0.0,22931570400.0
2025-08-01 09:30:30 AM,24743.6,0,0.0,22931570400.0
2025-08-01 09:30:30 AM,24745.0,5700,141046500.0,23072616900.0
2025-08-01 09:30:32 AM,24744.9,0,0.0,23072616900.0
2025-08-01 09:30:32 AM,24745.0,300,7423500.0,23080040400.0
2025-08-01 09:30:33 AM,24746.0,0,0.0,23080040400.0
2025-08-01 09:30:34 AM,24746.1,0,0.0,23080040400.0
2025-08-01 09:30:34 AM,24746.1,2025,50110852.5,23130151252.5
2025-08-01 09:30:34 AM,24745.9,75,1855942.5,23132007195.0
2025-08-01 09:30:34 AM,24750.0,0,0.0,23132007195.0
2025-08-01 09:30:35 AM,24744.8,0,0.0,23132007195.0
2025-08-01 09:30:35 AM,24744.8,1125,27837900.0,23159845095.0
2025-08-01 09:30:36 AM,24746.1,0,0.0,23159845095.0
2025-08-01 09:30:36 AM,24746.1,75,1855957.5,23161701052.5
2025-08-01 09:30:36 AM,24745.9,0,0.0,23161701052.5
2025-08-01 09:30:37 AM,24746.5,0,0.0,23161701052.5
2025-08-01 09:30:37 AM,24746.8,900,22272120.0,23183973172.5
2025-08-01 09:30:38 AM,24751.8,0,0.0,23183973172.5
2025-08-01 09:30:39 AM,24746.3,0,0.0,23183973172.5
2025-08-01 09:30:39 AM,24746.3,600,14847780.0,23198820952.5
2025-08-01 09:30:40 AM,24748.7,0,0.0,23198820952.5
2025-08-01 09:30:40 AM,24748.7,75,1856152.5,23200677105.0
2025-08-01 09:30:41 AM,24748.0,0,0.0,23200677105.0
2025-08-01 09:30:42 AM,24747.6,0,0.0,23200677105.0
2025-08-01 09:30:42 AM,24748.8,2550,63109440.0,23263786545.0
2025-08-01 09:30:42 AM,24750.0,1425,35268750.0,23299055295.0
2025-08-01 09:30:43 AM,24752.0,0,0.0,23299055295.0
2025-08-01 09:30:44 AM,24749.1,0,0.0,23299055295.0
2025-08-01 09:30:44 AM,24749.1,2625,64966387.49999999,23364021682.5
2025-08-01 09:30:44 AM,24754.3,0,0.0,23364021682.5
2025-08-01 09:30:45 AM,24752.0,0,0.0,23364021682.5
2025-08-01 09:30:45 AM,24754.3,0,0.0,23364021682.5
2025-08-01 09:30:45 AM,24754.3,300,7426290.0,23371447972.5
2025-08-01 09:30:46 AM,24752.0,0,0.0,23371447972.5
2025-08-01 09:30:47 AM,24752.0,225,5569200.0,23377017172.5
2025-08-01 09:30:49 AM,24752.0,300,7425600.0,23384442772.5
2025-08-01 09:30:49 AM,24750.5,0,0.0,23384442772.5
2025-08-01 09:30:49 AM,24754.0,0,0.0,23384442772.5
2025-08-01 09:30:50 AM,24750.9,0,0.0,23384442772.5
2025-08-01 09:30:50 AM,24750.9,300,7425270.0,23391868042.5
2025-08-01 09:30:51 AM,24750.7,0,0.0,23391868042.5
2025-08-01 09:30:51 AM,24755.0,0,0.0,23391868042.5
2025-08-01 09:30:52 AM,24750.6,0,0.0,23391868042.5
2025-08-01 09:30:52 AM,24755.0,300,7426500.0,23399294542.5
2025-08-01 09:30:52 AM,24755.0,75,1856625.0,23401151167.5
2025-08-01 09:30:54 AM,24755.0,225,5569875.0,23406721042.5
2025-08-01 09:30:55 AM,24752.0,225,5569200.0,23412290242.5
2025-08-01 09:30:56 AM,24755.0,0,0.0,23412290242.5
2025-08-01 09:30:57 AM,24755.0,150,3713250.0,23416003492.5
2025-08-01 09:30:59 AM,24753.0,600,14851800.0,23430855292.5
2025-08-01 09:30:59 AM,24755.0,0,0.0,23430855292.5
2025-08-01 09:31:00 AM,24759.1,0,0.0,23430855292.5
2025-08-01 09:31:00 AM,24759.1,675,16712392.499999998,23447567685.0
2025-08-01 09:31:01 AM,24754.0,750,18565500.0,23466133185.0
2025-08-01 09:31:01 AM,24753.0,0,0.0,23466133185.0
2025-08-01 09:31:02 AM,24752.0,2625,64974000.0,23531107185.0
2025-08-01 09:31:02 AM,24750.0,0,0.0,23531107185.0
2025-08-01 09:31:02 AM,24750.0,600,14850000.0,23545957185.0
2025-08-01 09:31:03 AM,24751.6,0,0.0,23545957185.0
2025-08-01 09:31:04 AM,24751.5,0,0.0,23545957185.0
2025-08-01 09:31:04 AM,24751.0,375,9281625.0,23555238810.0
2025-08-01 09:31:04 AM,24751.0,75,1856325.0,23557095135.0
2025-08-01 09:31:05 AM,24750.0,0,0.0,23557095135.0
2025-08-01 09:31:05 AM,24750.0,1725,42693750.0,23599788885.0
2025-08-01 09:31:07 AM,24750.0,1275,31556250.0,23631345135.0
2025-08-01 09:31:07 AM,24750.0,150,3712500.0,23635057635.0
2025-08-01 09:31:08 AM,24751.0,0,0.0,23635057635.0
2025-08-01 09:31:09 AM,24753.0,0,0.0,23635057635.0
2025-08-01 09:31:09 AM,24753.0,1725,42698925.0,23677756560.0
2025-08-01 09:31:09 AM,24750.0,0,0.0,23677756560.0
2025-08-01 09:31:10 AM,24750.0,1200,29700000.0,23707456560.0
2025-08-01 09:31:12 AM,24750.0,3600,89100000.0,23796556560.0
2025-08-01 09:31:12 AM,24750.0,600,14850000.0,23811406560.0
2025-08-01 09:31:13 AM,24749.1,0,0.0,23811406560.0
2025-08-01 09:31:14 AM,24749.9,0,0.0,23811406560.0
2025-08-01 09:31:14 AM,24749.9,3375,83530912.5,23894937472.5
2025-08-01 09:31:16 AM,24744.6,0,0.0,23894937472.5
2025-08-01 09:31:17 AM,24745.4,0,0.0,23894937472.5
2025-08-01 09:31:17 AM,24749.5,825,20418337.5,23915355810.0
2025-08-01 09:31:18 AM,24746.2,0,0.0,23915355810.0
2025-08-01 09:31:18 AM,24749.5,0,0.0,23915355810.0
2025-08-01 09:31:19 AM,24749.5,975,24130762.5,23939486572.5
2025-08-01 09:31:19 AM,24750.0,525,12993750.0,23952480322.5
2025-08-01 09:31:20 AM,24752.0,0,0.0,23952480322.5
2025-08-01 09:31:20 AM,24752.0,150,3712800.0,23956193122.5
2025-08-01 09:31:20 AM,24749.3,1650,40836345.0,23997029467.5
2025-08-01 09:31:21 AM,24749.7,0,0.0,23997029467.5
2025-08-01 09:31:22 AM,24750.0,0,0.0,23997029467.5
2025-08-01 09:31:22 AM,24750.5,375,9281437.5,24006310905.0
2025-08-01 09:31:22 AM,24753.0,75,1856475.0,24008167380.0
2025-08-01 09:31:24 AM,24754.9,0,0.0,24008167380.0
2025-08-01 09:31:24 AM,24754.9,75,1856617.5,24010023997.5
2025-08-01 09:31:24 AM,24749.8,0,0.0,24010023997.5
2025-08-01 09:31:25 AM,24749.8,675,16706115.0,24026730112.5
2025-08-01 09:31:26 AM,24755.0,0,0.0,24026730112.5
2025-08-01 09:31:26 AM,24755.9,0,0.0,24026730112.5
2025-08-01 09:31:27 AM,24754.3,0,0.0,24026730112.5
2025-08-01 09:31:27 AM,24749.6,525,12993540.0,24039723652.5
2025-08-01 09:31:27 AM,24749.7,0,0.0,24039723652.5
2025-08-01 09:31:27 AM,24749.7,600,14849820.0,24054573472.5
2025-08-01 09:31:30 AM,24750.1,0,0.0,24054573472.5
2025-08-01 09:31:30 AM,24759.3,0,0.0,24054573472.5
2025-08-01 09:31:30 AM,24759.3,1350,33425055.0,24087998527.5
2025-08-01 09:31:31 AM,24756.8,0,0.0,24087998527.5
2025-08-01 09:31:32 AM,24757.5,300,7427250.0,24095425777.5
2025-08-01 09:31:33 AM,24750.0,0,0.0,24095425777.5
2025-08-01 09:31:34 AM,24756.1,0,0.0,24095425777.5
2025-08-01 09:31:34 AM,24756.1,900,22280490.0,24117706267.5
2025-08-01 09:31:35 AM,24756.4,0,0.0,24117706267.5
2025-08-01 09:31:35 AM,24756.4,150,3713460.0,24121419727.5
2025-08-01 09:31:36 AM,24756.8,0,0.0,24121419727.5
2025-08-01 09:31:37 AM,24751.8,0,0.0,24121419727.5
2025-08-01 09:31:37 AM,24751.8,675,16707465.0,24138127192.5
2025-08-01 09:31:38 AM,24757.6,0,0.0,24138127192.5
2025-08-01 09:31:39 AM,24752.3,0,0.0,24138127192.5
2025-08-01 09:31:39 AM,24752.5,300,7425750.0,24145552942.5
2025-08-01 09:31:39 AM,24756.0,0,0.0,24145552942.5
2025-08-01 09:31:40 AM,24752.4,0,0.0,24145552942.5
2025-08-01 09:31:40 AM,24752.4,825,20420730.0,24165973672.5
2025-08-01 09:31:42 AM,24756.0,0,0.0,24165973672.5
2025-08-01 09:31:42 AM,24756.0,75,1856700.0,24167830372.5
2025-08-01 09:31:44 AM,24754.1,0,0.0,24167830372.5
2025-08-01 09:31:44 AM,24754.1,2175,53840167.5,24221670540.0
2025-08-01 09:31:45 AM,24756.0,0,0.0,24221670540.0
2025-08-01 09:31:45 AM,24756.0,75,1856700.0,24223527240.0
2025-08-01 09:31:46 AM,24753.5,0,0.0,24223527240.0
2025-08-01 09:31:47 AM,24756.0,0,0.0,24223527240.0
2025-08-01 09:31:47 AM,24756.0,225,5570100.0,24229097340.0
2025-08-01 09:31:48 AM,24755.9,0,0.0,24229097340.0
2025-08-01 09:31:49 AM,24755.4,0,0.0,24229097340.0
2025-08-01 09:31:49 AM,24755.8,975,24136905.0,24253234245.0
2025-08-01 09:31:49 AM,24755.8,2175,53843865.0,24307078110.0
2025-08-01 09:31:50 AM,24757.7,0,0.0,24307078110.0
2025-08-01 09:31:50 AM,24757.7,975,24138757.5,24331216867.5
2025-08-01 09:31:51 AM,24759.0,0,0.0,24331216867.5
2025-08-01 09:31:52 AM,24759.0,75,1856925.0,24333073792.5
2025-08-01 09:31:54 AM,24759.3,0,0.0,24333073792.5
2025-08-01 09:31:54 AM,24759.3,75,1856947.5,24334930740.0
2025-08-01 09:31:54 AM,24760.0,0,0.0,24334930740.0
2025-08-01 09:31:55 AM,24761.0,0,0.0,24334930740.0
2025-08-01 09:31:55 AM,24760.5,0,0.0,24334930740.0
2025-08-01 09:31:55 AM,24760.3,2550,63138765.0,24398069505.0
2025-08-01 09:31:55 AM,24760.0,600,14856000.0,24412925505.0
2025-08-01 09:31:56 AM,24763.0,0,0.0,24412925505.0
2025-08-01 09:31:57 AM,24763.0,375,9286125.0,24422211630.0
2025-08-01 09:31:58 AM,24762.7,0,0.0,24422211630.0
2025-08-01 09:31:58 AM,24762.0,0,0.0,24422211630.0
2025-08-01 09:31:59 AM,24762.7,300,7428810.0,24429640440.0
2025-08-01 09:31:59 AM,24762.7,75,1857202.5,24431497642.5
2025-08-01 09:32:00 AM,24762.6,0,0.0,24431497642.5
2025-08-01 09:32:00 AM,24763.0,0,0.0,24431497642.5
2025-08-01 09:32:00 AM,24760.3,4350,107707305.0,24539204947.5
2025-08-01 09:32:01 AM,24762.4,150,3714360.0,24542919307.5
2025-08-01 09:32:01 AM,24763.4,0,0.0,24542919307.5
2025-08-01 09:32:02 AM,24767.8,3750,92879250.0,24635798557.5
2025-08-01 09:32:03 AM,24764.0,0,0.0,24635798557.5
2025-08-01 09:32:03 AM,24762.4,0,0.0,24635798557.5
2025-08-01 09:32:04 AM,24763.9,825,20430217.5,24656228775.0
2025-08-01 09:32:04 AM,24763.9,375,9286462.5,24665515237.5
2025-08-01 09:32:05 AM,24762.1,0,0.0,24665515237.5
2025-08-01 09:32:05 AM,24764.0,0,0.0,24665515237.5
2025-08-01 09:32:05 AM,24762.1,1200,29714520.0,24695229757.5
2025-08-01 09:32:06 AM,24764.1,0,0.0,24695229757.5
2025-08-01 09:32:07 AM,24766.3,0,0.0,24695229757.5
2025-08-01 09:32:07 AM,24766.3,225,5572417.5,24700802175.0
2025-08-01 09:32:08 AM,24766.0,0,0.0,24700802175.0
2025-08-01 09:32:09 AM,24766.0,75,1857450.0,24702659625.0
2025-08-01 09:32:09 AM,24768.1,0,0.0,24702659625.0
2025-08-01 09:32:10 AM,24767.4,0,0.0,24702659625.0
2025-08-01 09:32:10 AM,24764.0,0,0.0,24702659625.0
2025-08-01 09:32:10 AM,24764.0,525,13001100.0,24715660725.0
2025-08-01 09:32:11 AM,24766.8,0,0.0,24715660725.0
2025-08-01 09:32:12 AM,24766.9,0,0.0,24715660725.0
2025-08-01 09:32:12 AM,24766.9,150,3715035.0,24719375760.0
2025-08-01 09:32:13 AM,24768.0,0,0.0,24719375760.0
2025-08-01 09:32:13 AM,24767.4,0,0.0,24719375760.0
2025-08-01 09:32:14 AM,24766.0,300,7429800.0,24726805560.0
2025-08-01 09:32:14 AM,24768.0,0,0.0,24726805560.0
2025-08-01 09:32:15 AM,24762.4,0,0.0,24726805560.0
2025-08-01 09:32:15 AM,24762.4,675,16714620.000000002,24743520180.0
2025-08-01 09:32:16 AM,24765.4,0,0.0,24743520180.0
2025-08-01 09:32:17 AM,24762.4,0,0.0,24743520180.0
2025-08-01 09:32:17 AM,24765.8,375,9287175.0,24752807355.0
2025-08-01 09:32:18 AM,24766.1,0,0.0,24752807355.0
2025-08-01 09:32:18 AM,24764.2,0,0.0,24752807355.0
2025-08-01 09:32:19 AM,24764.1,0,0.0,24752807355.0
2025-08-01 09:32:19 AM,24764.0,1350,33431400.0,24786238755.0
2025-08-01 09:32:19 AM,24763.7,75,1857277.5,24788096032.5
2025-08-01 09:32:19 AM,24763.5,0,0.0,24788096032.5
2025-08-01 09:32:20 AM,24763.5,525,13000837.5,24801096870.0
2025-08-01 09:32:21 AM,24763.1,0,0.0,24801096870.0
2025-08-01 09:32:22 AM,24765.4,225,5572215.0,24806669085.0
2025-08-01 09:32:23 AM,24763.0,0,0.0,24806669085.0
2025-08-01 09:32:23 AM,24762.9,0,0.0,24806669085.0
2025-08-01 09:32:24 AM,24766.1,225,5572372.5,24812241457.5
2025-08-01 09:32:24 AM,24762.4,75,1857180.0,24814098637.5
2025-08-01 09:32:25 AM,24762.7,0,0.0,24814098637.5
2025-08-01 09:32:25 AM,24762.7,375,9286012.5,24823384650.0
2025-08-01 09:32:26 AM,24762.8,825,20429310.0,24843813960.0
2025-08-01 09:32:26 AM,24762.7,0,0.0,24843813960.0
2025-08-01 09:32:27 AM,24768.4,1200,29722080.0,24873536040.0
2025-08-01 09:32:28 AM,24764.0,0,0.0,24873536040.0
2025-08-01 09:32:29 AM,24764.0,1125,27859500.0,24901395540.0
2025-08-01 09:32:29 AM,24768.4,0,0.0,24901395540.0
2025-08-01 09:32:30 AM,24768.4,375,9288150.0,24910683690.0
2025-08-01 09:32:31 AM,24765.6,0,0.0,24910683690.0
2025-08-01 09:32:32 AM,24768.0,0,0.0,24910683690.0
2025-08-01 09:32:32 AM,24765.6,225,5572260.0,24916255950.0
2025-08-01 09:32:33 AM,24768.0,0,0.0,24916255950.0
2025-08-01 09:32:34 AM,24765.6,600,14859360.0,24931115310.0
2025-08-01 09:32:35 AM,24768.0,0,0.0,24931115310.0
2025-08-01 09:32:35 AM,24768.0,225,5572800.0,24936688110.0
2025-08-01 09:32:36 AM,24768.4,0,0.0,24936688110.0
2025-08-01 09:32:37 AM,24765.8,450,11144610.0,24947832720.0
2025-08-01 09:32:38 AM,24767.9,0,0.0,24947832720.0
2025-08-01 09:32:38 AM,24767.6,0,0.0,24947832720.0
2025-08-01 09:32:39 AM,24765.0,0,0.0,24947832720.0
2025-08-01 09:32:39 AM,24764.9,450,11144205.0,24958976925.0
2025-08-01 09:32:40 AM,24763.5,0,0.0,24958976925.0
2025-08-01 09:32:40 AM,24763.5,300,7429050.0,24966405975.0
2025-08-01 09:32:43 AM,24764.9,0,0.0,24966405975.0
2025-08-01 09:32:43 AM,24767.7,0,0.0,24966405975.0
2025-08-01 09:32:44 AM,24767.8,0,0.0,24966405975.0
2025-08-01 09:32:44 AM,24767.8,450,11145510.0,24977551485.0
2025-08-01 09:32:46 AM,24767.9,0,0.0,24977551485.0
2025-08-01 09:32:46 AM,24768.4,0,0.0,24977551485.0
2025-08-01 09:32:47 AM,24768.4,600,14861040.0,24992412525.0
2025-08-01 09:32:47 AM,24764.9,0,0.0,24992412525.0
2025-08-01 09:32:48 AM,24768.2,0,0.0,24992412525.0
2025-08-01 09:32:49 AM,24768.2,300,7430460.0,24999842985.0
2025-08-01 09:32:49 AM,24768.0,0,0.0,24999842985.0
2025-08-01 09:32:50 AM,24768.0,75,1857600.0,25001700585.0
2025-08-01 09:32:52 AM,24768.0,75,1857600.0,25003558185.0
2025-08-01 09:32:53 AM,24768.4,0,0.0,25003558185.0
2025-08-01 09:32:53 AM,24768.0,0,0.0,25003558185.0
2025-08-01 09:32:54 AM,24768.0,900,22291200.0,25025849385.0
2025-08-01 09:32:54 AM,24768.4,150,3715260.0,25029564645.0
2025-08-01 09:32:55 AM,24769.8,0,0.0,25029564645.0
2025-08-01 09:32:55 AM,24768.4,525,13003410.0,25042568055.0
2025-08-01 09:32:56 AM,24769.8,0,0.0,25042568055.0
2025-08-01 09:32:57 AM,24768.4,300,7430520.0,25049998575.0
2025-08-01 09:32:58 AM,24769.8,0,0.0,25049998575.0
2025-08-01 09:32:58 AM,24768.1,0,0.0,25049998575.0
2025-08-01 09:32:59 AM,24769.8,1050,26008290.0,25076006865.0
2025-08-01 09:33:00 AM,24769.7,0,0.0,25076006865.0
2025-08-01 09:33:00 AM,24769.7,75,1857727.5,25077864592.5
2025-08-01 09:33:01 AM,24769.8,75,1857735.0,25079722327.5
2025-08-01 09:33:02 AM,24769.8,300,7430940.0,25087153267.5
2025-08-01 09:33:03 AM,24769.7,0,0.0,25087153267.5
2025-08-01 09:33:03 AM,24768.6,0,0.0,25087153267.5
2025-08-01 09:33:04 AM,24769.7,600,14861820.0,25102015087.5
2025-08-01 09:33:04 AM,24769.4,75,1857705.0,25103872792.5
2025-08-01 09:33:05 AM,24769.8,0,0.0,25103872792.5
2025-08-01 09:33:05 AM,24769.8,225,5573205.0,25109445997.5
2025-08-01 09:33:07 AM,24769.8,300,7430940.0,25116876937.5
2025-08-01 09:33:08 AM,24769.7,0,0.0,25116876937.5
2025-08-01 09:33:08 AM,24769.8,0,0.0,25116876937.5
2025-08-01 09:33:09 AM,24769.8,375,9288675.0,25126165612.5
2025-08-01 09:33:10 AM,24769.8,600,14861880.0,25141027492.5
2025-08-01 09:33:11 AM,24769.8,75,1857735.0,25142885227.5
2025-08-01 09:33:12 AM,24769.9,0,0.0,25142885227.5
2025-08-01 09:33:12 AM,24769.8,975,24150555.0,25167035782.5
2025-08-01 09:33:13 AM,24770.0,0,0.0,25167035782.5
2025-08-01 09:33:14 AM,24770.0,975,24150750.0,25191186532.5
2025-08-01 09:33:14 AM,24769.9,0,0.0,25191186532.5
2025-08-01 09:33:15 AM,24769.9,150,3715485.0,25194902017.5
2025-08-01 09:33:16 AM,24769.8,0,0.0,25194902017.5
2025-08-01 09:33:16 AM,24769.8,75,1857735.0,25196759752.5
2025-08-01 09:33:16 AM,24770.0,0,0.0,25196759752.5
2025-08-01 09:33:16 AM,24769.8,0,0.0,25196759752.5
2025-08-01 09:33:17 AM,24770.0,0,0.0,25196759752.5
2025-08-01 09:33:17 AM,24771.9,1275,31584172.5,25228343925.0
2025-08-01 09:33:18 AM,24771.6,0,0.0,25228343925.0
2025-08-01 09:33:19 AM,24771.9,0,0.0,25228343925.0
2025-08-01 09:33:19 AM,24771.9,2475,61310452.5,25289654377.5
2025-08-01 09:33:20 AM,24771.0,0,0.0,25289654377.5
2025-08-01 09:33:20 AM,24773.0,0,0.0,25289654377.5
2025-08-01 09:33:20 AM,24773.0,375,9289875.0,25298944252.5
2025-08-01 09:33:21 AM,24775.2,0,0.0,25298944252.5
2025-08-01 09:33:22 AM,24775.0,975,24155625.0,25323099877.5
2025-08-01 09:33:22 AM,24776.5,0,0.0,25323099877.5
2025-08-01 09:33:23 AM,24777.0,0,0.0,25323099877.5
2025-08-01 09:33:24 AM,24777.0,450,11149650.0,25334249527.5
2025-08-01 09:33:24 AM,24775.8,150,3716370.0,25337965897.5
2025-08-01 09:33:25 AM,24781.3,0,0.0,25337965897.5
2025-08-01 09:33:25 AM,24781.3,2100,52040730.0,25390006627.5
2025-08-01 09:33:26 AM,24783.0,0,0.0,25390006627.5
2025-08-01 09:33:26 AM,24783.0,75,1858725.0,25391865352.5
2025-08-01 09:33:26 AM,24786.3,0,0.0,25391865352.5
2025-08-01 09:33:27 AM,24786.0,0,0.0,25391865352.5
2025-08-01 09:33:27 AM,24779.3,825,20442922.5,25412308275.0
2025-08-01 09:33:28 AM,24778.3,0,0.0,25412308275.0
2025-08-01 09:33:29 AM,24779.0,0,0.0,25412308275.0
2025-08-01 09:33:29 AM,24779.0,600,14867400.0,25427175675.0
2025-08-01 09:33:29 AM,24779.8,0,0.0,25427175675.0
2025-08-01 09:33:30 AM,24781.3,0,0.0,25427175675.0
2025-08-01 09:33:30 AM,24781.3,150,3717195.0,25430892870.0
2025-08-01 09:33:31 AM,24787.0,0,0.0,25430892870.0
2025-08-01 09:33:31 AM,24787.0,150,3718050.0,25434610920.0
2025-08-01 09:33:32 AM,24782.5,0,0.0,25434610920.0
2025-08-01 09:33:32 AM,24787.0,600,14872200.0,25449483120.0
2025-08-01 09:33:32 AM,24784.4,75,1858830.0,25451341950.0
2025-08-01 09:33:33 AM,24785.3,0,0.0,25451341950.0
2025-08-01 09:33:34 AM,24787.0,0,0.0,25451341950.0
2025-08-01 09:33:34 AM,24792.0,1500,37188000.0,25488529950.0
2025-08-01 09:33:35 AM,24790.0,0,0.0,25488529950.0
2025-08-01 09:33:35 AM,24793.7,375,9297637.5,25497827587.5
2025-08-01 09:33:36 AM,24793.6,0,0.0,25497827587.5
2025-08-01 09:33:37 AM,24792.0,0,0.0,25497827587.5
2025-08-01 09:33:37 AM,24792.0,675,16734600.0,25514562187.5
2025-08-01 09:33:38 AM,24793.4,0,0.0,25514562187.5
2025-08-01 09:33:38 AM,24795.0,0,0.0,25514562187.5
2025-08-01 09:33:39 AM,24792.0,0,0.0,25514562187.5
2025-08-01 09:33:39 AM,24792.0,1650,40906800.0,25555468987.5
2025-08-01 09:33:40 AM,24795.0,0,0.0,25555468987.5
2025-08-01 09:33:40 AM,24793.0,0,0.0,25555468987.5
2025-08-01 09:33:40 AM,24793.0,300,7437900.0,25562906887.5
2025-08-01 09:33:41 AM,24795.0,0,0.0,25562906887.5
2025-08-01 09:33:41 AM,24795.0,75,1859625.0,25564766512.5
2025-08-01 09:33:42 AM,24795.8,300,7438740.0,25572205252.5
2025-08-01 09:33:42 AM,24795.8,75,1859685.0,25574064937.5
2025-08-01 09:33:43 AM,24793.0,0,0.0,25574064937.5
2025-08-01 09:33:44 AM,24795.0,225,5578875.0,25579643812.5
2025-08-01 09:33:44 AM,24795.7,75,1859677.5,25581503490.0
2025-08-01 09:33:45 AM,24795.7,75,1859677.5,25583363167.5
2025-08-01 09:33:46 AM,24795.7,75,1859677.5,25585222845.0
2025-08-01 09:33:46 AM,24795.0,0,0.0,25585222845.0
2025-08-01 09:33:47 AM,24795.8,0,0.0,25585222845.0
2025-08-01 09:33:47 AM,24795.8,450,11158110.0,25596380955.0
2025-08-01 09:33:48 AM,24795.0,0,0.0,25596380955.0
2025-08-01 09:33:49 AM,24795.8,1425,35334015.0,25631714970.0
2025-08-01 09:33:49 AM,24795.8,75,1859685.0,25633574655.0
2025-08-01 09:33:50 AM,24795.0,0,0.0,25633574655.0
2025-08-01 09:33:51 AM,24795.0,1275,31613625.0,25665188280.0
2025-08-01 09:33:51 AM,24800.0,1950,48360000.0,25713548280.0
2025-08-01 09:33:51 AM,24799.5,0,0.0,25713548280.0
2025-08-01 09:33:52 AM,24800.0,0,0.0,25713548280.0
2025-08-01 09:33:52 AM,24804.5,750,18603375.0,25732151655.0
2025-08-01 09:33:52 AM,24801.0,75,1860075.0,25734011730.0
2025-08-01 09:33:53 AM,24803.0,0,0.0,25734011730.0
2025-08-01 09:33:54 AM,24804.0,0,0.0,25734011730.0
2025-08-01 09:33:54 AM,24804.0,1200,29764800.0,25763776530.0
2025-08-01 09:33:54 AM,24803.9,75,1860292.5,25765636822.5
2025-08-01 09:33:54 AM,24808.0,0,0.0,25765636822.5
2025-08-01 09:33:55 AM,24805.6,0,0.0,25765636822.5
2025-08-01 09:33:56 AM,24814.0,0,0.0,25765636822.5
2025-08-01 09:33:56 AM,24814.0,7125,176799750.0,25942436572.5
2025-08-01 09:33:56 AM,24815.0,0,0.0,25942436572.5
2025-08-01 09:33:56 AM,24815.0,450,11166750.0,25953603322.5
2025-08-01 09:33:56 AM,24811.7,0,0.0,25953603322.5
2025-08-01 09:33:57 AM,24810.3,0,0.0,25953603322.5
2025-08-01 09:33:57 AM,24815.0,2100,52111500.0,26005714822.5
2025-08-01 09:33:58 AM,24814.0,0,0.0,26005714822.5
2025-08-01 09:33:58 AM,24814.5,0,0.0,26005714822.5
2025-08-01 09:33:59 AM,24814.7,0,0.0,26005714822.5
2025-08-01 09:33:59 AM,24814.7,3075,76305202.5,26082020025.0
2025-08-01 09:34:00 AM,24813.7,0,0.0,26082020025.0
2025-08-01 09:34:00 AM,24810.0,0,0.0,26082020025.0
2025-08-01 09:34:01 AM,24813.3,750,18609975.0,26100630000.0
2025-08-01 09:34:01 AM,24812.4,0,0.0,26100630000.0
2025-08-01 09:34:02 AM,24810.0,0,0.0,26100630000.0
2025-08-01 09:34:02 AM,24813.3,1200,29775960.0,26130405960.0
2025-08-01 09:34:02 AM,24813.3,75,1860997.5,26132266957.5
2025-08-01 09:34:03 AM,24813.1,0,0.0,26132266957.5
2025-08-01 09:34:03 AM,24813.0,0,0.0,26132266957.5
2025-08-01 09:34:04 AM,24808.0,0,0.0,26132266957.5
2025-08-01 09:34:04 AM,24810.6,1350,33494309.999999996,26165761267.5
2025-08-01 09:34:04 AM,24805.6,0,0.0,26165761267.5
2025-08-01 09:34:05 AM,24809.4,0,0.0,26165761267.5
2025-08-01 09:34:06 AM,24810.0,1275,31632750.0,26197394017.5
2025-08-01 09:34:06 AM,24810.5,0,0.0,26197394017.5
2025-08-01 09:34:06 AM,24810.5,75,1860787.5,26199254805.0
2025-08-01 09:34:06 AM,24805.4,0,0.0,26199254805.0
2025-08-01 09:34:07 AM,24810.0,675,16746750.0,26216001555.0
2025-08-01 09:34:07 AM,24813.2,450,11165940.0,26227167495.0
2025-08-01 09:34:08 AM,24813.1,0,0.0,26227167495.0
2025-08-01 09:34:09 AM,24813.1,750,18609825.0,26245777320.0
2025-08-01 09:34:09 AM,24813.3,0,0.0,26245777320.0
2025-08-01 09:34:10 AM,24810.0,0,0.0,26245777320.0
2025-08-01 09:34:10 AM,24810.5,0,0.0,26245777320.0
2025-08-01 09:34:11 AM,24815.0,1950,48389250.0,26294166570.0
2025-08-01 09:34:11 AM,24816.7,1500,37225050.0,26331391620.0
2025-08-01 09:34:11 AM,24815.0,0,0.0,26331391620.0
2025-08-01 09:34:12 AM,24813.2,375,9304950.0,26340696570.0
2025-08-01 09:34:12 AM,24814.1,750,18610575.0,26359307145.0
2025-08-01 09:34:13 AM,24813.1,0,0.0,26359307145.0
2025-08-01 09:34:13 AM,24809.2,0,0.0,26359307145.0
2025-08-01 09:34:14 AM,24808.0,0,0.0,26359307145.0
2025-08-01 09:34:14 AM,24807.9,2625,65120737.50000001,26424427882.5
2025-08-01 09:34:14 AM,24807.8,0,0.0,26424427882.5
2025-08-01 09:34:15 AM,24807.0,0,0.0,26424427882.5
2025-08-01 09:34:16 AM,24807.0,525,13023675.0,26437451557.5
2025-08-01 09:34:16 AM,24807.9,0,0.0,26437451557.5
2025-08-01 09:34:17 AM,24810.0,900,22329000.0,26459780557.5
2025-08-01 09:34:17 AM,24807.9,75,1860592.5,26461641150.0
2025-08-01 09:34:18 AM,24810.0,0,0.0,26461641150.0
2025-08-01 09:34:19 AM,24803.2,0,0.0,26461641150.0
2025-08-01 09:34:19 AM,24803.2,2100,52086720.0,26513727870.0
2025-08-01 09:34:20 AM,24808.3,0,0.0,26513727870.0
2025-08-01 09:34:20 AM,24803.6,0,0.0,26513727870.0
2025-08-01 09:34:21 AM,24808.1,675,16745467.499999998,26530473337.5
2025-08-01 09:34:21 AM,24805.0,0,0.0,26530473337.5
2025-08-01 09:34:22 AM,24806.8,225,5581530.0,26536054867.5
2025-08-01 09:34:23 AM,24806.9,0,0.0,26536054867.5
2025-08-01 09:34:24 AM,24805.0,0,0.0,26536054867.5
2025-08-01 09:34:24 AM,24805.0,225,5581125.0,26541635992.5
2025-08-01 09:34:24 AM,24806.5,0,0.0,26541635992.5
2025-08-01 09:34:25 AM,24801.2,0,0.0,26541635992.5
2025-08-01 09:34:26 AM,24801.2,525,13020630.0,26554656622.5
2025-08-01 09:34:26 AM,24805.0,0,0.0,26554656622.5
2025-08-01 09:34:26 AM,24805.0,825,20464125.0,26575120747.5
2025-08-01 09:34:26 AM,24804.5,0,0.0,26575120747.5
2025-08-01 09:34:27 AM,24804.6,0,0.0,26575120747.5
2025-08-01 09:34:27 AM,24805.8,2400,59533920.0,26634654667.5
2025-08-01 09:34:28 AM,24800.0,0,0.0,26634654667.5
2025-08-01 09:34:29 AM,24800.0,1350,33480000.0,26668134667.5
2025-08-01 09:34:30 AM,24801.2,0,0.0,26668134667.5
2025-08-01 09:34:31 AM,24800.0,825,20460000.0,26688594667.5
2025-08-01 09:34:31 AM,24805.8,1800,44650440.0,26733245107.5
2025-08-01 09:34:31 AM,24801.2,0,0.0,26733245107.5
2025-08-01 09:34:32 AM,24800.0,0,0.0,26733245107.5
2025-08-01 09:34:32 AM,24800.0,525,13020000.0,26746265107.5
2025-08-01 09:34:33 AM,24803.3,0,0.0,26746265107.5
2025-08-01 09:34:33 AM,24802.9,0,0.0,26746265107.5
2025-08-01 09:34:34 AM,24800.0,0,0.0,26746265107.5
2025-08-01 09:34:34 AM,24800.0,675,16740000.0,26763005107.5
2025-08-01 09:34:36 AM,24800.0,75,1860000.0,26764865107.5
2025-08-01 09:34:37 AM,24801.0,0,0.0,26764865107.5
2025-08-01 09:34:37 AM,24801.0,2475,61382475.0,26826247582.5
2025-08-01 09:34:38 AM,24801.2,0,0.0,26826247582.5
2025-08-01 09:34:38 AM,24796.0,0,0.0,26826247582.5
2025-08-01 09:34:39 AM,24800.0,0,0.0,26826247582.5
2025-08-01 09:34:39 AM,24800.0,600,14880000.0,26841127582.5
2025-08-01 09:34:39 AM,24800.7,0,0.0,26841127582.5
2025-08-01 09:34:40 AM,24796.0,0,0.0,26841127582.5
2025-08-01 09:34:41 AM,24796.0,375,9298500.0,26850426082.5
2025-08-01 09:34:41 AM,24793.7,0,0.0,26850426082.5
2025-08-01 09:34:42 AM,24799.9,0,0.0,26850426082.5
2025-08-01 09:34:42 AM,24799.9,975,24179902.5,26874605985.0
2025-08-01 09:34:43 AM,24794.1,0,0.0,26874605985.0
2025-08-01 09:34:43 AM,24799.3,0,0.0,26874605985.0
2025-08-01 09:34:44 AM,24799.0,300,7439700.0,26882045685.0
2025-08-01 09:34:46 AM,24798.5,0,0.0,26882045685.0
2025-08-01 09:34:46 AM,24798.5,75,1859887.5,26883905572.5
2025-08-01 09:34:46 AM,24798.5,150,3719775.0,26887625347.5
2025-08-01 09:34:46 AM,24793.6,0,0.0,26887625347.5
2025-08-01 09:34:47 AM,24793.6,225,5578560.0,26893203907.5
2025-08-01 09:34:48 AM,24793.7,0,0.0,26893203907.5
2025-08-01 09:34:49 AM,24796.3,450,11158335.0,26904362242.5
2025-08-01 09:34:50 AM,24795.9,0,0.0,26904362242.5
2025-08-01 09:34:51 AM,24795.9,75,1859692.5,26906221935.0
2025-08-01 09:34:51 AM,24795.0,75,1859625.0,26908081560.0
2025-08-01 09:34:52 AM,24793.0,1650,40908450.0,26948990010.0
2025-08-01 09:34:54 AM,24793.0,300,7437900.0,26956427910.0
2025-08-01 09:34:54 AM,24793.6,0,0.0,26956427910.0
2025-08-01 09:34:55 AM,24792.0,0,0.0,26956427910.0
2025-08-01 09:34:56 AM,24792.0,375,9297000.0,26965724910.0
2025-08-01 09:34:56 AM,24790.0,0,0.0,26965724910.0
2025-08-01 09:34:57 AM,24790.0,450,11155500.0,26976880410.0
2025-08-01 09:34:57 AM,24790.0,75,1859250.0,26978739660.0
2025-08-01 09:34:59 AM,24792.6,450,11156670.0,26989896330.0
2025-08-01 09:34:59 AM,24793.0,0,0.0,26989896330.0
2025-08-01 09:35:00 AM,24790.0,0,0.0,26989896330.0
2025-08-01 09:35:01 AM,24790.0,525,13014750.0,27002911080.0
2025-08-01 09:35:01 AM,24792.6,0,0.0,27002911080.0
2025-08-01 09:35:01 AM,24790.0,0,0.0,27002911080.0
2025-08-01 09:35:02 AM,24792.6,525,13016115.0,27015927195.0
2025-08-01 09:35:03 AM,24790.0,0,0.0,27015927195.0
2025-08-01 09:35:04 AM,24792.5,1050,26032125.0,27041959320.0
2025-08-01 09:35:04 AM,24790.9,0,0.0,27041959320.0
2025-08-01 09:35:06 AM,24790.9,1125,27889762.5,27069849082.5
2025-08-01 09:35:07 AM,24791.0,0,0.0,27069849082.5
2025-08-01 09:35:07 AM,24792.7,375,9297262.5,27079146345.0
2025-08-01 09:35:08 AM,24796.0,0,0.0,27079146345.0
2025-08-01 09:35:09 AM,24796.0,150,3719400.0,27082865745.0
2025-08-01 09:35:10 AM,24798.6,0,0.0,27082865745.0
2025-08-01 09:35:11 AM,24798.6,450,11159370.0,27094025115.0
2025-08-01 09:35:11 AM,24798.9,75,1859917.5,27095885032.5
2025-08-01 09:35:12 AM,24798.9,75,1859917.5,27097744950.0
2025-08-01 09:35:13 AM,24796.0,0,0.0,27097744950.0
2025-08-01 09:35:14 AM,24798.0,0,0.0,27097744950.0
2025-08-01 09:35:14 AM,24799.0,0,0.0,27097744950.0
2025-08-01 09:35:14 AM,24800.9,3300,81842970.0,27179587920.0
2025-08-01 09:35:15 AM,24796.6,0,0.0,27179587920.0
2025-08-01 09:35:16 AM,24800.9,375,9300337.5,27188888257.5
2025-08-01 09:35:16 AM,24794.9,225,5578852.5,27194467110.0
2025-08-01 09:35:17 AM,24798.0,75,1859850.0,27196326960.0
2025-08-01 09:35:18 AM,24800.2,0,0.0,27196326960.0
2025-08-01 09:35:19 AM,24800.2,75,1860015.0,27198186975.0
2025-08-01 09:35:20 AM,24796.0,0,0.0,27198186975.0
2025-08-01 09:35:20 AM,24800.0,0,0.0,27198186975.0
2025-08-01 09:35:21 AM,24800.0,225,5580000.0,27203766975.0
2025-08-01 09:35:21 AM,24800.0,225,5580000.0,27209346975.0
2025-08-01 09:35:21 AM,24794.2,0,0.0,27209346975.0
2025-08-01 09:35:22 AM,24794.2,450,11157390.0,27220504365.0
2025-08-01 09:35:23 AM,24792.8,0,0.0,27220504365.0
2025-08-01 09:35:23 AM,24798.5,0,0.0,27220504365.0
2025-08-01 09:35:24 AM,24797.1,0,0.0,27220504365.0
2025-08-01 09:35:24 AM,24791.0,1800,44623800.0,27265128165.0
2025-08-01 09:35:24 AM,24798.1,0,0.0,27265128165.0
2025-08-01 09:35:25 AM,24794.2,0,0.0,27265128165.0
2025-08-01 09:35:25 AM,24797.4,0,0.0,27265128165.0
2025-08-01 09:35:26 AM,24797.4,375,9299025.0,27274427190.0
2025-08-01 09:35:26 AM,24796.0,75,1859700.0,27276286890.0
2025-08-01 09:35:26 AM,24791.0,0,0.0,27276286890.0
2025-08-01 09:35:27 AM,24797.1,375,9298912.5,27285585802.5
2025-08-01 09:35:29 AM,24796.6,0,0.0,27285585802.5
2025-08-01 09:35:29 AM,24790.0,525,13014750.0,27298600552.5
2025-08-01 09:35:30 AM,24796.3,0,0.0,27298600552.5
2025-08-01 09:35:30 AM,24790.0,0,0.0,27298600552.5
2025-08-01 09:35:31 AM,24790.0,150,3718500.0,27302319052.5
2025-08-01 09:35:31 AM,24796.1,0,0.0,27302319052.5
2025-08-01 09:35:32 AM,24796.0,450,11158200.0,27313477252.5
2025-08-01 09:35:33 AM,24794.9,0,0.0,27313477252.5
2025-08-01 09:35:34 AM,24790.0,450,11155500.0,27324632752.5
2025-08-01 09:35:37 AM,24790.6,0,0.0,27324632752.5
2025-08-01 09:35:37 AM,24794.1,0,0.0,27324632752.5
2025-08-01 09:35:37 AM,24794.1,225,5578672.5,27330211425.0
2025-08-01 09:35:39 AM,24794.1,75,1859557.5,27332070982.5
2025-08-01 09:35:41 AM,24794.1,975,24174247.5,27356245230.0
2025-08-01 09:35:42 AM,24794.1,75,1859557.5,27358104787.5
2025-08-01 09:35:43 AM,24790.0,0,0.0,27358104787.5
2025-08-01 09:35:44 AM,24794.1,0,0.0,27358104787.5
2025-08-01 09:35:44 AM,24794.1,825,20455132.5,27378559920.0
2025-08-01 09:35:45 AM,24790.6,0,0.0,27378559920.0
2025-08-01 09:35:45 AM,24791.8,0,0.0,27378559920.0
2025-08-01 09:35:46 AM,24792.0,0,0.0,27378559920.0
2025-08-01 09:35:46 AM,24790.0,750,18592500.0,27397152420.0
2025-08-01 09:35:47 AM,24791.9,1125,27890887.5,27425043307.5
2025-08-01 09:35:48 AM,24791.0,0,0.0,27425043307.5
2025-08-01 09:35:49 AM,24791.0,375,9296625.0,27434339932.5
2025-08-01 09:35:51 AM,24791.0,225,5577975.0,27439917907.5
2025-08-01 09:35:52 AM,24792.3,0,0.0,27439917907.5
2025-08-01 09:35:52 AM,24791.0,300,7437300.0,27447355207.5
2025-08-01 09:35:54 AM,24792.3,0,0.0,27447355207.5
2025-08-01 09:35:54 AM,24792.2,375,9297075.0,27456652282.5
2025-08-01 09:35:54 AM,24792.2,300,7437660.0,27464089942.5
2025-08-01 09:35:55 AM,24791.0,0,0.0,27464089942.5
2025-08-01 09:35:56 AM,24791.0,75,1859325.0,27465949267.5
2025-08-01 09:35:56 AM,24793.9,0,0.0,27465949267.5
2025-08-01 09:35:57 AM,24793.0,0,0.0,27465949267.5
2025-08-01 09:35:57 AM,24793.0,225,5578425.0,27471527692.5
2025-08-01 09:35:57 AM,24793.7,75,1859527.5,27473387220.0
2025-08-01 09:35:58 AM,24794.1,0,0.0,27473387220.0
2025-08-01 09:35:59 AM,24794.1,675,16736017.499999998,27490123237.5
2025-08-01 09:35:59 AM,24796.0,0,0.0,27490123237.5
2025-08-01 09:36:01 AM,24796.0,300,7438800.0,27497562037.5
2025-08-01 09:36:04 AM,24797.0,0,0.0,27497562037.5
2025-08-01 09:36:04 AM,24797.0,225,5579325.0,27503141362.5
2025-08-01 09:36:04 AM,24794.2,0,0.0,27503141362.5
2025-08-01 09:36:05 AM,24796.0,0,0.0,27503141362.5
2025-08-01 09:36:06 AM,24796.0,225,5579100.0,27508720462.5
2025-08-01 09:36:07 AM,24797.0,0,0.0,27508720462.5
2025-08-01 09:36:07 AM,24797.9,150,3719685.0,27512440147.5
2025-08-01 09:36:09 AM,24797.5,0,0.0,27512440147.5
2025-08-01 09:36:11 AM,24797.5,75,1859812.5,27514299960.0
2025-08-01 09:36:11 AM,24796.0,0,0.0,27514299960.0
2025-08-01 09:36:11 AM,24796.0,75,1859700.0,27516159660.0
2025-08-01 09:36:11 AM,24797.6,0,0.0,27516159660.0
2025-08-01 09:36:12 AM,24797.5,450,11158875.0,27527318535.0
2025-08-01 09:36:12 AM,24797.5,75,1859812.5,27529178347.5
2025-08-01 09:36:15 AM,24796.0,0,0.0,27529178347.5
2025-08-01 09:36:16 AM,24796.0,1425,35334300.0,27564512647.5
2025-08-01 09:36:16 AM,24796.0,150,3719400.0,27568232047.5
2025-08-01 09:36:16 AM,24797.7,0,0.0,27568232047.5
2025-08-01 09:36:17 AM,24797.7,1050,26037585.0,27594269632.5
2025-08-01 09:36:18 AM,24798.0,0,0.0,27594269632.5
2025-08-01 09:36:18 AM,24799.8,0,0.0,27594269632.5
2025-08-01 09:36:19 AM,24799.9,225,5579977.5,27599849610.0
2025-08-01 09:36:20 AM,24800.0,0,0.0,27599849610.0
2025-08-01 09:36:21 AM,24800.0,225,5580000.0,27605429610.0
2025-08-01 09:36:22 AM,24799.9,600,14879940.0,27620309550.0
2025-08-01 09:36:23 AM,24800.0,0,0.0,27620309550.0
2025-08-01 09:36:24 AM,24797.7,975,24177757.5,27644487307.5
2025-08-01 09:36:24 AM,24800.0,0,0.0,27644487307.5
2025-08-01 09:36:25 AM,24799.9,0,0.0,27644487307.5
2025-08-01 09:36:26 AM,24800.0,0,0.0,27644487307.5
2025-08-01 09:36:26 AM,24800.0,375,9300000.0,27653787307.5
2025-08-01 09:36:28 AM,24799.9,0,0.0,27653787307.5
2025-08-01 09:36:28 AM,24800.0,0,0.0,27653787307.5
2025-08-01 09:36:29 AM,24797.0,0,0.0,27653787307.5
2025-08-01 09:36:29 AM,24797.7,825,20458102.5,27674245410.0
2025-08-01 09:36:29 AM,24797.7,150,3719655.0,27677965065.0
2025-08-01 09:36:31 AM,24797.7,150,3719655.0,27681684720.0
2025-08-01 09:36:31 AM,24797.6,75,1859820.0,27683544540.0
2025-08-01 09:36:32 AM,24797.7,0,0.0,27683544540.0
2025-08-01 09:36:32 AM,24800.0,225,5580000.0,27689124540.0
2025-08-01 09:36:33 AM,24800.0,75,1860000.0,27690984540.0
2025-08-01 09:36:33 AM,24799.9,0,0.0,27690984540.0
2025-08-01 09:36:34 AM,24800.0,0,0.0,27690984540.0
2025-08-01 09:36:34 AM,24800.0,525,13020000.0,27704004540.0
2025-08-01 09:36:36 AM,24800.0,450,11160000.0,27715164540.0
2025-08-01 09:36:36 AM,24796.0,300,7438800.0,27722603340.0
2025-08-01 09:36:37 AM,24800.0,0,0.0,27722603340.0
2025-08-01 09:36:37 AM,24800.0,75,1860000.0,27724463340.0
2025-08-01 09:36:39 AM,24800.0,1500,37200000.0,27761663340.0
2025-08-01 09:36:39 AM,24800.0,525,13020000.0,27774683340.0
2025-08-01 09:36:39 AM,24800.9,0,0.0,27774683340.0
2025-08-01 09:36:40 AM,24805.0,0,0.0,27774683340.0
2025-08-01 09:36:40 AM,24803.9,0,0.0,27774683340.0
2025-08-01 09:36:41 AM,24800.0,0,0.0,27774683340.0
2025-08-01 09:36:41 AM,24800.0,9675,239940000.0,28014623340.0
2025-08-01 09:36:41 AM,24803.4,0,0.0,28014623340.0
2025-08-01 09:36:42 AM,24803.4,375,9301275.0,28023924615.0
2025-08-01 09:36:43 AM,24800.0,300,7440000.0,28031364615.0
2025-08-01 09:36:44 AM,24803.0,0,0.0,28031364615.0
2025-08-01 09:36:44 AM,24803.0,375,9301125.0,28040665740.0
2025-08-01 09:36:45 AM,24803.1,0,0.0,28040665740.0
2025-08-01 09:36:46 AM,24803.1,150,3720465.0,28044386205.0
2025-08-01 09:36:47 AM,24803.0,0,0.0,28044386205.0
2025-08-01 09:36:47 AM,24800.0,300,7440000.0,28051826205.0
2025-08-01 09:36:47 AM,24802.9,0,0.0,28051826205.0
2025-08-01 09:36:48 AM,24802.9,75,1860217.5,28053686422.5
2025-08-01 09:36:48 AM,24802.1,0,0.0,28053686422.5
2025-08-01 09:36:49 AM,24800.9,0,0.0,28053686422.5
2025-08-01 09:36:49 AM,24800.9,225,5580202.5,28059266625.0
2025-08-01 09:36:49 AM,24800.9,75,1860067.5,28061126692.5
2025-08-01 09:36:50 AM,24800.0,0,0.0,28061126692.5
2025-08-01 09:36:51 AM,24800.0,225,5580000.0,28066706692.5
2025-08-01 09:36:55 AM,24800.9,0,0.0,28066706692.5
2025-08-01 09:36:56 AM,24800.9,375,9300337.5,28076007030.0
2025-08-01 09:36:56 AM,24800.0,225,5580000.0,28081587030.0
2025-08-01 09:36:56 AM,24800.9,0,0.0,28081587030.0
2025-08-01 09:36:57 AM,24800.0,0,0.0,28081587030.0
2025-08-01 09:36:57 AM,24800.0,1275,31620000.0,28113207030.0
2025-08-01 09:36:58 AM,24798.9,0,0.0,28113207030.0
2025-08-01 09:36:59 AM,24799.6,375,9299850.0,28122506880.0
2025-08-01 09:37:00 AM,24796.5,0,0.0,28122506880.0
2025-08-01 09:37:01 AM,24796.5,750,18597375.0,28141104255.0
2025-08-01 09:37:01 AM,24796.5,75,1859737.5,28142963992.5
2025-08-01 09:37:01 AM,24794.0,0,0.0,28142963992.5
2025-08-01 09:37:02 AM,24796.5,0,0.0,28142963992.5
2025-08-01 09:37:02 AM,24796.5,300,7438950.0,28150402942.5
2025-08-01 09:37:03 AM,24796.6,0,0.0,28150402942.5
2025-08-01 09:37:04 AM,24796.6,300,7438980.0,28157841922.5
2025-08-01 09:37:05 AM,24794.0,0,0.0,28157841922.5
2025-08-01 09:37:06 AM,24794.0,150,3719100.0,28161561022.5
2025-08-01 09:37:06 AM,24791.0,0,0.0,28161561022.5
2025-08-01 09:37:07 AM,24790.0,0,0.0,28161561022.5
2025-08-01 09:37:07 AM,24791.2,0,0.0,28161561022.5
2025-08-01 09:37:07 AM,24791.2,675,16734060.0,28178295082.5
2025-08-01 09:37:09 AM,24791.5,0,0.0,28178295082.5
2025-08-01 09:37:09 AM,24791.5,75,1859362.5,28180154445.0
2025-08-01 09:37:10 AM,24790.6,0,0.0,28180154445.0
2025-08-01 09:37:10 AM,24790.0,0,0.0,28180154445.0
2025-08-01 09:37:11 AM,24790.0,675,16733250.0,28196887695.0
2025-08-01 09:37:11 AM,24789.0,75,1859175.0,28198746870.0
2025-08-01 09:37:13 AM,24785.0,225,5576625.0,28204323495.0
2025-08-01 09:37:13 AM,24787.6,0,0.0,28204323495.0
2025-08-01 09:37:14 AM,24785.0,0,0.0,28204323495.0
2025-08-01 09:37:14 AM,24782.3,0,0.0,28204323495.0
2025-08-01 09:37:14 AM,24782.3,975,24162742.5,28228486237.5
2025-08-01 09:37:15 AM,24782.0,0,0.0,28228486237.5
2025-08-01 09:37:16 AM,24782.0,75,1858650.0,28230344887.5
2025-08-01 09:37:16 AM,24780.1,0,0.0,28230344887.5
2025-08-01 09:37:16 AM,24780.1,75,1858507.5,28232203395.0
2025-08-01 09:37:17 AM,24780.1,75,1858507.5,28234061902.5
2025-08-01 09:37:19 AM,24782.9,0,0.0,28234061902.5
2025-08-01 09:37:19 AM,24782.9,150,3717435.0,28237779337.5
2025-08-01 09:37:19 AM,24780.0,0,0.0,28237779337.5
2025-08-01 09:37:20 AM,24778.7,0,0.0,28237779337.5
2025-08-01 09:37:21 AM,24778.1,0,0.0,28237779337.5
2025-08-01 09:37:21 AM,24778.1,750,18583575.0,28256362912.5
2025-08-01 09:37:21 AM,24778.9,0,0.0,28256362912.5
2025-08-01 09:37:22 AM,24776.2,0,0.0,28256362912.5
2025-08-01 09:37:22 AM,24777.9,0,0.0,28256362912.5
2025-08-01 09:37:22 AM,24777.9,450,11150055.0,28267512967.5
2025-08-01 09:37:23 AM,24778.4,0,0.0,28267512967.5
2025-08-01 09:37:24 AM,24778.5,0,0.0,28267512967.5
2025-08-01 09:37:24 AM,24778.5,1350,33450975.0,28300963942.5
2025-08-01 09:37:24 AM,24776.0,0,0.0,28300963942.5
2025-08-01 09:37:25 AM,24775.0,0,0.0,28300963942.5
2025-08-01 09:37:26 AM,24777.4,0,0.0,28300963942.5
2025-08-01 09:37:26 AM,24777.4,1125,27874575.0,28328838517.5
2025-08-01 09:37:26 AM,24775.0,0,0.0,28328838517.5
2025-08-01 09:37:27 AM,24778.5,0,0.0,28328838517.5
2025-08-01 09:37:27 AM,24775.0,0,0.0,28328838517.5
2025-08-01 09:37:27 AM,24775.0,375,9290625.0,28338129142.5
2025-08-01 09:37:28 AM,24778.9,0,0.0,28338129142.5
2025-08-01 09:37:28 AM,24780.4,0,0.0,28338129142.5
2025-08-01 09:37:29 AM,24780.4,2025,50180310.0,28388309452.5
2025-08-01 09:37:30 AM,24778.9,0,0.0,28388309452.5
2025-08-01 09:37:30 AM,24777.0,0,0.0,28388309452.5
2025-08-01 09:37:31 AM,24777.0,675,16724475.0,28405033927.5
2025-08-01 09:37:31 AM,24782.4,225,5576040.0,28410609967.5
2025-08-01 09:37:31 AM,24778.0,0,0.0,28410609967.5
2025-08-01 09:37:32 AM,24778.0,75,1858350.0,28412468317.5
2025-08-01 09:37:34 AM,24783.9,0,0.0,28412468317.5
2025-08-01 09:37:36 AM,24783.9,225,5576377.5,28418044695.0
2025-08-01 09:37:36 AM,24779.0,0,0.0,28418044695.0
2025-08-01 09:37:37 AM,24779.0,300,7433700.0,28425478395.0
2025-08-01 09:37:38 AM,24783.9,0,0.0,28425478395.0
2025-08-01 09:37:39 AM,24781.5,0,0.0,28425478395.0
2025-08-01 09:37:39 AM,24781.5,225,5575837.5,28431054232.5
2025-08-01 09:37:41 AM,24783.9,0,0.0,28431054232.5
2025-08-01 09:37:41 AM,24783.9,300,7435170.0,28438489402.5
2025-08-01 09:37:42 AM,24785.0,0,0.0,28438489402.5
2025-08-01 09:37:42 AM,24785.0,225,5576625.0,28444066027.5
2025-08-01 09:37:44 AM,24785.0,150,3717750.0,28447783777.5
2025-08-01 09:37:45 AM,24785.4,0,0.0,28447783777.5
2025-08-01 09:37:46 AM,24785.0,0,0.0,28447783777.5
2025-08-01 09:37:46 AM,24785.0,150,3717750.0,28451501527.5
2025-08-01 09:37:47 AM,24785.0,375,9294375.0,28460795902.5
2025-08-01 09:37:48 AM,24785.0,75,1858875.0,28462654777.5
2025-08-01 09:37:48 AM,24789.0,0,0.0,28462654777.5
2025-08-01 09:37:49 AM,24789.0,225,5577525.0,28468232302.5
2025-08-01 09:37:50 AM,24785.0,0,0.0,28468232302.5
2025-08-01 09:37:51 AM,24785.0,300,7435500.0,28475667802.5
2025-08-01 09:37:53 AM,24785.0,150,3717750.0,28479385552.5
2025-08-01 09:37:53 AM,24789.0,0,0.0,28479385552.5
2025-08-01 09:37:53 AM,24785.0,0,0.0,28479385552.5
2025-08-01 09:37:54 AM,24785.0,225,5576625.0,28484962177.5
2025-08-01 09:37:58 AM,24785.0,75,1858875.0,28486821052.5
2025-08-01 09:38:00 AM,24786.3,0,0.0,28486821052.5
2025-08-01 09:38:01 AM,24783.9,0,0.0,28486821052.5
2025-08-01 09:38:01 AM,24783.9,375,9293962.5,28496115015.0
2025-08-01 09:38:01 AM,24783.6,0,0.0,28496115015.0
2025-08-01 09:38:02 AM,24782.0,0,0.0,28496115015.0
2025-08-01 09:38:03 AM,24782.0,300,7434600.0,28503549615.0
2025-08-01 09:38:03 AM,24780.0,0,0.0,28503549615.0
2025-08-01 09:38:04 AM,24778.7,0,0.0,28503549615.0
2025-08-01 09:38:04 AM,24778.4,900,22300560.0,28525850175.0
2025-08-01 09:38:04 AM,24783.4,75,1858755.0,28527708930.0
2025-08-01 09:38:06 AM,24778.4,0,0.0,28527708930.0
2025-08-01 09:38:06 AM,24778.4,150,3716760.0,28531425690.0
2025-08-01 09:38:07 AM,24784.0,0,0.0,28531425690.0
2025-08-01 09:38:07 AM,24782.0,0,0.0,28531425690.0
2025-08-01 09:38:08 AM,24782.0,4200,104084400.0,28635510090.0
2025-08-01 09:38:08 AM,24778.4,0,0.0,28635510090.0
2025-08-01 09:38:09 AM,24778.4,75,1858380.0,28637368470.0
2025-08-01 09:38:10 AM,24782.9,0,0.0,28637368470.0
2025-08-01 09:38:11 AM,24782.7,975,24163132.5,28661531602.5
2025-08-01 09:38:11 AM,24787.9,450,11154555.0,28672686157.5
2025-08-01 09:38:11 AM,24783.3,0,0.0,28672686157.5
2025-08-01 09:38:12 AM,24783.3,825,20446222.5,28693132380.0
2025-08-01 09:38:12 AM,24783.7,0,0.0,28693132380.0
2025-08-01 09:38:12 AM,24783.7,300,7435110.0,28700567490.0
2025-08-01 09:38:13 AM,24788.0,0,0.0,28700567490.0
2025-08-01 09:38:13 AM,24785.0,0,0.0,28700567490.0
2025-08-01 09:38:14 AM,24788.0,1050,26027400.0,28726594890.0
2025-08-01 09:38:15 AM,24783.3,0,0.0,28726594890.0
2025-08-01 09:38:16 AM,24783.3,75,1858747.5,28728453637.5
2025-08-01 09:38:18 AM,24788.0,0,0.0,28728453637.5
2025-08-01 09:38:18 AM,24783.1,0,0.0,28728453637.5
2025-08-01 09:38:19 AM,24783.1,900,22304790.0,28750758427.5
2025-08-01 09:38:21 AM,24782.1,0,0.0,28750758427.5
2025-08-01 09:38:21 AM,24782.1,750,18586575.0,28769345002.5
2025-08-01 09:38:21 AM,24787.8,0,0.0,28769345002.5
2025-08-01 09:38:22 AM,24787.8,75,1859085.0,28771204087.5
2025-08-01 09:38:22 AM,24782.2,0,0.0,28771204087.5
2025-08-01 09:38:22 AM,24782.2,75,1858665.0,28773062752.5
2025-08-01 09:38:24 AM,24788.0,0,0.0,28773062752.5
2025-08-01 09:38:24 AM,24788.0,1875,46477500.0,28819540252.5
2025-08-01 09:38:24 AM,24788.0,75,1859100.0,28821399352.5
2025-08-01 09:38:24 AM,24788.1,0,0.0,28821399352.5
2025-08-01 09:38:25 AM,24787.6,0,0.0,28821399352.5
2025-08-01 09:38:26 AM,24787.6,150,3718140.0,28825117492.5
2025-08-01 09:38:27 AM,24786.8,0,0.0,28825117492.5
2025-08-01 09:38:27 AM,24786.8,75,1859010.0,28826976502.5
2025-08-01 09:38:28 AM,24783.1,0,0.0,28826976502.5
2025-08-01 09:38:29 AM,24783.1,75,1858732.5,28828835235.0
2025-08-01 09:38:30 AM,24785.0,0,0.0,28828835235.0
2025-08-01 09:38:30 AM,24785.1,0,0.0,28828835235.0
2025-08-01 09:38:31 AM,24785.1,525,13012177.5,28841847412.5
2025-08-01 09:38:31 AM,24785.6,75,1858920.0,28843706332.5
2025-08-01 09:38:32 AM,24786.3,75,1858972.5,28845565305.0
2025-08-01 09:38:33 AM,24785.9,0,0.0,28845565305.0
2025-08-01 09:38:34 AM,24785.9,750,18589425.0,28864154730.0
2025-08-01 09:38:37 AM,24785.9,75,1858942.5,28866013672.5
2025-08-01 09:38:38 AM,24786.8,0,0.0,28866013672.5
2025-08-01 09:38:39 AM,24785.0,0,0.0,28866013672.5
2025-08-01 09:38:39 AM,24784.0,2250,55764000.0,28921777672.5
2025-08-01 09:38:41 AM,24785.9,150,3717885.0,28925495557.5
2025-08-01 09:38:44 AM,24785.9,75,1858942.5,28927354500.0
2025-08-01 09:38:45 AM,24786.9,0,0.0,28927354500.0
2025-08-01 09:38:45 AM,24785.9,0,0.0,28927354500.0
2025-08-01 09:38:46 AM,24785.9,150,3717885.0,28931072385.0
2025-08-01 09:38:48 AM,24785.9,150,3717885.0,28934790270.0
2025-08-01 09:38:49 AM,24786.9,0,0.0,28934790270.0
2025-08-01 09:38:49 AM,24786.9,150,3718035.0,28938508305.0
2025-08-01 09:38:49 AM,24788.0,225,5577300.0,28944085605.0
2025-08-01 09:38:54 AM,24788.6,0,0.0,28944085605.0
2025-08-01 09:38:54 AM,24788.6,150,3718290.0,28947803895.0
2025-08-01 09:38:54 AM,24788.6,225,5577435.0,28953381330.0
2025-08-01 09:38:55 AM,24787.8,0,0.0,28953381330.0
2025-08-01 09:38:56 AM,24787.8,375,9295425.0,28962676755.0
2025-08-01 09:38:57 AM,24789.0,0,0.0,28962676755.0
2025-08-01 09:38:57 AM,24789.0,225,5577525.0,28968254280.0
2025-08-01 09:38:58 AM,24789.0,75,1859175.0,28970113455.0
2025-08-01 09:38:59 AM,24789.3,150,3718395.0,28973831850.0
2025-08-01 09:38:59 AM,24789.4,0,0.0,28973831850.0
2025-08-01 09:39:00 AM,24788.7,0,0.0,28973831850.0
2025-08-01 09:39:01 AM,24789.0,0,0.0,28973831850.0
2025-08-01 09:39:01 AM,24789.0,750,18591750.0,28992423600.0
2025-08-01 09:39:01 AM,24786.9,0,0.0,28992423600.0
2025-08-01 09:39:02 AM,24785.9,0,0.0,28992423600.0
2025-08-01 09:39:02 AM,24784.4,750,18588300.0,29011011900.0
2025-08-01 09:39:04 AM,24784.4,150,3717660.0,29014729560.0
2025-08-01 09:39:05 AM,24784.9,0,0.0,29014729560.0
2025-08-01 09:39:06 AM,24784.9,75,1858867.5,29016588427.5
2025-08-01 09:39:06 AM,24784.4,0,0.0,29016588427.5
2025-08-01 09:39:06 AM,24782.0,0,0.0,29016588427.5
2025-08-01 09:39:07 AM,24784.5,1650,40894425.0,29057482852.5
2025-08-01 09:39:07 AM,24785.0,0,0.0,29057482852.5
2025-08-01 09:39:08 AM,24785.0,3000,74355000.0,29131837852.5
2025-08-01 09:39:08 AM,24784.0,0,0.0,29131837852.5
2025-08-01 09:39:09 AM,24781.0,300,7434300.0,29139272152.5
2025-08-01 09:39:09 AM,24783.8,150,3717570.0,29142989722.5
2025-08-01 09:39:10 AM,24781.7,0,0.0,29142989722.5
2025-08-01 09:39:11 AM,24780.0,0,0.0,29142989722.5
2025-08-01 09:39:11 AM,24780.0,225,5575500.0,29148565222.5
2025-08-01 09:39:11 AM,24779.0,0,0.0,29148565222.5
2025-08-01 09:39:12 AM,24778.4,0,0.0,29148565222.5
2025-08-01 09:39:12 AM,24780.2,450,11151090.0,29159716312.5
2025-08-01 09:39:14 AM,24780.2,225,5575545.0,29165291857.5
2025-08-01 09:39:14 AM,24778.4,0,0.0,29165291857.5
2025-08-01 09:39:15 AM,24780.2,0,0.0,29165291857.5
2025-08-01 09:39:15 AM,24780.0,0,0.0,29165291857.5
2025-08-01 09:39:16 AM,24780.0,300,7434000.0,29172725857.5
2025-08-01 09:39:16 AM,24778.4,0,0.0,29172725857.5
2025-08-01 09:39:16 AM,24778.4,75,1858380.0,29174584237.5
2025-08-01 09:39:16 AM,24780.0,0,0.0,29174584237.5
2025-08-01 09:39:17 AM,24780.0,150,3717000.0,29178301237.5
2025-08-01 09:39:17 AM,24778.4,0,0.0,29178301237.5
2025-08-01 09:39:19 AM,24781.4,0,0.0,29178301237.5
2025-08-01 09:39:19 AM,24781.4,225,5575815.0,29183877052.5
2025-08-01 09:39:20 AM,24781.3,0,0.0,29183877052.5
2025-08-01 09:39:21 AM,24778.0,0,0.0,29183877052.5
2025-08-01 09:39:21 AM,24777.0,1275,31590675.0,29215467727.5
2025-08-01 09:39:22 AM,24777.4,0,0.0,29215467727.5
2025-08-01 09:39:22 AM,24777.4,75,1858305.0,29217326032.5
2025-08-01 09:39:23 AM,24775.0,0,0.0,29217326032.5
2025-08-01 09:39:24 AM,24777.4,0,0.0,29217326032.5
2025-08-01 09:39:24 AM,24777.4,600,14866440.0,29232192472.5
2025-08-01 09:39:26 AM,24777.4,150,3716610.0,29235909082.5
2025-08-01 09:39:26 AM,24775.0,0,0.0,29235909082.5
2025-08-01 09:39:26 AM,24775.0,75,1858125.0,29237767207.5
2025-08-01 09:39:27 AM,24777.4,75,1858305.0,29239625512.5
2025-08-01 09:39:28 AM,24775.0,0,0.0,29239625512.5
2025-08-01 09:39:29 AM,24775.0,600,14865000.0,29254490512.5
2025-08-01 09:39:31 AM,24775.0,525,13006875.0,29267497387.5
2025-08-01 09:39:32 AM,24775.0,675,16723125.0,29284220512.5
2025-08-01 09:39:33 AM,24773.6,0,0.0,29284220512.5
2025-08-01 09:39:34 AM,24773.6,75,1858020.0,29286078532.5
2025-08-01 09:39:35 AM,24775.0,0,0.0,29286078532.5
2025-08-01 09:39:35 AM,24777.8,0,0.0,29286078532.5
2025-08-01 09:39:36 AM,24777.8,450,11150010.0,29297228542.5
2025-08-01 09:39:38 AM,24775.0,0,0.0,29297228542.5
2025-08-01 09:39:39 AM,24775.0,975,24155625.0,29321384167.5
2025-08-01 09:39:41 AM,24774.9,0,0.0,29321384167.5
2025-08-01 09:39:41 AM,24774.9,75,1858117.5,29323242285.0
2025-08-01 09:39:42 AM,24774.9,150,3716235.0,29326958520.0
2025-08-01 09:39:42 AM,24773.0,525,13005825.0,29339964345.0
2025-08-01 09:39:44 AM,24771.0,0,0.0,29339964345.0
2025-08-01 09:39:44 AM,24771.1,0,0.0,29339964345.0
2025-08-01 09:39:44 AM,24771.1,2025,50161477.5,29390125822.5
2025-08-01 09:39:44 AM,24771.4,75,1857855.0,29391983677.5
2025-08-01 09:39:45 AM,24775.0,0,0.0,29391983677.5
2025-08-01 09:39:45 AM,24778.4,0,0.0,29391983677.5
2025-08-01 09:39:46 AM,24773.6,0,0.0,29391983677.5
2025-08-01 09:39:46 AM,24778.4,1800,44601120.0,29436584797.5
2025-08-01 09:39:47 AM,24778.4,225,5575140.0,29442159937.5
2025-08-01 09:39:48 AM,24774.3,0,0.0,29442159937.5
2025-08-01 09:39:49 AM,24774.1,0,0.0,29442159937.5
2025-08-01 09:39:49 AM,24774.1,525,13006402.5,29455166340.0
2025-08-01 09:39:50 AM,24778.4,0,0.0,29455166340.0
2025-08-01 09:39:51 AM,24778.4,150,3716760.0,29458883100.0
2025-08-01 09:39:52 AM,24777.3,0,0.0,29458883100.0
2025-08-01 09:39:52 AM,24777.3,75,1858297.5,29460741397.5
2025-08-01 09:39:54 AM,24775.9,150,3716385.0,29464457782.5
2025-08-01 09:39:55 AM,24775.0,0,0.0,29464457782.5
2025-08-01 09:39:56 AM,24775.0,225,5574375.0,29470032157.5
2025-08-01 09:39:57 AM,24774.9,0,0.0,29470032157.5
2025-08-01 09:39:57 AM,24774.9,150,3716235.0,29473748392.5
2025-08-01 09:39:58 AM,24775.0,0,0.0,29473748392.5
2025-08-01 09:39:59 AM,24770.0,0,0.0,29473748392.5
2025-08-01 09:39:59 AM,24771.7,1650,40873305.0,29514621697.5
2025-08-01 09:40:01 AM,24771.7,225,5573632.5,29520195330.0
2025-08-01 09:40:02 AM,24771.1,0,0.0,29520195330.0
2025-08-01 09:40:02 AM,24771.0,0,0.0,29520195330.0
2025-08-01 09:40:02 AM,24771.0,450,11146950.0,29531342280.0
2025-08-01 09:40:03 AM,24770.0,0,0.0,29531342280.0
2025-08-01 09:40:04 AM,24772.4,0,0.0,29531342280.0
2025-08-01 09:40:04 AM,24772.4,300,7431720.0,29538774000.0
2025-08-01 09:40:05 AM,24771.1,0,0.0,29538774000.0
2025-08-01 09:40:05 AM,24770.0,0,0.0,29538774000.0
2025-08-01 09:40:06 AM,24772.9,0,0.0,29538774000.0
2025-08-01 09:40:06 AM,24772.9,825,20437642.5,29559211642.5
2025-08-01 09:40:07 AM,24773.4,0,0.0,29559211642.5
2025-08-01 09:40:07 AM,24775.4,0,0.0,29559211642.5
2025-08-01 09:40:07 AM,24772.9,5475,135631627.5,29694843270.0
2025-08-01 09:40:10 AM,24770.9,0,0.0,29694843270.0
2025-08-01 09:40:10 AM,24775.9,0,0.0,29694843270.0
2025-08-01 09:40:11 AM,24770.8,0,0.0,29694843270.0
2025-08-01 09:40:11 AM,24770.8,1725,42729630.0,29737572900.0
2025-08-01 09:40:11 AM,24770.0,0,0.0,29737572900.0
2025-08-01 09:40:11 AM,24770.0,600,14862000.0,29752434900.0
2025-08-01 09:40:12 AM,24776.1,0,0.0,29752434900.0
2025-08-01 09:40:12 AM,24776.1,375,9291037.5,29761725937.5
2025-08-01 09:40:14 AM,24776.0,0,0.0,29761725937.5
2025-08-01 09:40:14 AM,24776.0,75,1858200.0,29763584137.5
2025-08-01 09:40:15 AM,24770.0,0,0.0,29763584137.5
2025-08-01 09:40:16 AM,24770.0,2100,52017000.0,29815601137.5
2025-08-01 09:40:18 AM,24775.0,75,1858125.0,29817459262.5
2025-08-01 09:40:18 AM,24776.0,0,0.0,29817459262.5
2025-08-01 09:40:18 AM,24775.0,0,0.0,29817459262.5
2025-08-01 09:40:19 AM,24775.0,150,3716250.0,29821175512.5
2025-08-01 09:40:20 AM,24773.2,0,0.0,29821175512.5
2025-08-01 09:40:21 AM,24773.2,825,20437890.0,29841613402.5
2025-08-01 09:40:21 AM,24776.0,0,0.0,29841613402.5
2025-08-01 09:40:22 AM,24778.0,0,0.0,29841613402.5
2025-08-01 09:40:22 AM,24778.0,150,3716700.0,29845330102.5
2025-08-01 09:40:24 AM,24778.4,0,0.0,29845330102.5
2025-08-01 09:40:24 AM,24778.4,75,1858380.0,29847188482.5
2025-08-01 09:40:25 AM,24779.1,0,0.0,29847188482.5
2025-08-01 09:40:26 AM,24778.0,0,0.0,29847188482.5
2025-08-01 09:40:26 AM,24778.0,600,14866800.0,29862055282.5
2025-08-01 09:40:28 AM,24772.3,0,0.0,29862055282.5
2025-08-01 09:40:29 AM,24772.3,75,1857922.5,29863913205.0
2025-08-01 09:40:29 AM,24776.6,0,0.0,29863913205.0
2025-08-01 09:40:29 AM,24776.6,75,1858245.0,29865771450.0
2025-08-01 09:40:29 AM,24776.5,0,0.0,29865771450.0
2025-08-01 09:40:30 AM,24776.6,0,0.0,29865771450.0
2025-08-01 09:40:31 AM,24776.6,375,9291225.0,29875062675.0
2025-08-01 09:40:34 AM,24775.0,0,0.0,29875062675.0
2025-08-01 09:40:35 AM,24776.0,0,0.0,29875062675.0
2025-08-01 09:40:36 AM,24776.5,0,0.0,29875062675.0
2025-08-01 09:40:36 AM,24776.5,450,11149425.0,29886212100.0
2025-08-01 09:40:37 AM,24776.6,0,0.0,29886212100.0
2025-08-01 09:40:37 AM,24776.6,225,5574735.0,29891786835.0
2025-08-01 09:40:39 AM,24776.0,0,0.0,29891786835.0
2025-08-01 09:40:39 AM,24776.6,225,5574735.0,29897361570.0
2025-08-01 09:40:41 AM,24776.6,300,7432980.0,29904794550.0
2025-08-01 09:40:42 AM,24776.6,225,5574735.0,29910369285.0
2025-08-01 09:40:44 AM,24777.4,0,0.0,29910369285.0
2025-08-01 09:40:44 AM,24777.4,75,1858305.0,29912227590.0
2025-08-01 09:40:45 AM,24780.0,0,0.0,29912227590.0
2025-08-01 09:40:46 AM,24780.0,375,9292500.0,29921520090.0
2025-08-01 09:40:47 AM,24780.0,375,9292500.0,29930812590.0
2025-08-01 09:40:48 AM,24783.9,0,0.0,29930812590.0
2025-08-01 09:40:49 AM,24783.9,150,3717585.0,29934530175.0
2025-08-01 09:40:51 AM,24783.9,150,3717585.0,29938247760.0
2025-08-01 09:40:51 AM,24785.0,0,0.0,29938247760.0
2025-08-01 09:40:52 AM,24785.0,225,5576625.0,29943824385.0
2025-08-01 09:40:54 AM,24785.0,150,3717750.0,29947542135.0
2025-08-01 09:40:55 AM,24781.5,0,0.0,29947542135.0
2025-08-01 09:40:55 AM,24785.0,0,0.0,29947542135.0
2025-08-01 09:40:56 AM,24788.0,0,0.0,29947542135.0
2025-08-01 09:40:56 AM,24788.0,1050,26027400.0,29973569535.0
2025-08-01 09:40:57 AM,24784.1,0,0.0,29973569535.0
2025-08-01 09:40:57 AM,24784.1,75,1858807.5,29975428342.5
2025-08-01 09:40:58 AM,24788.0,0,0.0,29975428342.5
2025-08-01 09:40:59 AM,24788.0,75,1859100.0,29977287442.5
2025-08-01 09:40:59 AM,24789.4,0,0.0,29977287442.5
2025-08-01 09:41:00 AM,24788.0,0,0.0,29977287442.5
2025-08-01 09:41:00 AM,24789.4,0,0.0,29977287442.5
2025-08-01 09:41:01 AM,24790.0,0,0.0,29977287442.5
2025-08-01 09:41:01 AM,24790.0,450,11155500.0,29988442942.5
2025-08-01 09:41:01 AM,24790.0,75,1859250.0,29990302192.5
2025-08-01 09:41:02 AM,24790.0,75,1859250.0,29992161442.5
2025-08-01 09:41:04 AM,24792.8,0,0.0,29992161442.5
2025-08-01 09:41:04 AM,24792.9,0,0.0,29992161442.5
2025-08-01 09:41:04 AM,24792.9,750,18594675.0,30010756117.5
2025-08-01 09:41:05 AM,24794.3,0,0.0,30010756117.5
2025-08-01 09:41:05 AM,24792.5,0,0.0,30010756117.5
2025-08-01 09:41:06 AM,24793.8,0,0.0,30010756117.5
2025-08-01 09:41:06 AM,24792.8,2475,61362180.0,30072118297.5
2025-08-01 09:41:08 AM,24793.9,0,0.0,30072118297.5
2025-08-01 09:41:09 AM,24793.9,300,7438170.0,30079556467.5
2025-08-01 09:41:11 AM,24793.9,525,13016797.5,30092573265.0
2025-08-01 09:41:12 AM,24792.8,0,0.0,30092573265.0
2025-08-01 09:41:12 AM,24792.8,75,1859460.0,30094432725.0
2025-08-01 09:41:13 AM,24792.6,0,0.0,30094432725.0
2025-08-01 09:41:14 AM,24790.0,0,0.0,30094432725.0
2025-08-01 09:41:14 AM,24790.0,600,14874000.0,30109306725.0
2025-08-01 09:41:15 AM,24790.6,0,0.0,30109306725.0
2025-08-01 09:41:15 AM,24788.8,0,0.0,30109306725.0
2025-08-01 09:41:16 AM,24788.9,1200,29746680.0,30139053405.0
2025-08-01 09:41:17 AM,24788.0,0,0.0,30139053405.0
2025-08-01 09:41:17 AM,24789.9,600,14873940.0,30153927345.0
2025-08-01 09:41:19 AM,24789.9,225,5577727.5,30159505072.5
2025-08-01 09:41:20 AM,24789.9,300,7436970.0,30166942042.5
2025-08-01 09:41:24 AM,24788.9,0,0.0,30166942042.5
2025-08-01 09:41:24 AM,24788.9,150,3718335.0,30170660377.5
2025-08-01 09:41:24 AM,24789.9,0,0.0,30170660377.5
2025-08-01 09:41:25 AM,24789.9,450,11155455.0,30181815832.5
2025-08-01 09:41:26 AM,24790.0,0,0.0,30181815832.5
2025-08-01 09:41:27 AM,24790.9,0,0.0,30181815832.5
2025-08-01 09:41:27 AM,24790.9,300,7437270.0,30189253102.5
2025-08-01 09:41:29 AM,24790.9,75,1859317.5,30191112420.0
2025-08-01 09:41:30 AM,24791.9,0,0.0,30191112420.0
2025-08-01 09:41:30 AM,24789.9,300,7436970.0,30198549390.0
2025-08-01 09:41:31 AM,24787.0,0,0.0,30198549390.0
2025-08-01 09:41:31 AM,24788.0,0,0.0,30198549390.0
2025-08-01 09:41:32 AM,24790.0,0,0.0,30198549390.0
2025-08-01 09:41:32 AM,24790.0,1125,27888750.0,30226438140.0
2025-08-01 09:41:34 AM,24790.0,75,1859250.0,30228297390.0
2025-08-01 09:41:34 AM,24788.9,0,0.0,30228297390.0
2025-08-01 09:41:35 AM,24790.0,0,0.0,30228297390.0
2025-08-01 09:41:35 AM,24790.0,600,14874000.0,30243171390.0
2025-08-01 09:41:36 AM,24789.9,0,0.0,30243171390.0
2025-08-01 09:41:37 AM,24789.9,300,7436970.0,30250608360.0
2025-08-01 09:41:39 AM,24790.0,0,0.0,30250608360.0
2025-08-01 09:41:39 AM,24793.9,2925,72522157.5,30323130517.5
2025-08-01 09:41:40 AM,24793.9,300,7438170.0,30330568687.5
2025-08-01 09:41:40 AM,24793.9,75,1859542.5,30332428230.0
2025-08-01 09:41:41 AM,24787.9,0,0.0,30332428230.0
2025-08-01 09:41:42 AM,24793.3,0,0.0,30332428230.0
2025-08-01 09:41:42 AM,24793.3,375,9297487.5,30341725717.5
2025-08-01 09:41:43 AM,24793.9,0,0.0,30341725717.5
2025-08-01 09:41:44 AM,24793.9,450,11157255.0,30352882972.5
2025-08-01 09:41:45 AM,24792.7,0,0.0,30352882972.5
2025-08-01 09:41:45 AM,24792.7,450,11156715.0,30364039687.5
2025-08-01 09:41:47 AM,24789.9,0,0.0,30364039687.5
2025-08-01 09:41:47 AM,24789.9,75,1859242.5,30365898930.0
2025-08-01 09:41:47 AM,24791.3,75,1859347.5,30367758277.5
2025-08-01 09:41:48 AM,24793.8,0,0.0,30367758277.5
2025-08-01 09:41:49 AM,24793.8,75,1859535.0,30369617812.5
2025-08-01 09:41:50 AM,24792.0,0,0.0,30369617812.5
2025-08-01 09:41:50 AM,24792.0,300,7437600.0,30377055412.5
2025-08-01 09:41:54 AM,24792.0,225,5578200.0,30382633612.5
2025-08-01 09:41:55 AM,24794.5,0,0.0,30382633612.5
2025-08-01 09:41:55 AM,24794.9,0,0.0,30382633612.5
2025-08-01 09:41:55 AM,24792.7,1800,44626860.0,30427260472.5
2025-08-01 09:41:59 AM,24792.0,0,0.0,30427260472.5
2025-08-01 09:41:59 AM,24792.0,525,13015800.0,30440276272.5
2025-08-01 09:42:00 AM,24791.3,0,0.0,30440276272.5
2025-08-01 09:42:00 AM,24791.4,0,0.0,30440276272.5
2025-08-01 09:42:00 AM,24791.4,750,18593550.0,30458869822.5
2025-08-01 09:42:01 AM,24794.4,0,0.0,30458869822.5
2025-08-01 09:42:01 AM,24795.0,0,0.0,30458869822.5
2025-08-01 09:42:02 AM,24795.0,525,13017375.0,30471887197.5
2025-08-01 09:42:03 AM,24792.7,0,0.0,30471887197.5
2025-08-01 09:42:04 AM,24789.1,450,11155095.0,30483042292.5
2025-08-01 09:42:05 AM,24790.0,0,0.0,30483042292.5
2025-08-01 09:42:05 AM,24790.0,225,5577750.0,30488620042.5
2025-08-01 09:42:06 AM,24793.1,0,0.0,30488620042.5
2025-08-01 09:42:07 AM,24793.1,150,3718965.0,30492339007.5
2025-08-01 09:42:10 AM,24793.4,0,0.0,30492339007.5
2025-08-01 09:42:10 AM,24792.8,450,11156760.0,30503495767.5
2025-08-01 09:42:11 AM,24792.8,75,1859460.0,30505355227.5
2025-08-01 09:42:12 AM,24792.8,75,1859460.0,30507214687.5
2025-08-01 09:42:14 AM,24790.0,300,7437000.0,30514651687.5
2025-08-01 09:42:15 AM,24792.8,0,0.0,30514651687.5
2025-08-01 09:42:15 AM,24792.8,75,1859460.0,30516511147.5
2025-08-01 09:42:16 AM,24793.1,0,0.0,30516511147.5
2025-08-01 09:42:17 AM,24793.4,0,0.0,30516511147.5
2025-08-01 09:42:17 AM,24793.4,225,5578515.0,30522089662.5
2025-08-01 09:42:18 AM,24792.8,0,0.0,30522089662.5
2025-08-01 09:42:19 AM,24792.0,0,0.0,30522089662.5
2025-08-01 09:42:19 AM,24792.0,375,9297000.0,30531386662.5
2025-08-01 09:42:20 AM,24787.6,0,0.0,30531386662.5
2025-08-01 09:42:20 AM,24786.3,0,0.0,30531386662.5
2025-08-01 09:42:20 AM,24786.3,1350,33461505.0,30564848167.5
2025-08-01 09:42:21 AM,24786.6,0,0.0,30564848167.5
2025-08-01 09:42:22 AM,24786.6,75,1858995.0,30566707162.5
2025-08-01 09:42:24 AM,24786.6,225,5576985.0,30572284147.5
2025-08-01 09:42:25 AM,24786.6,375,9294975.0,30581579122.5
2025-08-01 09:42:27 AM,24786.8,0,0.0,30581579122.5
2025-08-01 09:42:27 AM,24787.9,0,0.0,30581579122.5
2025-08-01 09:42:27 AM,24787.9,1875,46477312.5,30628056435.0
2025-08-01 09:42:28 AM,24787.4,0,0.0,30628056435.0
2025-08-01 09:42:28 AM,24786.6,0,0.0,30628056435.0
2025-08-01 09:42:29 AM,24788.4,0,0.0,30628056435.0
2025-08-01 09:42:29 AM,24788.4,1200,29746080.0,30657802515.0
2025-08-01 09:42:30 AM,24787.1,0,0.0,30657802515.0
2025-08-01 09:42:30 AM,24785.1,0,0.0,30657802515.0
2025-08-01 09:42:30 AM,24785.0,600,14871000.0,30672673515.0
2025-08-01 09:42:31 AM,24785.2,0,0.0,30672673515.0
2025-08-01 09:42:32 AM,24785.2,75,1858890.0,30674532405.0
2025-08-01 09:42:33 AM,24784.9,0,0.0,30674532405.0
2025-08-01 09:42:33 AM,24785.2,0,0.0,30674532405.0
2025-08-01 09:42:34 AM,24784.4,0,0.0,30674532405.0
2025-08-01 09:42:34 AM,24784.4,525,13011810.0,30687544215.0
2025-08-01 09:42:34 AM,24786.4,0,0.0,30687544215.0
2025-08-01 09:42:35 AM,24784.4,0,0.0,30687544215.0
2025-08-01 09:42:35 AM,24786.4,0,0.0,30687544215.0
2025-08-01 09:42:35 AM,24786.4,525,13012860.0,30700557075.0
2025-08-01 09:42:36 AM,24788.4,0,0.0,30700557075.0
2025-08-01 09:42:37 AM,24788.6,0,0.0,30700557075.0
2025-08-01 09:42:37 AM,24788.6,2625,65070074.99999999,30765627150.0
2025-08-01 09:42:39 AM,24786.9,0,0.0,30765627150.0
2025-08-01 09:42:40 AM,24786.9,525,13013122.5,30778640272.5
2025-08-01 09:42:44 AM,24786.9,150,3718035.0,30782358307.5
2025-08-01 09:42:44 AM,24783.0,0,0.0,30782358307.5
2025-08-01 09:42:45 AM,24787.9,0,0.0,30782358307.5
2025-08-01 09:42:45 AM,24788.4,675,16732170.000000002,30799090477.5
2025-08-01 09:42:47 AM,24789.9,0,0.0,30799090477.5
2025-08-01 09:42:47 AM,24789.9,225,5577727.5,30804668205.0
2025-08-01 09:42:48 AM,24791.4,0,0.0,30804668205.0
2025-08-01 09:42:48 AM,24791.7,0,0.0,30804668205.0
2025-08-01 09:42:49 AM,24791.7,1950,48343815.0,30853012020.0
2025-08-01 09:42:50 AM,24791.3,0,0.0,30853012020.0
2025-08-01 09:42:51 AM,24791.3,225,5578042.5,30858590062.5
2025-08-01 09:42:51 AM,24789.9,0,0.0,30858590062.5
2025-08-01 09:42:52 AM,24789.9,150,3718485.0,30862308547.5
2025-08-01 09:42:55 AM,24792.8,0,0.0,30862308547.5
2025-08-01 09:42:56 AM,24792.8,75,1859460.0,30864168007.5
2025-08-01 09:42:56 AM,24793.0,0,0.0,30864168007.5
2025-08-01 09:42:57 AM,24794.9,0,0.0,30864168007.5
2025-08-01 09:42:57 AM,24794.9,300,7438470.0,30871606477.5
2025-08-01 09:42:58 AM,24795.0,0,0.0,30871606477.5
2025-08-01 09:42:59 AM,24795.0,75,1859625.0,30873466102.5
2025-08-01 09:43:00 AM,24794.8,0,0.0,30873466102.5
2025-08-01 09:43:00 AM,24794.7,0,0.0,30873466102.5
2025-08-01 09:43:01 AM,24794.7,375,9298012.5,30882764115.0
2025-08-01 09:43:01 AM,24793.4,75,1859505.0,30884623620.0
2025-08-01 09:43:02 AM,24793.4,75,1859505.0,30886483125.0
2025-08-01 09:43:03 AM,24794.9,0,0.0,30886483125.0
2025-08-01 09:43:04 AM,24794.9,75,1859617.5,30888342742.5
2025-08-01 09:43:04 AM,24794.8,0,0.0,30888342742.5
2025-08-01 09:43:05 AM,24795.0,0,0.0,30888342742.5
2025-08-01 09:43:06 AM,24795.0,450,11157750.0,30899500492.5
2025-08-01 09:43:07 AM,24796.9,0,0.0,30899500492.5
2025-08-01 09:43:07 AM,24796.9,225,5579302.5,30905079795.0
2025-08-01 09:43:08 AM,24797.0,0,0.0,30905079795.0
2025-08-01 09:43:09 AM,24794.9,0,0.0,30905079795.0
2025-08-01 09:43:09 AM,24797.0,225,5579325.0,30910659120.0
2025-08-01 09:43:10 AM,24798.3,0,0.0,30910659120.0
2025-08-01 09:43:10 AM,24799.0,0,0.0,30910659120.0
2025-08-01 09:43:11 AM,24799.0,750,18599250.0,30929258370.0
2025-08-01 09:43:11 AM,24799.1,0,0.0,30929258370.0
2025-08-01 09:43:12 AM,24799.1,150,3719865.0,30932978235.0
2025-08-01 09:43:15 AM,24796.9,0,0.0,30932978235.0
2025-08-01 09:43:16 AM,24796.9,525,13018372.5,30945996607.5
2025-08-01 09:43:17 AM,24796.7,0,0.0,30945996607.5
2025-08-01 09:43:17 AM,24796.7,75,1859752.5,30947856360.0
2025-08-01 09:43:19 AM,24796.7,75,1859752.5,30949716112.5
2025-08-01 09:43:19 AM,24796.9,0,0.0,30949716112.5
2025-08-01 09:43:19 AM,24796.9,75,1859767.5,30951575880.0
2025-08-01 09:43:20 AM,24793.4,0,0.0,30951575880.0
2025-08-01 09:43:20 AM,24796.3,0,0.0,30951575880.0
2025-08-01 09:43:21 AM,24796.8,450,11158560.0,30962734440.0
2025-08-01 09:43:21 AM,24796.9,0,0.0,30962734440.0
2025-08-01 09:43:22 AM,24796.9,75,1859767.5,30964594207.5
2025-08-01 09:43:24 AM,24796.9,300,7439070.0,30972033277.5
2025-08-01 09:43:26 AM,24796.9,450,11158605.0,30983191882.5
2025-08-01 09:43:29 AM,24796.9,75,1859767.5,30985051650.0
2025-08-01 09:43:30 AM,24797.9,0,0.0,30985051650.0
2025-08-01 09:43:31 AM,24797.9,225,5579527.5,30990631177.5
2025-08-01 09:43:32 AM,24798.4,0,0.0,30990631177.5
2025-08-01 09:43:33 AM,24797.1,0,0.0,30990631177.5
2025-08-01 09:43:34 AM,24797.8,750,18598350.0,31009229527.5
2025-08-01 09:43:35 AM,24799.1,0,0.0,31009229527.5
2025-08-01 09:43:35 AM,24800.0,0,0.0,31009229527.5
2025-08-01 09:43:36 AM,24800.0,600,14880000.0,31024109527.5
2025-08-01 09:43:37 AM,24799.9,0,0.0,31024109527.5
2025-08-01 09:43:37 AM,24799.0,450,11159550.0,31035269077.5
2025-08-01 09:43:39 AM,24799.9,75,1859992.5,31037129070.0
2025-08-01 09:43:40 AM,24800.0,0,0.0,31037129070.0
2025-08-01 09:43:41 AM,24800.1,525,13020052.5,31050149122.5
2025-08-01 09:43:41 AM,24800.0,150,3720000.0,31053869122.5
2025-08-01 09:43:41 AM,24799.2,0,0.0,31053869122.5
2025-08-01 09:43:42 AM,24799.2,75,1859940.0,31055729062.5
2025-08-01 09:43:43 AM,24799.7,0,0.0,31055729062.5
2025-08-01 09:43:44 AM,24799.7,75,1859977.5,31057589040.0
2025-08-01 09:43:44 AM,24799.7,75,1859977.5,31059449017.5
2025-08-01 09:43:45 AM,24799.9,0,0.0,31059449017.5
2025-08-01 09:43:46 AM,24799.0,1050,26038950.0,31085487967.5
2025-08-01 09:43:47 AM,24797.8,0,0.0,31085487967.5
2025-08-01 09:43:47 AM,24799.0,525,13019475.0,31098507442.5
2025-08-01 09:43:48 AM,24797.4,0,0.0,31098507442.5
2025-08-01 09:43:49 AM,24797.4,75,1859805.0,31100367247.5
2025-08-01 09:43:50 AM,24799.0,0,0.0,31100367247.5
2025-08-01 09:43:51 AM,24799.0,225,5579775.0,31105947022.5
2025-08-01 09:43:52 AM,24799.0,975,24179025.0,31130126047.5
2025-08-01 09:43:54 AM,24797.4,375,9299025.0,31139425072.5
2025-08-01 09:43:54 AM,24799.0,75,1859925.0,31141284997.5
2025-08-01 09:43:55 AM,24799.6,0,0.0,31141284997.5
2025-08-01 09:43:55 AM,24799.6,75,1859970.0,31143144967.5
2025-08-01 09:43:56 AM,24799.0,0,0.0,31143144967.5
2025-08-01 09:43:57 AM,24798.7,0,0.0,31143144967.5
2025-08-01 09:43:57 AM,24797.4,0,0.0,31143144967.5
2025-08-01 09:43:57 AM,24797.0,1125,27896625.0,31171041592.5
2025-08-01 09:43:59 AM,24797.2,0,0.0,31171041592.5
2025-08-01 09:43:59 AM,24797.2,75,1859790.0,31172901382.5
2025-08-01 09:44:00 AM,24798.3,0,0.0,31172901382.5
2025-08-01 09:44:00 AM,24798.4,0,0.0,31172901382.5
2025-08-01 09:44:00 AM,24797.8,375,9299175.0,31182200557.5
2025-08-01 09:44:02 AM,24797.2,0,0.0,31182200557.5
2025-08-01 09:44:02 AM,24796.9,0,0.0,31182200557.5
2025-08-01 09:44:02 AM,24796.9,525,13018372.5,31195218930.0
2025-08-01 09:44:04 AM,24795.0,0,0.0,31195218930.0
2025-08-01 09:44:04 AM,24795.0,75,1859625.0,31197078555.0
2025-08-01 09:44:05 AM,24793.4,0,0.0,31197078555.0
2025-08-01 09:44:05 AM,24793.9,0,0.0,31197078555.0
2025-08-01 09:44:05 AM,24793.9,375,9297712.5,31206376267.5
2025-08-01 09:44:06 AM,24794.0,0,0.0,31206376267.5
2025-08-01 09:44:07 AM,24794.5,0,0.0,31206376267.5
2025-08-01 09:44:07 AM,24794.5,600,14876700.0,31221252967.5
2025-08-01 09:44:08 AM,24793.9,0,0.0,31221252967.5
2025-08-01 09:44:09 AM,24793.9,75,1859542.5,31223112510.0
2025-08-01 09:44:09 AM,24795.4,0,0.0,31223112510.0
2025-08-01 09:44:10 AM,24795.4,225,5578965.0,31228691475.0
2025-08-01 09:44:11 AM,24793.9,0,0.0,31228691475.0
2025-08-01 09:44:11 AM,24793.0,0,0.0,31228691475.0
2025-08-01 09:44:12 AM,24793.0,2100,52065300.0,31280756775.0
2025-08-01 09:44:13 AM,24791.7,0,0.0,31280756775.0
2025-08-01 09:44:14 AM,24791.7,300,7437510.0,31288194285.0
2025-08-01 09:44:15 AM,24792.9,0,0.0,31288194285.0
2025-08-01 09:44:15 AM,24792.9,225,5578402.5,31293772687.5
2025-08-01 09:44:16 AM,24790.0,0,0.0,31293772687.5
2025-08-01 09:44:17 AM,24791.9,0,0.0,31293772687.5
2025-08-01 09:44:17 AM,24791.9,300,7437570.0,31301210257.5
2025-08-01 09:44:19 AM,24791.9,225,5578177.5,31306788435.0
2025-08-01 09:44:21 AM,24790.8,375,9296550.0,31316084985.0
2025-08-01 09:44:21 AM,24790.0,225,5577750.0,31321662735.0
2025-08-01 09:44:22 AM,24791.9,75,1859392.5,31323522127.5
2025-08-01 09:44:22 AM,24791.6,0,0.0,31323522127.5
2025-08-01 09:44:24 AM,24790.8,0,0.0,31323522127.5
2025-08-01 09:44:24 AM,24790.8,450,11155860.0,31334677987.5
2025-08-01 09:44:24 AM,24787.0,0,0.0,31334677987.5
2025-08-01 09:44:25 AM,24790.9,0,0.0,31334677987.5
2025-08-01 09:44:25 AM,24791.0,0,0.0,31334677987.5
2025-08-01 09:44:25 AM,24791.0,675,16733925.0,31351411912.5
2025-08-01 09:44:26 AM,24790.0,75,1859250.0,31353271162.5
2025-08-01 09:44:27 AM,24790.2,0,0.0,31353271162.5
2025-08-01 09:44:27 AM,24790.2,150,3718530.0,31356989692.5
2025-08-01 09:44:30 AM,24790.2,150,3718530.0,31360708222.5
2025-08-01 09:44:31 AM,24791.0,75,1859325.0,31362567547.5
2025-08-01 09:44:31 AM,24790.2,0,0.0,31362567547.5
2025-08-01 09:44:32 AM,24790.2,300,7437060.0,31370004607.5
2025-08-01 09:44:33 AM,24789.4,0,0.0,31370004607.5
2025-08-01 09:44:34 AM,24789.4,150,3718410.0,31373723017.5
2025-08-01 09:44:34 AM,24786.9,0,0.0,31373723017.5
2025-08-01 09:44:35 AM,24786.0,0,0.0,31373723017.5
2025-08-01 09:44:35 AM,24787.6,0,0.0,31373723017.5
2025-08-01 09:44:35 AM,24787.6,675,16731629.999999998,31390454647.5
2025-08-01 09:44:36 AM,24787.2,0,0.0,31390454647.5
2025-08-01 09:44:36 AM,24787.1,0,0.0,31390454647.5
2025-08-01 09:44:37 AM,24787.1,150,3718065.0,31394172712.5
2025-08-01 09:44:37 AM,24785.0,0,0.0,31394172712.5
2025-08-01 09:44:39 AM,24785.0,375,9294375.0,31403467087.5
2025-08-01 09:44:39 AM,24782.0,0,0.0,31403467087.5
2025-08-01 09:44:40 AM,24783.9,0,0.0,31403467087.5
2025-08-01 09:44:40 AM,24783.9,1050,26023095.0,31429490182.5
2025-08-01 09:44:43 AM,24782.0,0,0.0,31429490182.5
2025-08-01 09:44:43 AM,24783.9,0,0.0,31429490182.5
2025-08-01 09:44:44 AM,24781.0,0,0.0,31429490182.5
2025-08-01 09:44:44 AM,24781.0,750,18585750.0,31448075932.5
2025-08-01 09:44:45 AM,24783.9,0,0.0,31448075932.5
2025-08-01 09:44:45 AM,24783.9,375,9293962.5,31457369895.0
2025-08-01 09:44:49 AM,24785.9,0,0.0,31457369895.0
2025-08-01 09:44:50 AM,24785.9,300,7435770.0,31464805665.0
2025-08-01 09:44:51 AM,24786.1,0,0.0,31464805665.0
2025-08-01 09:44:52 AM,24786.1,75,1858957.5,31466664622.5
2025-08-01 09:44:54 AM,24784.6,0,0.0,31466664622.5
2025-08-01 09:44:55 AM,24784.6,225,5576535.0,31472241157.5
2025-08-01 09:44:56 AM,24784.8,0,0.0,31472241157.5
2025-08-01 09:44:56 AM,24784.7,0,0.0,31472241157.5
2025-08-01 09:44:57 AM,24784.7,300,7435410.0,31479676567.5
2025-08-01 09:44:57 AM,24784.9,0,0.0,31479676567.5
2025-08-01 09:44:59 AM,24784.9,75,1858867.5,31481535435.0
2025-08-01 09:44:59 AM,24784.9,75,1858867.5,31483394302.5
2025-08-01 09:45:00 AM,24784.9,150,3717735.0,31487112037.5
2025-08-01 09:45:01 AM,24785.0,0,0.0,31487112037.5
2025-08-01 09:45:02 AM,24787.8,0,0.0,31487112037.5
2025-08-01 09:45:02 AM,24787.8,375,9295425.0,31496407462.5
2025-08-01 09:45:03 AM,24781.0,0,0.0,31496407462.5
2025-08-01 09:45:04 AM,24780.0,900,22302000.0,31518709462.5
2025-08-01 09:45:05 AM,24784.3,0,0.0,31518709462.5
2025-08-01 09:45:05 AM,24784.3,375,9294112.5,31528003575.0
2025-08-01 09:45:06 AM,24780.0,0,0.0,31528003575.0
2025-08-01 09:45:07 AM,24780.0,300,7434000.0,31535437575.0
2025-08-01 09:45:07 AM,24778.4,1050,26017320.0,31561454895.0
2025-08-01 09:45:08 AM,24777.0,0,0.0,31561454895.0
2025-08-01 09:45:09 AM,24778.9,225,5575252.5,31567030147.5
2025-08-01 09:45:10 AM,24782.2,0,0.0,31567030147.5
2025-08-01 09:45:10 AM,24778.8,0,0.0,31567030147.5
2025-08-01 09:45:10 AM,24778.8,6600,163540080.0,31730570227.5
2025-08-01 09:45:13 AM,24777.0,0,0.0,31730570227.5
2025-08-01 09:45:14 AM,24777.0,75,1858275.0,31732428502.5
2025-08-01 09:45:14 AM,24778.0,75,1858350.0,31734286852.5
2025-08-01 09:45:14 AM,24776.6,0,0.0,31734286852.5
2025-08-01 09:45:15 AM,24776.0,0,0.0,31734286852.5
2025-08-01 09:45:15 AM,24778.1,0,0.0,31734286852.5
2025-08-01 09:45:15 AM,24778.1,525,13008502.5,31747295355.0
2025-08-01 09:45:17 AM,24778.1,450,11150145.0,31758445500.0
2025-08-01 09:45:17 AM,24775.0,0,0.0,31758445500.0
2025-08-01 09:45:18 AM,24776.0,0,0.0,31758445500.0
2025-08-01 09:45:19 AM,24776.0,2550,63178800.0,31821624300.0
2025-08-01 09:45:19 AM,24775.0,0,0.0,31821624300.0
2025-08-01 09:45:20 AM,24776.0,0,0.0,31821624300.0
2025-08-01 09:45:20 AM,24776.0,900,22298400.0,31843922700.0
2025-08-01 09:45:21 AM,24775.0,0,0.0,31843922700.0
2025-08-01 09:45:22 AM,24775.0,75,1858125.0,31845780825.0
2025-08-01 09:45:22 AM,24773.9,0,0.0,31845780825.0
2025-08-01 09:45:22 AM,24773.9,150,3716085.0,31849496910.0
2025-08-01 09:45:24 AM,24774.4,0,0.0,31849496910.0
2025-08-01 09:45:25 AM,24775.5,0,0.0,31849496910.0
2025-08-01 09:45:25 AM,24775.5,4425,109631587.5,31959128497.5
2025-08-01 09:45:26 AM,24774.4,0,0.0,31959128497.5
2025-08-01 09:45:27 AM,24775.0,0,0.0,31959128497.5
2025-08-01 09:45:27 AM,24775.0,1125,27871875.0,31987000372.5
2025-08-01 09:45:29 AM,24775.0,75,1858125.0,31988858497.5
2025-08-01 09:45:30 AM,24775.0,2325,57601875.0,32046460372.5
2025-08-01 09:45:32 AM,24775.0,10200,252705000.0,32299165372.5
2025-08-01 09:45:33 AM,24774.5,0,0.0,32299165372.5
2025-08-01 09:45:34 AM,24774.3,225,5574217.5,32304739590.0
2025-08-01 09:45:34 AM,24774.5,0,0.0,32304739590.0
2025-08-01 09:45:35 AM,24774.2,0,0.0,32304739590.0
2025-08-01 09:45:35 AM,24774.2,8400,208103280.0,32512842870.0
2025-08-01 09:45:37 AM,24774.5,0,0.0,32512842870.0
2025-08-01 09:45:37 AM,24774.5,300,7432350.0,32520275220.0
2025-08-01 09:45:38 AM,24777.9,0,0.0,32520275220.0
2025-08-01 09:45:39 AM,24777.9,975,24158452.5,32544433672.5
2025-08-01 09:45:40 AM,24778.0,0,0.0,32544433672.5
2025-08-01 09:45:40 AM,24777.9,0,0.0,32544433672.5
2025-08-01 09:45:40 AM,24777.3,1350,33449355.0,32577883027.5
2025-08-01 09:45:42 AM,24777.9,0,0.0,32577883027.5
2025-08-01 09:45:44 AM,24777.9,150,3716685.0,32581599712.5
2025-08-01 09:45:45 AM,24777.9,1425,35308507.5,32616908220.0
2025-08-01 09:45:46 AM,24777.0,0,0.0,32616908220.0
2025-08-01 09:45:46 AM,24776.7,0,0.0,32616908220.0
2025-08-01 09:45:47 AM,24776.7,450,11149515.0,32628057735.0
2025-08-01 09:45:49 AM,24778.6,0,0.0,32628057735.0
2025-08-01 09:45:50 AM,24780.0,0,0.0,32628057735.0
2025-08-01 09:45:50 AM,24780.0,825,20443500.0,32648501235.0
2025-08-01 09:45:52 AM,24779.2,0,0.0,32648501235.0
2025-08-01 09:45:52 AM,24779.2,75,1858440.0,32650359675.0
2025-08-01 09:45:54 AM,24779.0,0,0.0,32650359675.0
2025-08-01 09:45:54 AM,24779.0,300,7433700.0,32657793375.0
2025-08-01 09:45:54 AM,24780.0,0,0.0,32657793375.0
2025-08-01 09:45:55 AM,24780.0,300,7434000.0,32665227375.0
2025-08-01 09:45:56 AM,24782.0,0,0.0,32665227375.0
2025-08-01 09:45:57 AM,24782.0,150,3717300.0,32668944675.0
2025-08-01 09:45:57 AM,24783.5,300,7435050.0,32676379725.0
2025-08-01 09:46:00 AM,24783.5,300,7435050.0,32683814775.0
2025-08-01 09:46:02 AM,24784.8,0,0.0,32683814775.0
2025-08-01 09:46:04 AM,24784.8,75,1858860.0,32685673635.0
2025-08-01 09:46:05 AM,24785.0,0,0.0,32685673635.0
2025-08-01 09:46:05 AM,24785.4,0,0.0,32685673635.0
2025-08-01 09:46:05 AM,24785.4,225,5576715.0,32691250350.0
2025-08-01 09:46:05 AM,24785.0,150,3717750.0,32694968100.0
2025-08-01 09:46:06 AM,24784.0,0,0.0,32694968100.0
2025-08-01 09:46:07 AM,24780.0,0,0.0,32694968100.0
2025-08-01 09:46:07 AM,24780.0,150,3717000.0,32698685100.0
2025-08-01 09:46:10 AM,24783.9,0,0.0,32698685100.0
2025-08-01 09:46:10 AM,24787.6,0,0.0,32698685100.0
2025-08-01 09:46:10 AM,24787.6,2775,68785590.0,32767470690.0
2025-08-01 09:46:11 AM,24787.4,0,0.0,32767470690.0
2025-08-01 09:46:12 AM,24785.9,0,0.0,32767470690.0
2025-08-01 09:46:12 AM,24785.9,450,11153655.0,32778624345.0
2025-08-01 09:46:15 AM,24787.3,0,0.0,32778624345.0
2025-08-01 09:46:15 AM,24787.3,300,7436190.0,32786060535.0
2025-08-01 09:46:17 AM,24782.0,75,1858650.0,32787919185.0
2025-08-01 09:46:20 AM,24782.0,1200,29738400.0,32817657585.0
2025-08-01 09:46:22 AM,24782.0,150,3717300.0,32821374885.0
2025-08-01 09:46:25 AM,24782.0,150,3717300.0,32825092185.0
2025-08-01 09:46:26 AM,24782.1,0,0.0,32825092185.0
2025-08-01 09:46:26 AM,24787.4,0,0.0,32825092185.0
2025-08-01 09:46:27 AM,24787.4,450,11154330.0,32836246515.0
2025-08-01 09:46:29 AM,24786.1,0,0.0,32836246515.0
2025-08-01 09:46:30 AM,24784.1,0,0.0,32836246515.0
2025-08-01 09:46:30 AM,24784.1,300,7435230.0,32843681745.0
2025-08-01 09:46:35 AM,24783.1,0,0.0,32843681745.0
2025-08-01 09:46:35 AM,24783.1,375,9293662.5,32852975407.5
2025-08-01 09:46:36 AM,24780.0,0,0.0,32852975407.5
2025-08-01 09:46:37 AM,24780.0,75,1858500.0,32854833907.5
2025-08-01 09:46:39 AM,24780.0,75,1858500.0,32856692407.5
2025-08-01 09:46:40 AM,24782.7,0,0.0,32856692407.5
2025-08-01 09:46:40 AM,24782.7,300,7434810.0,32864127217.5
2025-08-01 09:46:41 AM,24780.0,0,0.0,32864127217.5
2025-08-01 09:46:42 AM,24780.0,75,1858500.0,32865985717.5
2025-08-01 09:46:45 AM,24782.9,0,0.0,32865985717.5
2025-08-01 09:46:45 AM,24782.9,600,14869740.0,32880855457.5
2025-08-01 09:46:46 AM,24780.0,0,0.0,32880855457.5
2025-08-01 09:46:46 AM,24777.2,0,0.0,32880855457.5
2025-08-01 09:46:47 AM,24776.7,0,0.0,32880855457.5
2025-08-01 09:46:47 AM,24776.7,675,16724272.5,32897579730.0
2025-08-01 09:46:50 AM,24777.2,0,0.0,32897579730.0
2025-08-01 09:46:50 AM,24777.2,75,1858290.0,32899438020.0
2025-08-01 09:46:50 AM,24778.4,0,0.0,32899438020.0
2025-08-01 09:46:52 AM,24778.5,0,0.0,32899438020.0
2025-08-01 09:46:52 AM,24778.5,375,9291937.5,32908729957.5
2025-08-01 09:46:53 AM,24778.9,0,0.0,32908729957.5
2025-08-01 09:46:54 AM,24778.9,150,3716835.0,32912446792.5
2025-08-01 09:46:55 AM,24778.9,375,9292087.5,32921738880.0
2025-08-01 09:47:00 AM,24780.9,0,0.0,32921738880.0
2025-08-01 09:47:00 AM,24780.9,75,1858567.5,32923597447.5
2025-08-01 09:47:02 AM,24780.9,150,3717135.0,32927314582.5
2025-08-01 09:47:04 AM,24777.1,0,0.0,32927314582.5
2025-08-01 09:47:05 AM,24780.3,0,0.0,32927314582.5
2025-08-01 09:47:05 AM,24780.3,825,20443747.5,32947758330.0
2025-08-01 09:47:07 AM,24777.0,0,0.0,32947758330.0
2025-08-01 09:47:07 AM,24777.0,75,1858275.0,32949616605.0
2025-08-01 09:47:09 AM,24776.8,375,9291300.0,32958907905.0
2025-08-01 09:47:09 AM,24780.4,0,0.0,32958907905.0
2025-08-01 09:47:10 AM,24781.2,0,0.0,32958907905.0
2025-08-01 09:47:10 AM,24781.2,450,11151540.0,32970059445.0
2025-08-01 09:47:10 AM,24781.2,75,1858590.0,32971918035.0
2025-08-01 09:47:11 AM,24781.3,0,0.0,32971918035.0
2025-08-01 09:47:12 AM,24781.3,75,1858597.5,32973776632.5
2025-08-01 09:47:13 AM,24776.7,0,0.0,32973776632.5
2025-08-01 09:47:13 AM,24776.7,75,1858252.5,32975634885.0
2025-08-01 09:47:15 AM,24780.0,0,0.0,32975634885.0
2025-08-01 09:47:15 AM,24780.0,300,7434000.0,32983068885.0
2025-08-01 09:47:15 AM,24777.2,825,20441190.0,33003510075.0
2025-08-01 09:47:16 AM,24778.2,0,0.0,33003510075.0
2025-08-01 09:47:17 AM,24778.2,1200,29733840.0,33033243915.0
2025-08-01 09:47:17 AM,24780.9,0,0.0,33033243915.0
2025-08-01 09:47:18 AM,24780.4,0,0.0,33033243915.0
2025-08-01 09:47:18 AM,24779.4,0,0.0,33033243915.0
2025-08-01 09:47:18 AM,24779.4,3675,91064295.0,33124308210.0
2025-08-01 09:47:20 AM,24779.4,225,5575365.0,33129883575.0
2025-08-01 09:47:22 AM,24776.8,0,0.0,33129883575.0
2025-08-01 09:47:23 AM,24776.8,450,11149560.0,33141033135.0
2025-08-01 09:47:24 AM,24776.0,0,0.0,33141033135.0
2025-08-01 09:47:25 AM,24776.8,375,9291300.0,33150324435.0
2025-08-01 09:47:26 AM,24778.0,0,0.0,33150324435.0
2025-08-01 09:47:27 AM,24776.0,450,11149200.0,33161473635.0
2025-08-01 09:47:28 AM,24775.0,0,0.0,33161473635.0
2025-08-01 09:47:28 AM,24776.9,225,5574802.5,33167048437.5
2025-08-01 09:47:29 AM,24775.1,0,0.0,33167048437.5
2025-08-01 09:47:30 AM,24778.4,675,16725420.000000002,33183773857.5
2025-08-01 09:47:31 AM,24777.0,0,0.0,33183773857.5
2025-08-01 09:47:31 AM,24771.0,0,0.0,33183773857.5
2025-08-01 09:47:32 AM,24771.0,2175,53876925.0,33237650782.5
2025-08-01 09:47:33 AM,24770.0,0,0.0,33237650782.5
2025-08-01 09:47:33 AM,24770.0,300,7431000.0,33245081782.5
2025-08-01 09:47:34 AM,24770.8,0,0.0,33245081782.5
2025-08-01 09:47:35 AM,24770.1,0,0.0,33245081782.5
2025-08-01 09:47:35 AM,24770.1,150,3715515.0,33248797297.5
2025-08-01 09:47:36 AM,24776.0,0,0.0,33248797297.5
2025-08-01 09:47:37 AM,24774.9,450,11148705.0,33259946002.5
2025-08-01 09:47:38 AM,24772.5,0,0.0,33259946002.5
2025-08-01 09:47:38 AM,24772.5,75,1857937.5,33261803940.0
2025-08-01 09:47:39 AM,24772.3,0,0.0,33261803940.0
2025-08-01 09:47:40 AM,24776.0,450,11149200.0,33272953140.0
2025-08-01 09:47:44 AM,24774.0,0,0.0,33272953140.0
2025-08-01 09:47:45 AM,24774.0,600,14864400.0,33287817540.0
2025-08-01 09:47:46 AM,24777.0,0,0.0,33287817540.0
2025-08-01 09:47:47 AM,24777.0,75,1858275.0,33289675815.0
2025-08-01 09:47:48 AM,24780.0,0,0.0,33289675815.0
2025-08-01 09:47:48 AM,24780.0,150,3717000.0,33293392815.0
2025-08-01 09:47:50 AM,24775.8,0,0.0,33293392815.0
2025-08-01 09:47:50 AM,24780.0,1275,31594500.0,33324987315.0
2025-08-01 09:47:51 AM,24776.1,0,0.0,33324987315.0
2025-08-01 09:47:52 AM,24776.1,150,3716415.0,33328703730.0
2025-08-01 09:47:52 AM,24776.0,0,0.0,33328703730.0
2025-08-01 09:47:53 AM,24775.8,0,0.0,33328703730.0
2025-08-01 09:47:53 AM,24775.8,825,20440035.0,33349143765.0
2025-08-01 09:47:55 AM,24780.0,0,0.0,33349143765.0
2025-08-01 09:47:55 AM,24780.0,450,11151000.0,33360294765.0
2025-08-01 09:48:00 AM,24778.0,0,0.0,33360294765.0
2025-08-01 09:48:00 AM,24778.0,225,5575050.0,33365869815.0
2025-08-01 09:48:01 AM,24775.0,0,0.0,33365869815.0
2025-08-01 09:48:02 AM,24775.0,225,5574375.0,33371444190.0
2025-08-01 09:48:03 AM,24778.0,150,3716700.0,33375160890.0
2025-08-01 09:48:05 AM,24778.0,75,1858350.0,33377019240.0
2025-08-01 09:48:05 AM,24779.0,0,0.0,33377019240.0
2025-08-01 09:48:07 AM,24779.0,375,9292125.0,33386311365.0
2025-08-01 09:48:07 AM,24778.0,0,0.0,33386311365.0
2025-08-01 09:48:08 AM,24778.0,225,5575050.0,33391886415.0
2025-08-01 09:48:09 AM,24777.9,0,0.0,33391886415.0
2025-08-01 09:48:10 AM,24777.9,2550,63183645.0,33455070060.0
2025-08-01 09:48:10 AM,24779.9,0,0.0,33455070060.0
2025-08-01 09:48:11 AM,24781.0,0,0.0,33455070060.0
2025-08-01 09:48:11 AM,24781.0,1575,39030075.0,33494100135.0
2025-08-01 09:48:14 AM,24777.0,0,0.0,33494100135.0
2025-08-01 09:48:15 AM,24777.0,75,1858275.0,33495958410.0
2025-08-01 09:48:15 AM,24778.0,75,1858350.0,33497816760.0
2025-08-01 09:48:16 AM,24782.0,0,0.0,33497816760.0
2025-08-01 09:48:16 AM,24782.0,225,5575950.0,33503392710.0
2025-08-01 09:48:19 AM,24785.0,0,0.0,33503392710.0
2025-08-01 09:48:20 AM,24785.0,1575,39036375.0,33542429085.0
2025-08-01 09:48:20 AM,24784.0,75,1858800.0,33544287885.0
2025-08-01 09:48:21 AM,24787.0,0,0.0,33544287885.0
2025-08-01 09:48:21 AM,24787.0,150,3718050.0,33548005935.0
2025-08-01 09:48:23 AM,24788.0,0,0.0,33548005935.0
2025-08-01 09:48:23 AM,24788.0,75,1859100.0,33549865035.0
2025-08-01 09:48:25 AM,24788.4,375,9295650.0,33559160685.0
2025-08-01 09:48:25 AM,24790.0,0,0.0,33559160685.0
2025-08-01 09:48:26 AM,24790.0,1650,40903500.0,33600064185.0
2025-08-01 09:48:29 AM,24787.0,0,0.0,33600064185.0
2025-08-01 09:48:30 AM,24787.0,75,1859025.0,33601923210.0
2025-08-01 09:48:30 AM,24790.3,225,5577817.5,33607501027.5
2025-08-01 09:48:30 AM,24790.0,0,0.0,33607501027.5
2025-08-01 09:48:31 AM,24788.5,150,3718275.0,33611219302.5
2025-08-01 09:48:32 AM,24790.4,0,0.0,33611219302.5
2025-08-01 09:48:33 AM,24790.4,450,11155680.0,33622374982.5
2025-08-01 09:48:34 AM,24791.0,0,0.0,33622374982.5
2025-08-01 09:48:35 AM,24791.0,75,1859325.0,33624234307.5
2025-08-01 09:48:35 AM,24792.0,375,9297000.0,33633531307.5
2025-08-01 09:48:35 AM,24790.0,0,0.0,33633531307.5
2025-08-01 09:48:36 AM,24790.0,75,1859250.0,33635390557.5
2025-08-01 09:48:38 AM,24791.9,0,0.0,33635390557.5
2025-08-01 09:48:38 AM,24792.0,1125,27891000.0,33663281557.5
2025-08-01 09:48:39 AM,24791.0,0,0.0,33663281557.5
2025-08-01 09:48:40 AM,24791.0,75,1859325.0,33665140882.5
2025-08-01 09:48:40 AM,24792.0,300,7437600.0,33672578482.5
2025-08-01 09:48:41 AM,24790.0,0,0.0,33672578482.5
2025-08-01 09:48:41 AM,24790.0,75,1859250.0,33674437732.5
2025-08-01 09:48:42 AM,24790.1,0,0.0,33674437732.5
2025-08-01 09:48:43 AM,24790.1,150,3718515.0,33678156247.5
2025-08-01 09:48:44 AM,24794.0,0,0.0,33678156247.5
2025-08-01 09:48:45 AM,24794.9,1125,27894262.5,33706050510.0
2025-08-01 09:48:46 AM,24794.6,0,0.0,33706050510.0
2025-08-01 09:48:46 AM,24794.6,75,1859595.0,33707910105.0
2025-08-01 09:48:48 AM,24794.5,0,0.0,33707910105.0
2025-08-01 09:48:48 AM,24794.5,375,9297937.5,33717208042.5
2025-08-01 09:48:48 AM,24794.0,75,1859550.0,33719067592.5
2025-08-01 09:48:50 AM,24793.8,225,5578605.0,33724646197.5
2025-08-01 09:48:51 AM,24790.0,0,0.0,33724646197.5
2025-08-01 09:48:51 AM,24790.0,75,1859250.0,33726505447.5
2025-08-01 09:48:54 AM,24793.9,0,0.0,33726505447.5
2025-08-01 09:48:55 AM,24794.4,0,0.0,33726505447.5
2025-08-01 09:48:55 AM,24794.4,150,3719160.0,33730224607.5
2025-08-01 09:48:55 AM,24794.4,375,9297900.0,33739522507.5
2025-08-01 09:48:55 AM,24793.8,0,0.0,33739522507.5
2025-08-01 09:48:56 AM,24793.8,300,7438140.0,33746960647.5
2025-08-01 09:48:57 AM,24792.9,0,0.0,33746960647.5
2025-08-01 09:48:58 AM,24792.9,975,24173077.5,33771133725.0
2025-08-01 09:49:00 AM,24792.9,225,5578402.5,33776712127.5
2025-08-01 09:49:02 AM,24790.0,0,0.0,33776712127.5
2025-08-01 09:49:02 AM,24792.7,0,0.0,33776712127.5
2025-08-01 09:49:03 AM,24790.0,0,0.0,33776712127.5
2025-08-01 09:49:03 AM,24790.0,525,13014750.0,33789726877.5
2025-08-01 09:49:05 AM,24792.9,0,0.0,33789726877.5
2025-08-01 09:49:05 AM,24792.9,150,3718935.0,33793445812.5
2025-08-01 09:49:06 AM,24794.6,0,0.0,33793445812.5
2025-08-01 09:49:06 AM,24794.6,225,5578785.0,33799024597.5
2025-08-01 09:49:07 AM,24796.0,450,11158200.0,33810182797.5
2025-08-01 09:49:08 AM,24796.2,0,0.0,33810182797.5
2025-08-01 09:49:08 AM,24796.2,75,1859715.0,33812042512.5
2025-08-01 09:49:09 AM,24791.6,0,0.0,33812042512.5
2025-08-01 09:49:09 AM,24797.0,0,0.0,33812042512.5
2025-08-01 09:49:10 AM,24796.9,0,0.0,33812042512.5
2025-08-01 09:49:10 AM,24796.9,675,16737907.500000002,33828780420.0
2025-08-01 09:49:11 AM,24797.9,0,0.0,33828780420.0
2025-08-01 09:49:11 AM,24797.9,150,3719685.0,33832500105.0
2025-08-01 09:49:12 AM,24792.2,0,0.0,33832500105.0
2025-08-01 09:49:13 AM,24792.2,150,3718830.0,33836218935.0
2025-08-01 09:49:14 AM,24797.9,0,0.0,33836218935.0
2025-08-01 09:49:15 AM,24798.4,0,0.0,33836218935.0
2025-08-01 09:49:15 AM,24797.9,0,0.0,33836218935.0
2025-08-01 09:49:15 AM,24797.9,1275,31617322.5,33867836257.5
2025-08-01 09:49:16 AM,24797.8,0,0.0,33867836257.5
2025-08-01 09:49:16 AM,24796.9,0,0.0,33867836257.5
2025-08-01 09:49:17 AM,24796.9,150,3719535.0,33871555792.5
2025-08-01 09:49:18 AM,24794.0,0,0.0,33871555792.5
2025-08-01 09:49:18 AM,24794.0,600,14876400.0,33886432192.5
2025-08-01 09:49:20 AM,24794.9,0,0.0,33886432192.5
2025-08-01 09:49:20 AM,24794.9,225,5578852.5,33892011045.0
2025-08-01 09:49:22 AM,24794.9,225,5578852.5,33897589897.5
2025-08-01 09:49:25 AM,24798.0,0,0.0,33897589897.5
2025-08-01 09:49:25 AM,24798.0,450,11159100.0,33908748997.5
2025-08-01 09:49:28 AM,24795.0,0,0.0,33908748997.5
2025-08-01 09:49:28 AM,24795.0,150,3719250.0,33912468247.5
2025-08-01 09:49:29 AM,24794.0,0,0.0,33912468247.5
2025-08-01 09:49:30 AM,24792.5,0,0.0,33912468247.5
2025-08-01 09:49:30 AM,24793.9,2325,57645817.5,33970114065.0
2025-08-01 09:49:32 AM,24792.1,375,9297037.5,33979411102.5
2025-08-01 09:49:35 AM,24793.9,0,0.0,33979411102.5
2025-08-01 09:49:35 AM,24793.9,150,3719085.0,33983130187.5
2025-08-01 09:49:36 AM,24794.0,0,0.0,33983130187.5
2025-08-01 09:49:37 AM,24794.0,75,1859550.0,33984989737.5
2025-08-01 09:49:37 AM,24795.0,0,0.0,33984989737.5
2025-08-01 09:49:38 AM,24795.0,75,1859625.0,33986849362.5
2025-08-01 09:49:40 AM,24795.3,0,0.0,33986849362.5
2025-08-01 09:49:40 AM,24795.4,0,0.0,33986849362.5
2025-08-01 09:49:40 AM,24795.4,300,7438620.0,33994287982.5
2025-08-01 09:49:40 AM,24795.4,75,1859655.0,33996147637.5
2025-08-01 09:49:41 AM,24795.6,0,0.0,33996147637.5
2025-08-01 09:49:42 AM,24795.6,1575,39053070.0,34035200707.5
2025-08-01 09:49:42 AM,24795.0,0,0.0,34035200707.5
2025-08-01 09:49:42 AM,24793.0,0,0.0,34035200707.5
2025-08-01 09:49:43 AM,24793.0,150,3718950.0,34038919657.5
2025-08-01 09:49:44 AM,24795.0,0,0.0,34038919657.5
2025-08-01 09:49:45 AM,24794.3,0,0.0,34038919657.5
2025-08-01 09:49:45 AM,24794.3,375,9297862.5,34048217520.0
2025-08-01 09:49:46 AM,24794.4,0,0.0,34048217520.0
2025-08-01 09:49:47 AM,24794.4,75,1859580.0,34050077100.0
2025-08-01 09:49:48 AM,24794.3,0,0.0,34050077100.0
2025-08-01 09:49:48 AM,24794.3,75,1859572.5,34051936672.5
2025-08-01 09:49:50 AM,24793.1,0,0.0,34051936672.5
2025-08-01 09:49:50 AM,24793.1,675,16735342.499999998,34068672015.0
2025-08-01 09:49:51 AM,24790.0,0,0.0,34068672015.0
2025-08-01 09:49:51 AM,24790.8,0,0.0,34068672015.0
2025-08-01 09:49:52 AM,24790.8,450,11155860.0,34079827875.0
2025-08-01 09:49:53 AM,24790.0,0,0.0,34079827875.0
2025-08-01 09:49:53 AM,24785.8,600,14871480.0,34094699355.0
2025-08-01 09:49:55 AM,24786.9,300,7436070.0,34102135425.0
2025-08-01 09:49:56 AM,24785.0,0,0.0,34102135425.0
2025-08-01 09:49:57 AM,24785.0,225,5576625.0,34107712050.0
2025-08-01 09:49:58 AM,24787.3,0,0.0,34107712050.0
2025-08-01 09:49:58 AM,24787.3,150,3718095.0,34111430145.0
2025-08-01 09:50:00 AM,24787.1,0,0.0,34111430145.0
2025-08-01 09:50:00 AM,24787.1,300,7436130.0,34118866275.0
2025-08-01 09:50:00 AM,24786.8,0,0.0,34118866275.0
2025-08-01 09:50:01 AM,24780.2,0,0.0,34118866275.0
2025-08-01 09:50:02 AM,24780.2,300,7434060.0,34126300335.0
2025-08-01 09:50:03 AM,24785.7,0,0.0,34126300335.0
2025-08-01 09:50:03 AM,24785.7,150,3717855.0,34130018190.0
2025-08-01 09:50:05 AM,24785.8,0,0.0,34130018190.0
2025-08-01 09:50:05 AM,24785.8,150,3717870.0,34133736060.0
2025-08-01 09:50:06 AM,24786.4,0,0.0,34133736060.0
2025-08-01 09:50:07 AM,24786.4,150,3717960.0,34137454020.0
2025-08-01 09:50:09 AM,24787.9,0,0.0,34137454020.0
2025-08-01 09:50:10 AM,24787.9,375,9295462.5,34146749482.5
2025-08-01 09:50:11 AM,24788.1,0,0.0,34146749482.5
2025-08-01 09:50:12 AM,24782.9,300,7434870.0,34154184352.5
2025-08-01 09:50:12 AM,24788.0,0,0.0,34154184352.5
2025-08-01 09:50:13 AM,24788.0,150,3718200.0,34157902552.5
2025-08-01 09:50:15 AM,24787.2,0,0.0,34157902552.5
2025-08-01 09:50:15 AM,24787.2,75,1859040.0,34159761592.5
2025-08-01 09:50:15 AM,24787.9,0,0.0,34159761592.5
2025-08-01 09:50:15 AM,24787.9,150,3718185.0,34163479777.5
2025-08-01 09:50:15 AM,24787.3,0,0.0,34163479777.5
2025-08-01 09:50:16 AM,24787.9,0,0.0,34163479777.5
2025-08-01 09:50:17 AM,24787.9,225,5577277.5,34169057055.0
2025-08-01 09:50:17 AM,24787.2,0,0.0,34169057055.0
2025-08-01 09:50:18 AM,24786.6,0,0.0,34169057055.0
2025-08-01 09:50:18 AM,24786.6,150,3717990.0,34172775045.0
2025-08-01 09:50:20 AM,24782.1,0,0.0,34172775045.0
2025-08-01 09:50:20 AM,24782.1,75,1858657.5,34174633702.5
2025-08-01 09:50:20 AM,24787.2,0,0.0,34174633702.5
2025-08-01 09:50:20 AM,24787.2,675,16731360.0,34191365062.5
2025-08-01 09:50:21 AM,24786.9,0,0.0,34191365062.5
2025-08-01 09:50:22 AM,24786.9,150,3718035.0,34195083097.5
2025-08-01 09:50:25 AM,24787.0,0,0.0,34195083097.5
2025-08-01 09:50:25 AM,24787.0,375,9295125.0,34204378222.5
2025-08-01 09:50:26 AM,24784.0,0,0.0,34204378222.5
2025-08-01 09:50:26 AM,24788.0,0,0.0,34204378222.5
2025-08-01 09:50:27 AM,24788.0,1200,29745600.0,34234123822.5
2025-08-01 09:50:28 AM,24788.5,0,0.0,34234123822.5
2025-08-01 09:50:28 AM,24788.5,150,3718275.0,34237842097.5
2025-08-01 09:50:29 AM,24788.6,0,0.0,34237842097.5
2025-08-01 09:50:30 AM,24788.6,525,13014015.0,34250856112.5
2025-08-01 09:50:30 AM,24788.4,0,0.0,34250856112.5
2025-08-01 09:50:30 AM,24788.4,225,5577390.0,34256433502.5
2025-08-01 09:50:32 AM,24782.5,0,0.0,34256433502.5
2025-08-01 09:50:33 AM,24782.5,75,1858687.5,34258292190.0
2025-08-01 09:50:33 AM,24788.2,0,0.0,34258292190.0
2025-08-01 09:50:34 AM,24782.5,0,0.0,34258292190.0
2025-08-01 09:50:35 AM,24788.3,1950,48337185.0,34306629375.0
2025-08-01 09:50:35 AM,24788.0,0,0.0,34306629375.0
2025-08-01 09:50:35 AM,24788.0,75,1859100.0,34308488475.0
2025-08-01 09:50:36 AM,24789.9,0,0.0,34308488475.0
2025-08-01 09:50:37 AM,24789.9,1650,40903335.0,34349391810.0
2025-08-01 09:50:37 AM,24788.0,0,0.0,34349391810.0
2025-08-01 09:50:38 AM,24790.8,0,0.0,34349391810.0
2025-08-01 09:50:38 AM,24790.8,675,16733790.0,34366125600.0
2025-08-01 09:50:40 AM,24790.2,0,0.0,34366125600.0
2025-08-01 09:50:40 AM,24790.2,300,7437060.0,34373562660.0
2025-08-01 09:50:43 AM,24788.8,0,0.0,34373562660.0
2025-08-01 09:50:43 AM,24788.0,0,0.0,34373562660.0
2025-08-01 09:50:43 AM,24787.9,0,0.0,34373562660.0
2025-08-01 09:50:43 AM,24787.9,1125,27886387.5,34401449047.5
2025-08-01 09:50:44 AM,24785.9,0,0.0,34401449047.5
2025-08-01 09:50:45 AM,24785.9,450,11153655.0,34412602702.5
2025-08-01 09:50:45 AM,24787.3,0,0.0,34412602702.5
2025-08-01 09:50:45 AM,24787.3,300,7436190.0,34420038892.5
2025-08-01 09:50:46 AM,24787.4,0,0.0,34420038892.5
2025-08-01 09:50:47 AM,24787.4,450,11154330.0,34431193222.5
2025-08-01 09:50:47 AM,24787.7,0,0.0,34431193222.5
2025-08-01 09:50:48 AM,24785.0,0,0.0,34431193222.5
2025-08-01 09:50:48 AM,24785.0,375,9294375.0,34440487597.5
2025-08-01 09:50:49 AM,24787.9,0,0.0,34440487597.5
2025-08-01 09:50:50 AM,24787.9,150,3718185.0,34444205782.5
2025-08-01 09:50:50 AM,24787.4,0,0.0,34444205782.5
2025-08-01 09:50:50 AM,24787.5,2700,66926250.0,34511132032.5
2025-08-01 09:50:50 AM,24790.4,0,0.0,34511132032.5
2025-08-01 09:50:51 AM,24792.0,0,0.0,34511132032.5
2025-08-01 09:50:52 AM,24792.0,300,7437600.0,34518569632.5
2025-08-01 09:50:52 AM,24785.8,0,0.0,34518569632.5
2025-08-01 09:50:53 AM,24785.8,150,3717870.0,34522287502.5
2025-08-01 09:50:55 AM,24790.4,0,0.0,34522287502.5
2025-08-01 09:50:55 AM,24790.4,375,9296400.0,34531583902.5
2025-08-01 09:50:57 AM,24788.4,0,0.0,34531583902.5
2025-08-01 09:50:57 AM,24788.4,75,1859130.0,34533443032.5
2025-08-01 09:50:58 AM,24790.2,0,0.0,34533443032.5
2025-08-01 09:50:58 AM,24790.2,75,1859265.0,34535302297.5
2025-08-01 09:51:00 AM,24790.4,75,1859280.0,34537161577.5
2025-08-01 09:51:01 AM,24790.9,0,0.0,34537161577.5
2025-08-01 09:51:01 AM,24790.9,225,5577952.5,34542739530.0
2025-08-01 09:51:03 AM,24790.0,0,0.0,34542739530.0
2025-08-01 09:51:03 AM,24790.0,150,3718500.0,34546458030.0
2025-08-01 09:51:04 AM,24790.9,0,0.0,34546458030.0
2025-08-01 09:51:05 AM,24792.6,375,9297225.0,34555755255.0
2025-08-01 09:51:06 AM,24794.0,0,0.0,34555755255.0
2025-08-01 09:51:06 AM,24794.0,75,1859550.0,34557614805.0
2025-08-01 09:51:07 AM,24794.3,0,0.0,34557614805.0
2025-08-01 09:51:08 AM,24794.3,75,1859572.5,34559474377.5
2025-08-01 09:51:09 AM,24795.0,0,0.0,34559474377.5
2025-08-01 09:51:10 AM,24795.4,1275,31614135.0,34591088512.5
2025-08-01 09:51:11 AM,24795.5,0,0.0,34591088512.5
2025-08-01 09:51:11 AM,24795.5,300,7438650.0,34598527162.5
2025-08-01 09:51:12 AM,24797.9,0,0.0,34598527162.5
2025-08-01 09:51:13 AM,24797.9,150,3719685.0,34602246847.5
2025-08-01 09:51:15 AM,24796.2,75,1859715.0,34604106562.5
2025-08-01 09:51:16 AM,24797.0,0,0.0,34604106562.5
2025-08-01 09:51:16 AM,24797.4,0,0.0,34604106562.5
2025-08-01 09:51:16 AM,24797.4,150,3719610.0,34607826172.5
2025-08-01 09:51:17 AM,24798.0,0,0.0,34607826172.5
2025-08-01 09:51:18 AM,24798.0,450,11159100.0,34618985272.5
2025-08-01 09:51:20 AM,24796.9,300,7439070.0,34626424342.5
2025-08-01 09:51:23 AM,24793.4,0,0.0,34626424342.5
2025-08-01 09:51:23 AM,24793.4,225,5578515.0,34632002857.5
2025-08-01 09:51:25 AM,24798.0,0,0.0,34632002857.5
2025-08-01 09:51:25 AM,24798.0,525,13018950.0,34645021807.5
2025-08-01 09:51:26 AM,24793.5,0,0.0,34645021807.5
2025-08-01 09:51:27 AM,24793.5,75,1859512.5,34646881320.0
2025-08-01 09:51:29 AM,24793.4,0,0.0,34646881320.0
2025-08-01 09:51:30 AM,24793.4,225,5578515.0,34652459835.0
2025-08-01 09:51:30 AM,24793.4,75,1859505.0,34654319340.0
2025-08-01 09:51:30 AM,24797.7,0,0.0,34654319340.0
2025-08-01 09:51:31 AM,24797.7,225,5579482.5,34659898822.5
2025-08-01 09:51:32 AM,24795.0,75,1859625.0,34661758447.5
2025-08-01 09:51:32 AM,24793.4,0,0.0,34661758447.5
2025-08-01 09:51:33 AM,24790.0,375,9296250.0,34671054697.5
2025-08-01 09:51:34 AM,24791.7,0,0.0,34671054697.5
2025-08-01 09:51:35 AM,24791.7,75,1859377.5,34672914075.0
2025-08-01 09:51:36 AM,24792.9,0,0.0,34672914075.0
2025-08-01 09:51:36 AM,24793.7,0,0.0,34672914075.0
2025-08-01 09:51:36 AM,24790.0,0,0.0,34672914075.0
2025-08-01 09:51:36 AM,24790.0,450,11155500.0,34684069575.0
2025-08-01 09:51:37 AM,24793.9,0,0.0,34684069575.0
2025-08-01 09:51:38 AM,24793.9,75,1859542.5,34685929117.5
2025-08-01 09:51:39 AM,24794.0,0,0.0,34685929117.5
2025-08-01 09:51:40 AM,24794.0,75,1859550.0,34687788667.5
2025-08-01 09:51:40 AM,24794.2,0,0.0,34687788667.5
2025-08-01 09:51:41 AM,24794.2,300,7438260.0,34695226927.5
2025-08-01 09:51:45 AM,24791.3,0,0.0,34695226927.5
2025-08-01 09:51:46 AM,24791.3,300,7437390.0,34702664317.5
2025-08-01 09:51:46 AM,24790.0,0,0.0,34702664317.5
2025-08-01 09:51:46 AM,24790.0,225,5577750.0,34708242067.5
2025-08-01 09:51:50 AM,24788.0,0,0.0,34708242067.5
2025-08-01 09:51:50 AM,24790.0,0,0.0,34708242067.5
2025-08-01 09:51:51 AM,24790.0,300,7437000.0,34715679067.5
2025-08-01 09:51:52 AM,24788.0,0,0.0,34715679067.5
2025-08-01 09:51:53 AM,24788.0,75,1859100.0,34717538167.5
2025-08-01 09:51:55 AM,24789.5,0,0.0,34717538167.5
2025-08-01 09:51:56 AM,24789.6,0,0.0,34717538167.5
2025-08-01 09:51:56 AM,24790.0,1200,29748000.0,34747286167.5
2025-08-01 09:51:58 AM,24789.2,0,0.0,34747286167.5
2025-08-01 09:51:58 AM,24789.2,75,1859190.0,34749145357.5
2025-08-01 09:52:00 AM,24788.0,0,0.0,34749145357.5
2025-08-01 09:52:01 AM,24789.5,225,5577637.5,34754722995.0
2025-08-01 09:52:02 AM,24788.0,0,0.0,34754722995.0
2025-08-01 09:52:03 AM,24788.0,675,16731900.0,34771454895.0
2025-08-01 09:52:04 AM,24787.4,0,0.0,34771454895.0
2025-08-01 09:52:05 AM,24787.4,75,1859055.0,34773313950.0
2025-08-01 09:52:06 AM,24787.4,375,9295275.0,34782609225.0
2025-08-01 09:52:08 AM,24787.0,0,0.0,34782609225.0
2025-08-01 09:52:09 AM,24785.0,0,0.0,34782609225.0
2025-08-01 09:52:09 AM,24785.0,150,3717750.0,34786326975.0
2025-08-01 09:52:10 AM,24787.0,0,0.0,34786326975.0
2025-08-01 09:52:11 AM,24788.0,0,0.0,34786326975.0
2025-08-01 09:52:11 AM,24788.0,1350,33463800.0,34819790775.0
2025-08-01 09:52:12 AM,24790.0,0,0.0,34819790775.0
2025-08-01 09:52:13 AM,24790.0,150,3718500.0,34823509275.0
2025-08-01 09:52:13 AM,24785.0,0,0.0,34823509275.0
2025-08-01 09:52:14 AM,24785.0,375,9294375.0,34832803650.0
2025-08-01 09:52:14 AM,24787.6,75,1859070.0,34834662720.0
2025-08-01 09:52:16 AM,24784.0,0,0.0,34834662720.0
2025-08-01 09:52:16 AM,24784.0,525,13011600.0,34847674320.0
2025-08-01 09:52:16 AM,24787.9,0,0.0,34847674320.0
2025-08-01 09:52:17 AM,24790.0,0,0.0,34847674320.0
2025-08-01 09:52:18 AM,24790.0,225,5577750.0,34853252070.0
2025-08-01 09:52:20 AM,24789.7,0,0.0,34853252070.0
2025-08-01 09:52:21 AM,24789.7,225,5577682.5,34858829752.5
2025-08-01 09:52:22 AM,24789.0,0,0.0,34858829752.5
2025-08-01 09:52:23 AM,24789.0,75,1859175.0,34860688927.5
2025-08-01 09:52:24 AM,24783.7,0,0.0,34860688927.5
2025-08-01 09:52:24 AM,24783.7,750,18587775.0,34879276702.5
2025-08-01 09:52:25 AM,24790.0,0,0.0,34879276702.5
2025-08-01 09:52:26 AM,24790.0,375,9296250.0,34888572952.5
2025-08-01 09:52:30 AM,24788.0,0,0.0,34888572952.5
2025-08-01 09:52:30 AM,24784.0,0,0.0,34888572952.5
2025-08-01 09:52:31 AM,24784.0,300,7435200.0,34896008152.5
2025-08-01 09:52:32 AM,24787.7,0,0.0,34896008152.5
2025-08-01 09:52:32 AM,24788.0,0,0.0,34896008152.5
2025-08-01 09:52:33 AM,24790.0,1575,39044250.0,34935052402.5
2025-08-01 09:52:36 AM,24790.0,375,9296250.0,34944348652.5
2025-08-01 09:52:40 AM,24788.8,0,0.0,34944348652.5
2025-08-01 09:52:40 AM,24783.5,0,0.0,34944348652.5
2025-08-01 09:52:41 AM,24783.5,375,9293812.5,34953642465.0
2025-08-01 09:52:41 AM,24788.9,0,0.0,34953642465.0
2025-08-01 09:52:42 AM,24783.4,0,0.0,34953642465.0
2025-08-01 09:52:43 AM,24783.4,600,14870040.0,34968512505.0
2025-08-01 09:52:45 AM,24788.9,0,0.0,34968512505.0
2025-08-01 09:52:45 AM,24790.0,0,0.0,34968512505.0
2025-08-01 09:52:46 AM,24790.0,300,7437000.0,34975949505.0
2025-08-01 09:52:46 AM,24790.0,75,1859250.0,34977808755.0
2025-08-01 09:52:48 AM,24790.0,75,1859250.0,34979668005.0
2025-08-01 09:52:50 AM,24789.8,0,0.0,34979668005.0
2025-08-01 09:52:51 AM,24789.8,225,5577705.0,34985245710.0
2025-08-01 09:52:55 AM,24783.1,0,0.0,34985245710.0
2025-08-01 09:52:55 AM,24789.2,0,0.0,34985245710.0
2025-08-01 09:52:56 AM,24789.9,375,9296212.5,34994541922.5
2025-08-01 09:52:56 AM,24789.9,225,5577727.5,35000119650.0
2025-08-01 09:52:58 AM,24789.8,0,0.0,35000119650.0
2025-08-01 09:52:59 AM,24789.8,75,1859235.0,35001978885.0
2025-08-01 09:53:01 AM,24789.8,225,5577705.0,35007556590.0
2025-08-01 09:53:02 AM,24783.8,0,0.0,35007556590.0
2025-08-01 09:53:02 AM,24789.1,0,0.0,35007556590.0
2025-08-01 09:53:03 AM,24789.1,150,3718365.0,35011274955.0
2025-08-01 09:53:05 AM,24789.8,0,0.0,35011274955.0
2025-08-01 09:53:06 AM,24789.8,300,7436940.0,35018711895.0
2025-08-01 09:53:10 AM,24785.0,0,0.0,35018711895.0
2025-08-01 09:53:10 AM,24789.7,0,0.0,35018711895.0
2025-08-01 09:53:11 AM,24789.7,375,9296137.5,35028008032.5
2025-08-01 09:53:14 AM,24785.0,0,0.0,35028008032.5
2025-08-01 09:53:14 AM,24789.0,0,0.0,35028008032.5
2025-08-01 09:53:14 AM,24789.0,150,3718350.0,35031726382.5
2025-08-01 09:53:15 AM,24783.8,0,0.0,35031726382.5
2025-08-01 09:53:16 AM,24783.8,1125,27881775.0,35059608157.5
2025-08-01 09:53:19 AM,24782.0,0,0.0,35059608157.5
2025-08-01 09:53:19 AM,24782.0,75,1858650.0,35061466807.5
2025-08-01 09:53:20 AM,24783.2,0,0.0,35061466807.5
2025-08-01 09:53:21 AM,24783.2,225,5576220.0,35067043027.5
2025-08-01 09:53:22 AM,24783.1,0,0.0,35067043027.5
2025-08-01 09:53:22 AM,24781.0,0,0.0,35067043027.5
2025-08-01 09:53:22 AM,24782.1,675,16727917.499999998,35083770945.0
2025-08-01 09:53:24 AM,24780.1,0,0.0,35083770945.0
2025-08-01 09:53:24 AM,24780.1,525,13009552.5,35096780497.5
2025-08-01 09:53:25 AM,24781.9,0,0.0,35096780497.5
2025-08-01 09:53:26 AM,24782.0,450,11151900.0,35107932397.5
2025-08-01 09:53:27 AM,24782.0,75,1858650.0,35109791047.5
2025-08-01 09:53:29 AM,24780.0,75,1858500.0,35111649547.5
2025-08-01 09:53:30 AM,24781.8,0,0.0,35111649547.5
2025-08-01 09:53:31 AM,24781.9,225,5575927.5,35117225475.0
2025-08-01 09:53:31 AM,24781.9,75,1858642.5,35119084117.5
2025-08-01 09:53:31 AM,24782.0,0,0.0,35119084117.5
2025-08-01 09:53:32 AM,24781.0,0,0.0,35119084117.5
2025-08-01 09:53:32 AM,24781.8,2625,65052225.0,35184136342.5
2025-08-01 09:53:33 AM,24785.6,675,16730279.999999998,35200866622.5
2025-08-01 09:53:33 AM,24780.3,0,0.0,35200866622.5
2025-08-01 09:53:34 AM,24780.3,2025,50180107.5,35251046730.0
2025-08-01 09:53:35 AM,24781.0,0,0.0,35251046730.0
2025-08-01 09:53:35 AM,24786.0,0,0.0,35251046730.0
2025-08-01 09:53:36 AM,24786.0,300,7435800.0,35258482530.0
2025-08-01 09:53:36 AM,24787.9,0,0.0,35258482530.0
2025-08-01 09:53:36 AM,24780.4,0,0.0,35258482530.0
2025-08-01 09:53:37 AM,24782.0,0,0.0,35258482530.0
2025-08-01 09:53:37 AM,24782.0,675,16727850.0,35275210380.0
2025-08-01 09:53:39 AM,24780.2,0,0.0,35275210380.0
2025-08-01 09:53:39 AM,24780.2,75,1858515.0,35277068895.0
2025-08-01 09:53:40 AM,24784.9,0,0.0,35277068895.0
2025-08-01 09:53:41 AM,24784.9,300,7435470.0,35284504365.0
2025-08-01 09:53:42 AM,24780.0,0,0.0,35284504365.0
2025-08-01 09:53:42 AM,24780.0,75,1858500.0,35286362865.0
2025-08-01 09:53:45 AM,24783.8,0,0.0,35286362865.0
2025-08-01 09:53:46 AM,24783.9,0,0.0,35286362865.0
2025-08-01 09:53:46 AM,24783.9,375,9293962.5,35295656827.5
2025-08-01 09:53:48 AM,24780.0,0,0.0,35295656827.5
2025-08-01 09:53:49 AM,24780.0,75,1858500.0,35297515327.5
2025-08-01 09:53:50 AM,24782.7,0,0.0,35297515327.5
2025-08-01 09:53:50 AM,24783.8,0,0.0,35297515327.5
2025-08-01 09:53:51 AM,24783.8,300,7435140.0,35304950467.5
2025-08-01 09:53:51 AM,24783.0,0,0.0,35304950467.5
2025-08-01 09:53:52 AM,24783.0,75,1858725.0,35306809192.5
2025-08-01 09:53:53 AM,24780.3,0,0.0,35306809192.5
2025-08-01 09:53:54 AM,24780.0,0,0.0,35306809192.5
2025-08-01 09:53:54 AM,24780.0,150,3717000.0,35310526192.5
2025-08-01 09:53:55 AM,24781.5,0,0.0,35310526192.5
2025-08-01 09:53:55 AM,24780.0,0,0.0,35310526192.5
2025-08-01 09:53:56 AM,24780.0,1200,29736000.0,35340262192.5
2025-08-01 09:53:56 AM,24776.0,0,0.0,35340262192.5
2025-08-01 09:53:57 AM,24781.0,0,0.0,35340262192.5
2025-08-01 09:53:57 AM,24781.0,900,22302900.0,35362565092.5
2025-08-01 09:53:58 AM,24775.2,0,0.0,35362565092.5
2025-08-01 09:53:59 AM,24781.6,225,5575860.0,35368140952.5
2025-08-01 09:54:00 AM,24781.4,0,0.0,35368140952.5
2025-08-01 09:54:01 AM,24781.4,375,9293025.0,35377433977.5
2025-08-01 09:54:01 AM,24775.1,0,0.0,35377433977.5
2025-08-01 09:54:01 AM,24775.2,0,0.0,35377433977.5
2025-08-01 09:54:02 AM,24775.2,525,13006980.0,35390440957.5
2025-08-01 09:54:04 AM,24780.5,0,0.0,35390440957.5
2025-08-01 09:54:05 AM,24780.6,0,0.0,35390440957.5
2025-08-01 09:54:05 AM,24780.6,300,7434180.0,35397875137.5
2025-08-01 09:54:06 AM,24780.9,0,0.0,35397875137.5
2025-08-01 09:54:06 AM,24775.6,0,0.0,35397875137.5
2025-08-01 09:54:07 AM,24775.6,600,14865360.0,35412740497.5
2025-08-01 09:54:09 AM,24775.0,0,0.0,35412740497.5
2025-08-01 09:54:10 AM,24779.3,0,0.0,35412740497.5
2025-08-01 09:54:10 AM,24779.3,450,11150685.0,35423891182.5
2025-08-01 09:54:11 AM,24775.0,0,0.0,35423891182.5
2025-08-01 09:54:12 AM,24777.0,0,0.0,35423891182.5
2025-08-01 09:54:12 AM,24777.0,375,9291375.0,35433182557.5
2025-08-01 09:54:13 AM,24775.6,0,0.0,35433182557.5
2025-08-01 09:54:14 AM,24775.6,75,1858170.0,35435040727.5
2025-08-01 09:54:15 AM,24776.4,0,0.0,35435040727.5
2025-08-01 09:54:15 AM,24775.0,0,0.0,35435040727.5
2025-08-01 09:54:15 AM,24775.0,525,13006875.0,35448047602.5
2025-08-01 09:54:19 AM,24775.0,150,3716250.0,35451763852.5
2025-08-01 09:54:20 AM,24775.0,2025,50169375.0,35501933227.5
2025-08-01 09:54:21 AM,24774.8,0,0.0,35501933227.5
2025-08-01 09:54:22 AM,24774.8,150,3716220.0,35505649447.5
2025-08-01 09:54:22 AM,24775.0,0,0.0,35505649447.5
2025-08-01 09:54:23 AM,24774.2,0,0.0,35505649447.5
2025-08-01 09:54:24 AM,24774.0,225,5574150.0,35511223597.5
2025-08-01 09:54:24 AM,24773.2,0,0.0,35511223597.5
2025-08-01 09:54:25 AM,24774.1,0,0.0,35511223597.5
2025-08-01 09:54:25 AM,24774.1,600,14864460.0,35526088057.5
2025-08-01 09:54:29 AM,24771.1,0,0.0,35526088057.5
2025-08-01 09:54:30 AM,24773.0,0,0.0,35526088057.5
2025-08-01 09:54:30 AM,24773.0,450,11147850.0,35537235907.5
2025-08-01 09:54:32 AM,24777.7,0,0.0,35537235907.5
2025-08-01 09:54:32 AM,24777.7,825,20441602.5,35557677510.0
2025-08-01 09:54:32 AM,24777.3,150,3716595.0,35561394105.0
2025-08-01 09:54:33 AM,24775.0,0,0.0,35561394105.0
2025-08-01 09:54:34 AM,24779.9,3600,89207640.0,35650601745.0
2025-08-01 09:54:34 AM,24774.1,0,0.0,35650601745.0
2025-08-01 09:54:35 AM,24777.2,0,0.0,35650601745.0
2025-08-01 09:54:35 AM,24777.0,0,0.0,35650601745.0
2025-08-01 09:54:35 AM,24777.0,525,13007925.0,35663609670.0
2025-08-01 09:54:38 AM,24771.1,0,0.0,35663609670.0
2025-08-01 09:54:38 AM,24771.0,0,0.0,35663609670.0
2025-08-01 09:54:39 AM,24771.0,225,5573475.0,35669183145.0
2025-08-01 09:54:40 AM,24773.9,0,0.0,35669183145.0
2025-08-01 09:54:40 AM,24773.9,300,7432170.0,35676615315.0
2025-08-01 09:54:42 AM,24773.9,75,1858042.5,35678473357.5
2025-08-01 09:54:43 AM,24772.0,0,0.0,35678473357.5
2025-08-01 09:54:44 AM,24772.0,75,1857900.0,35680331257.5
2025-08-01 09:54:44 AM,24773.9,75,1858042.5,35682189300.0
2025-08-01 09:54:45 AM,24770.8,0,0.0,35682189300.0
2025-08-01 09:54:45 AM,24770.8,375,9289050.0,35691478350.0
2025-08-01 09:54:46 AM,24773.9,0,0.0,35691478350.0
2025-08-01 09:54:47 AM,24773.9,300,7432170.0,35698910520.0
2025-08-01 09:54:49 AM,24773.6,0,0.0,35698910520.0
2025-08-01 09:54:50 AM,24773.5,0,0.0,35698910520.0
2025-08-01 09:54:50 AM,24773.5,450,11148075.0,35710058595.0
2025-08-01 09:54:50 AM,24773.5,75,1858012.5,35711916607.5
2025-08-01 09:54:51 AM,24772.0,0,0.0,35711916607.5
2025-08-01 09:54:51 AM,24772.6,0,0.0,35711916607.5
2025-08-01 09:54:52 AM,24772.5,375,9289687.5,35721206295.0
2025-08-01 09:54:55 AM,24773.4,0,0.0,35721206295.0
2025-08-01 09:54:55 AM,24773.5,300,7432050.0,35728638345.0
2025-08-01 09:54:56 AM,24774.0,0,0.0,35728638345.0
2025-08-01 09:54:57 AM,24773.5,600,14864100.0,35743502445.0
2025-08-01 09:54:59 AM,24772.5,0,0.0,35743502445.0
2025-08-01 09:55:00 AM,24778.6,0,0.0,35743502445.0
2025-08-01 09:55:00 AM,24778.6,525,13008765.0,35756511210.0
2025-08-01 09:55:00 AM,24776.5,75,1858237.5,35758369447.5
2025-08-01 09:55:00 AM,24771.8,0,0.0,35758369447.5
2025-08-01 09:55:02 AM,24771.4,0,0.0,35758369447.5
2025-08-01 09:55:02 AM,24771.4,525,13004985.0,35771374432.5
2025-08-01 09:55:05 AM,24777.2,0,0.0,35771374432.5
2025-08-01 09:55:05 AM,24777.2,300,7433160.0,35778807592.5
2025-08-01 09:55:07 AM,24777.2,225,5574870.0,35784382462.5
2025-08-01 09:55:08 AM,24773.8,0,0.0,35784382462.5
2025-08-01 09:55:08 AM,24773.8,75,1858035.0,35786240497.5
2025-08-01 09:55:10 AM,24779.0,0,0.0,35786240497.5
2025-08-01 09:55:10 AM,24779.0,75,1858425.0,35788098922.5
2025-08-01 09:55:11 AM,24779.9,0,0.0,35788098922.5
2025-08-01 09:55:12 AM,24780.0,0,0.0,35788098922.5
2025-08-01 09:55:12 AM,24773.3,375,9289987.5,35797388910.0
2025-08-01 09:55:12 AM,24772.7,75,1857952.5,35799246862.5
2025-08-01 09:55:12 AM,24772.5,0,0.0,35799246862.5
2025-08-01 09:55:13 AM,24771.5,0,0.0,35799246862.5
2025-08-01 09:55:13 AM,24771.5,1200,29725800.0,35828972662.5
2025-08-01 09:55:15 AM,24776.9,0,0.0,35828972662.5
2025-08-01 09:55:15 AM,24776.9,375,9291337.5,35838264000.0
2025-08-01 09:55:19 AM,24776.3,0,0.0,35838264000.0
2025-08-01 09:55:20 AM,24775.7,0,0.0,35838264000.0
2025-08-01 09:55:20 AM,24775.7,300,7432710.0,35845696710.0
2025-08-01 09:55:22 AM,24775.0,375,9290625.0,35854987335.0
2025-08-01 09:55:23 AM,24772.0,0,0.0,35854987335.0
2025-08-01 09:55:23 AM,24772.0,900,22294800.0,35877282135.0
2025-08-01 09:55:24 AM,24775.0,0,0.0,35877282135.0
2025-08-01 09:55:24 AM,24772.1,0,0.0,35877282135.0
2025-08-01 09:55:25 AM,24775.0,375,9290625.0,35886572760.0
2025-08-01 09:55:25 AM,24774.8,0,0.0,35886572760.0
2025-08-01 09:55:25 AM,24774.8,375,9290550.0,35895863310.0
2025-08-01 09:55:26 AM,24774.3,0,0.0,35895863310.0
2025-08-01 09:55:27 AM,24770.1,1050,26008605.0,35921871915.0
2025-08-01 09:55:27 AM,24771.9,0,0.0,35921871915.0
2025-08-01 09:55:28 AM,24771.9,150,3715785.0,35925587700.0
2025-08-01 09:55:29 AM,24770.1,0,0.0,35925587700.0
2025-08-01 09:55:29 AM,24770.0,0,0.0,35925587700.0
2025-08-01 09:55:30 AM,24771.9,2025,50163097.5,35975750797.5
2025-08-01 09:55:31 AM,24772.1,0,0.0,35975750797.5
2025-08-01 09:55:32 AM,24772.1,300,7431630.0,35983182427.5
2025-08-01 09:55:32 AM,24770.0,375,9288750.0,35992471177.5
2025-08-01 09:55:34 AM,24771.6,0,0.0,35992471177.5
2025-08-01 09:55:35 AM,24771.0,750,18578250.0,36011049427.5
2025-08-01 09:55:35 AM,24771.3,0,0.0,36011049427.5
2025-08-01 09:55:37 AM,24771.3,1050,26009865.0,36037059292.5
2025-08-01 09:55:38 AM,24770.0,0,0.0,36037059292.5
2025-08-01 09:55:38 AM,24770.0,75,1857750.0,36038917042.5
2025-08-01 09:55:40 AM,24772.1,0,0.0,36038917042.5
2025-08-01 09:55:40 AM,24770.0,0,0.0,36038917042.5
2025-08-01 09:55:40 AM,24772.1,450,11147445.0,36050064487.5
2025-08-01 09:55:41 AM,24770.3,0,0.0,36050064487.5
2025-08-01 09:55:41 AM,24770.3,675,16719952.5,36066784440.0
2025-08-01 09:55:43 AM,24770.0,0,0.0,36066784440.0
2025-08-01 09:55:43 AM,24770.0,75,1857750.0,36068642190.0
2025-08-01 09:55:45 AM,24770.0,1125,27866250.0,36096508440.0
2025-08-01 09:55:46 AM,24768.5,0,0.0,36096508440.0
2025-08-01 09:55:46 AM,24768.5,150,3715275.0,36100223715.0
2025-08-01 09:55:47 AM,24770.0,0,0.0,36100223715.0
2025-08-01 09:55:48 AM,24771.8,0,0.0,36100223715.0
2025-08-01 09:55:48 AM,24771.8,375,9289425.0,36109513140.0
2025-08-01 09:55:50 AM,24770.5,0,0.0,36109513140.0
2025-08-01 09:55:50 AM,24775.0,0,0.0,36109513140.0
2025-08-01 09:55:50 AM,24775.7,450,11149065.0,36120662205.0
2025-08-01 09:55:52 AM,24775.7,75,1858177.5,36122520382.5
2025-08-01 09:55:53 AM,24770.0,0,0.0,36122520382.5
2025-08-01 09:55:53 AM,24770.0,150,3715500.0,36126235882.5
2025-08-01 09:55:55 AM,24775.3,0,0.0,36126235882.5
2025-08-01 09:55:55 AM,24768.7,0,0.0,36126235882.5
2025-08-01 09:55:55 AM,24774.4,975,24155040.0,36150390922.5
2025-08-01 09:55:56 AM,24768.1,0,0.0,36150390922.5
2025-08-01 09:55:57 AM,24768.1,75,1857607.5,36152248530.0
2025-08-01 09:55:58 AM,24770.0,0,0.0,36152248530.0
2025-08-01 09:55:58 AM,24770.0,150,3715500.0,36155964030.0
2025-08-01 09:55:59 AM,24773.2,0,0.0,36155964030.0
2025-08-01 09:56:00 AM,24773.2,150,3715980.0,36159680010.0
2025-08-01 09:56:00 AM,24772.0,0,0.0,36159680010.0
2025-08-01 09:56:02 AM,24772.0,375,9289500.0,36168969510.0
2025-08-01 09:56:03 AM,24770.0,0,0.0,36168969510.0
2025-08-01 09:56:03 AM,24770.0,75,1857750.0,36170827260.0
2025-08-01 09:56:03 AM,24772.0,0,0.0,36170827260.0
2025-08-01 09:56:05 AM,24772.0,75,1857900.0,36172685160.0
2025-08-01 09:56:05 AM,24772.0,300,7431600.0,36180116760.0
2025-08-01 09:56:10 AM,24774.1,0,0.0,36180116760.0
2025-08-01 09:56:10 AM,24774.1,450,11148345.0,36191265105.0
2025-08-01 09:56:10 AM,24772.0,75,1857900.0,36193123005.0
2025-08-01 09:56:11 AM,24775.0,0,0.0,36193123005.0
2025-08-01 09:56:11 AM,24775.0,150,3716250.0,36196839255.0
2025-08-01 09:56:12 AM,24776.0,0,0.0,36196839255.0
2025-08-01 09:56:13 AM,24776.0,150,3716400.0,36200555655.0
2025-08-01 09:56:13 AM,24775.9,0,0.0,36200555655.0
2025-08-01 09:56:15 AM,24775.9,150,3716385.0,36204272040.0
2025-08-01 09:56:15 AM,24777.0,0,0.0,36204272040.0
2025-08-01 09:56:16 AM,24777.0,300,7433100.0,36211705140.0
2025-08-01 09:56:18 AM,24776.0,0,0.0,36211705140.0
2025-08-01 09:56:18 AM,24777.0,0,0.0,36211705140.0
2025-08-01 09:56:19 AM,24776.1,0,0.0,36211705140.0
2025-08-01 09:56:20 AM,24776.1,300,7432830.0,36219137970.0
2025-08-01 09:56:20 AM,24777.0,0,0.0,36219137970.0
2025-08-01 09:56:21 AM,24778.3,0,0.0,36219137970.0
2025-08-01 09:56:21 AM,24776.0,450,11149200.0,36230287170.0
2025-08-01 09:56:22 AM,24777.0,0,0.0,36230287170.0
2025-08-01 09:56:23 AM,24777.0,75,1858275.0,36232145445.0
2025-08-01 09:56:23 AM,24776.0,0,0.0,36232145445.0
2025-08-01 09:56:24 AM,24774.9,0,0.0,36232145445.0
2025-08-01 09:56:24 AM,24774.9,300,7432470.0,36239577915.0
2025-08-01 09:56:25 AM,24774.9,75,1858117.5,36241436032.5
2025-08-01 09:56:26 AM,24775.9,0,0.0,36241436032.5
2025-08-01 09:56:26 AM,24775.9,150,3716385.0,36245152417.5
2025-08-01 09:56:27 AM,24776.0,0,0.0,36245152417.5
2025-08-01 09:56:28 AM,24776.0,75,1858200.0,36247010617.5
2025-08-01 09:56:28 AM,24777.6,300,7433280.0,36254443897.5
2025-08-01 09:56:29 AM,24777.8,0,0.0,36254443897.5
2025-08-01 09:56:29 AM,24777.8,75,1858335.0,36256302232.5
2025-08-01 09:56:30 AM,24775.9,75,1858192.5,36258160425.0
2025-08-01 09:56:31 AM,24778.5,225,5575162.5,36263735587.5
2025-08-01 09:56:34 AM,24778.7,0,0.0,36263735587.5
2025-08-01 09:56:34 AM,24778.7,150,3716805.0,36267452392.5
2025-08-01 09:56:36 AM,24778.0,0,0.0,36267452392.5
2025-08-01 09:56:36 AM,24776.2,1200,29731440.0,36297183832.5
2025-08-01 09:56:38 AM,24776.2,150,3716430.0,36300900262.5
2025-08-01 09:56:38 AM,24775.0,150,3716250.0,36304616512.5
2025-08-01 09:56:39 AM,24775.0,75,1858125.0,36306474637.5
2025-08-01 09:56:41 AM,24775.3,0,0.0,36306474637.5
2025-08-01 09:56:41 AM,24775.3,300,7432590.0,36313907227.5
2025-08-01 09:56:41 AM,24773.6,0,0.0,36313907227.5
2025-08-01 09:56:41 AM,24773.6,150,3716040.0,36317623267.5
2025-08-01 09:56:42 AM,24772.1,0,0.0,36317623267.5
2025-08-01 09:56:42 AM,24772.0,0,0.0,36317623267.5
2025-08-01 09:56:43 AM,24770.1,375,9288787.5,36326912055.0
2025-08-01 09:56:44 AM,24771.5,0,0.0,36326912055.0
2025-08-01 09:56:44 AM,24771.5,75,1857862.5,36328769917.5
2025-08-01 09:56:45 AM,24770.0,0,0.0,36328769917.5
2025-08-01 09:56:46 AM,24768.0,1875,46440000.0,36375209917.5
2025-08-01 09:56:46 AM,24769.8,0,0.0,36375209917.5
2025-08-01 09:56:48 AM,24769.8,75,1857735.0,36377067652.5
2025-08-01 09:56:48 AM,24768.0,0,0.0,36377067652.5
2025-08-01 09:56:49 AM,24768.0,150,3715200.0,36380782852.5
2025-08-01 09:56:50 AM,24769.4,0,0.0,36380782852.5
2025-08-01 09:56:50 AM,24768.0,0,0.0,36380782852.5
2025-08-01 09:56:50 AM,24769.5,0,0.0,36380782852.5
2025-08-01 09:56:51 AM,24769.5,450,11146275.0,36391929127.5
2025-08-01 09:56:53 AM,24766.0,0,0.0,36391929127.5
2025-08-01 09:56:53 AM,24766.0,150,3714900.0,36395644027.5
2025-08-01 09:56:55 AM,24768.0,0,0.0,36395644027.5
2025-08-01 09:56:55 AM,24769.7,0,0.0,36395644027.5
2025-08-01 09:56:56 AM,24769.8,450,11146410.0,36406790437.5
2025-08-01 09:56:58 AM,24765.6,0,0.0,36406790437.5
2025-08-01 09:56:59 AM,24765.6,375,9287100.0,36416077537.5
2025-08-01 09:57:00 AM,24766.5,0,0.0,36416077537.5
2025-08-01 09:57:00 AM,24768.4,0,0.0,36416077537.5
2025-08-01 09:57:01 AM,24768.4,675,16718670.000000002,36432796207.5
2025-08-01 09:57:02 AM,24769.5,0,0.0,36432796207.5
2025-08-01 09:57:03 AM,24769.5,150,3715425.0,36436511632.5
2025-08-01 09:57:04 AM,24766.5,0,0.0,36436511632.5
2025-08-01 09:57:04 AM,24765.6,0,0.0,36436511632.5
2025-08-01 09:57:04 AM,24769.5,0,0.0,36436511632.5
2025-08-01 09:57:04 AM,24769.5,900,22292550.0,36458804182.5
2025-08-01 09:57:05 AM,24769.0,0,0.0,36458804182.5
2025-08-01 09:57:06 AM,24769.0,75,1857675.0,36460661857.5
2025-08-01 09:57:06 AM,24769.6,225,5573160.0,36466235017.5
2025-08-01 09:57:07 AM,24765.5,0,0.0,36466235017.5
2025-08-01 09:57:08 AM,24765.5,525,13001887.5,36479236905.0
2025-08-01 09:57:10 AM,24765.6,0,0.0,36479236905.0
2025-08-01 09:57:11 AM,24765.6,825,20431620.0,36499668525.0
2025-08-01 09:57:15 AM,24767.9,0,0.0,36499668525.0
2025-08-01 09:57:15 AM,24768.0,0,0.0,36499668525.0
2025-08-01 09:57:16 AM,24768.0,225,5572800.0,36505241325.0
2025-08-01 09:57:16 AM,24768.5,300,7430550.0,36512671875.0
2025-08-01 09:57:19 AM,24766.5,75,1857487.5,36514529362.5
2025-08-01 09:57:19 AM,24768.5,0,0.0,36514529362.5
2025-08-01 09:57:20 AM,24770.0,0,0.0,36514529362.5
2025-08-01 09:57:21 AM,24770.0,300,7431000.0,36521960362.5
2025-08-01 09:57:21 AM,24765.6,0,0.0,36521960362.5
2025-08-01 09:57:22 AM,24768.5,0,0.0,36521960362.5
2025-08-01 09:57:23 AM,24768.5,825,20434012.5,36542394375.0
2025-08-01 09:57:23 AM,24764.2,0,0.0,36542394375.0
2025-08-01 09:57:24 AM,24764.2,1275,31574355.0,36573968730.0
2025-08-01 09:57:25 AM,24768.0,0,0.0,36573968730.0
2025-08-01 09:57:26 AM,24768.0,150,3715200.0,36577683930.0
2025-08-01 09:57:26 AM,24768.5,0,0.0,36577683930.0
2025-08-01 09:57:26 AM,24768.5,150,3715275.0,36581399205.0
2025-08-01 09:57:27 AM,24769.0,0,0.0,36581399205.0
2025-08-01 09:57:28 AM,24769.0,75,1857675.0,36583256880.0
2025-08-01 09:57:28 AM,24764.9,0,0.0,36583256880.0
2025-08-01 09:57:29 AM,24766.5,0,0.0,36583256880.0
2025-08-01 09:57:29 AM,24766.5,225,5572462.5,36588829342.5
2025-08-01 09:57:30 AM,24769.5,0,0.0,36588829342.5
2025-08-01 09:57:31 AM,24769.5,375,9288562.5,36598117905.0
2025-08-01 09:57:31 AM,24761.0,750,18570750.0,36616688655.0
2025-08-01 09:57:31 AM,24762.9,0,0.0,36616688655.0
2025-08-01 09:57:33 AM,24762.9,600,14857740.0,36631546395.0
2025-08-01 09:57:33 AM,24765.2,0,0.0,36631546395.0
2025-08-01 09:57:33 AM,24760.7,0,0.0,36631546395.0
2025-08-01 09:57:34 AM,24760.5,0,0.0,36631546395.0
2025-08-01 09:57:34 AM,24760.5,675,16713337.5,36648259732.5
2025-08-01 09:57:34 AM,24760.7,0,0.0,36648259732.5
2025-08-01 09:57:35 AM,24765.8,0,0.0,36648259732.5
2025-08-01 09:57:36 AM,24763.6,525,13000890.0,36661260622.5
2025-08-01 09:57:37 AM,24767.0,0,0.0,36661260622.5
2025-08-01 09:57:37 AM,24767.0,150,3715050.0,36664975672.5
2025-08-01 09:57:39 AM,24765.7,0,0.0,36664975672.5
2025-08-01 09:57:39 AM,24767.6,0,0.0,36664975672.5
2025-08-01 09:57:39 AM,24767.9,0,0.0,36664975672.5
2025-08-01 09:57:39 AM,24761.8,2850,70571130.0,36735546802.5
2025-08-01 09:57:40 AM,24767.8,0,0.0,36735546802.5
2025-08-01 09:57:41 AM,24770.0,375,9288750.0,36744835552.5
2025-08-01 09:57:41 AM,24765.0,75,1857375.0,36746692927.5
2025-08-01 09:57:45 AM,24768.0,0,0.0,36746692927.5
2025-08-01 09:57:46 AM,24768.4,300,7430520.0,36754123447.5
2025-08-01 09:57:46 AM,24768.0,75,1857600.0,36755981047.5
2025-08-01 09:57:50 AM,24769.4,0,0.0,36755981047.5
2025-08-01 09:57:51 AM,24769.4,375,9288525.0,36765269572.5
2025-08-01 09:57:53 AM,24768.0,0,0.0,36765269572.5
2025-08-01 09:57:53 AM,24768.0,75,1857600.0,36767127172.5
2025-08-01 09:57:53 AM,24768.8,0,0.0,36767127172.5
2025-08-01 09:57:54 AM,24766.0,0,0.0,36767127172.5
2025-08-01 09:57:54 AM,24766.0,450,11144700.0,36778271872.5
2025-08-01 09:57:55 AM,24767.3,0,0.0,36778271872.5
2025-08-01 09:57:56 AM,24767.3,450,11145285.0,36789417157.5
2025-08-01 09:57:56 AM,24767.2,0,0.0,36789417157.5
2025-08-01 09:57:57 AM,24767.2,75,1857540.0,36791274697.5
2025-08-01 09:57:58 AM,24766.0,0,0.0,36791274697.5
2025-08-01 09:57:58 AM,24768.1,0,0.0,36791274697.5
2025-08-01 09:57:59 AM,24767.2,0,0.0,36791274697.5
2025-08-01 09:57:59 AM,24766.0,0,0.0,36791274697.5
2025-08-01 09:57:59 AM,24766.0,600,14859600.0,36806134297.5
2025-08-01 09:58:00 AM,24764.9,0,0.0,36806134297.5
2025-08-01 09:58:01 AM,24764.9,900,22288410.0,36828422707.5
2025-08-01 09:58:01 AM,24762.0,75,1857150.0,36830279857.5
2025-08-01 09:58:01 AM,24764.8,0,0.0,36830279857.5
2025-08-01 09:58:02 AM,24764.7,150,3714705.0,36833994562.5
2025-08-01 09:58:04 AM,24760.3,0,0.0,36833994562.5
2025-08-01 09:58:04 AM,24764.7,0,0.0,36833994562.5
2025-08-01 09:58:04 AM,24764.7,225,5572057.5,36839566620.0
2025-08-01 09:58:05 AM,24760.0,0,0.0,36839566620.0
2025-08-01 09:58:06 AM,24762.0,2325,57571650.0,36897138270.0
2025-08-01 09:58:06 AM,24760.0,0,0.0,36897138270.0
2025-08-01 09:58:08 AM,24763.8,450,11143710.0,36908281980.0
2025-08-01 09:58:09 AM,24763.8,75,1857285.0,36910139265.0
2025-08-01 09:58:10 AM,24761.0,0,0.0,36910139265.0
2025-08-01 09:58:11 AM,24761.0,600,14856600.0,36924995865.0
2025-08-01 09:58:15 AM,24761.9,0,0.0,36924995865.0
2025-08-01 09:58:16 AM,24761.9,375,9285712.5,36934281577.5
2025-08-01 09:58:17 AM,24761.0,0,0.0,36934281577.5
2025-08-01 09:58:18 AM,24761.0,75,1857075.0,36936138652.5
2025-08-01 09:58:18 AM,24761.0,75,1857075.0,36937995727.5
2025-08-01 09:58:19 AM,24761.0,150,3714150.0,36941709877.5
2025-08-01 09:58:20 AM,24761.9,0,0.0,36941709877.5
2025-08-01 09:58:21 AM,24761.4,1350,33427890.000000004,36975137767.5
2025-08-01 09:58:21 AM,24761.0,0,0.0,36975137767.5
2025-08-01 09:58:23 AM,24761.0,150,3714150.0,36978851917.5
2025-08-01 09:58:23 AM,24763.7,75,1857277.5,36980709195.0
2025-08-01 09:58:23 AM,24760.0,0,0.0,36980709195.0
2025-08-01 09:58:24 AM,24760.0,150,3714000.0,36984423195.0
2025-08-01 09:58:25 AM,24763.7,0,0.0,36984423195.0
2025-08-01 09:58:25 AM,24763.3,0,0.0,36984423195.0
2025-08-01 09:58:26 AM,24763.8,0,0.0,36984423195.0
2025-08-01 09:58:26 AM,24763.8,600,14858280.0,36999281475.0
2025-08-01 09:58:28 AM,24762.0,0,0.0,36999281475.0
2025-08-01 09:58:28 AM,24762.0,75,1857150.0,37001138625.0
2025-08-01 09:58:28 AM,24760.0,0,0.0,37001138625.0
2025-08-01 09:58:29 AM,24762.0,0,0.0,37001138625.0
2025-08-01 09:58:29 AM,24762.0,450,11142900.0,37012281525.0
2025-08-01 09:58:29 AM,24760.0,75,1857000.0,37014138525.0
2025-08-01 09:58:30 AM,24764.0,0,0.0,37014138525.0
2025-08-01 09:58:31 AM,24760.1,450,11142045.0,37025280570.0
2025-08-01 09:58:32 AM,24763.0,0,0.0,37025280570.0
2025-08-01 09:58:33 AM,24763.0,150,3714450.0,37028995020.0
2025-08-01 09:58:33 AM,24760.4,375,9285150.0,37038280170.0
2025-08-01 09:58:35 AM,24760.0,0,0.0,37038280170.0
2025-08-01 09:58:35 AM,24764.3,0,0.0,37038280170.0
2025-08-01 09:58:35 AM,24758.6,0,0.0,37038280170.0
2025-08-01 09:58:35 AM,24765.0,0,0.0,37038280170.0
2025-08-01 09:58:36 AM,24760.8,1350,33427080.0,37071707250.0
2025-08-01 09:58:36 AM,24760.0,0,0.0,37071707250.0
2025-08-01 09:58:37 AM,24767.1,0,0.0,37071707250.0
2025-08-01 09:58:38 AM,24767.1,2250,55725975.0,37127433225.0
2025-08-01 09:58:40 AM,24766.7,0,0.0,37127433225.0
2025-08-01 09:58:41 AM,24766.7,300,7430010.0,37134863235.0
2025-08-01 09:58:41 AM,24760.4,0,0.0,37134863235.0
2025-08-01 09:58:41 AM,24766.8,0,0.0,37134863235.0
2025-08-01 09:58:43 AM,24766.8,300,7430040.0,37142293275.0
2025-08-01 09:58:45 AM,24766.7,0,0.0,37142293275.0
2025-08-01 09:58:46 AM,24767.3,0,0.0,37142293275.0
2025-08-01 09:58:46 AM,24767.3,150,3715095.0,37146008370.0
2025-08-01 09:58:47 AM,24768.0,0,0.0,37146008370.0
2025-08-01 09:58:48 AM,24768.0,75,1857600.0,37147865970.0
2025-08-01 09:58:48 AM,24768.8,0,0.0,37147865970.0
2025-08-01 09:58:48 AM,24763.8,0,0.0,37147865970.0
2025-08-01 09:58:48 AM,24763.0,0,0.0,37147865970.0
2025-08-01 09:58:48 AM,24766.8,0,0.0,37147865970.0
2025-08-01 09:58:49 AM,24761.2,600,14856720.0,37162722690.0
2025-08-01 09:58:50 AM,24769.7,0,0.0,37162722690.0
2025-08-01 09:58:51 AM,24766.8,1050,26005140.0,37188727830.0
2025-08-01 09:58:51 AM,24768.9,0,0.0,37188727830.0
2025-08-01 09:58:52 AM,24762.7,0,0.0,37188727830.0
2025-08-01 09:58:52 AM,24767.4,0,0.0,37188727830.0
2025-08-01 09:58:53 AM,24767.4,525,13002885.0,37201730715.0
2025-08-01 09:58:55 AM,24764.5,0,0.0,37201730715.0
2025-08-01 09:58:55 AM,24765.4,0,0.0,37201730715.0
2025-08-01 09:58:56 AM,24765.4,675,16716645.000000002,37218447360.0
2025-08-01 09:58:57 AM,24760.8,0,0.0,37218447360.0
2025-08-01 09:58:58 AM,24760.8,75,1857060.0,37220304420.0
2025-08-01 09:59:00 AM,24760.0,0,0.0,37220304420.0
2025-08-01 09:59:00 AM,24758.0,0,0.0,37220304420.0
2025-08-01 09:59:01 AM,24758.0,2175,53848650.0,37274153070.0
2025-08-01 09:59:03 AM,24758.0,75,1856850.0,37276009920.0
2025-08-01 09:59:03 AM,24762.4,0,0.0,37276009920.0
2025-08-01 09:59:04 AM,24759.9,450,11141955.0,37287151875.0
2025-08-01 09:59:04 AM,24759.9,75,1856992.5,37289008867.5
2025-08-01 09:59:06 AM,24759.9,375,9284962.5,37298293830.0
2025-08-01 09:59:06 AM,24762.8,0,0.0,37298293830.0
2025-08-01 09:59:06 AM,24759.9,0,0.0,37298293830.0
2025-08-01 09:59:07 AM,24760.0,0,0.0,37298293830.0
2025-08-01 09:59:08 AM,24760.0,225,5571000.0,37303864830.0
2025-08-01 09:59:09 AM,24762.7,0,0.0,37303864830.0
2025-08-01 09:59:09 AM,24762.7,75,1857202.5,37305722032.5
2025-08-01 09:59:09 AM,24762.7,75,1857202.5,37307579235.0
2025-08-01 09:59:10 AM,24763.2,0,0.0,37307579235.0
2025-08-01 09:59:11 AM,24763.2,300,7428960.0,37315008195.0
2025-08-01 09:59:11 AM,24758.0,0,0.0,37315008195.0
2025-08-01 09:59:12 AM,24758.0,225,5570550.0,37320578745.0
2025-08-01 09:59:13 AM,24758.9,0,0.0,37320578745.0
2025-08-01 09:59:13 AM,24758.9,150,3713835.0,37324292580.0
2025-08-01 09:59:14 AM,24763.2,225,5571720.0,37329864300.0
2025-08-01 09:59:15 AM,24764.8,0,0.0,37329864300.0
2025-08-01 09:59:16 AM,24764.8,300,7429440.0,37337293740.0
2025-08-01 09:59:16 AM,24758.6,150,3713790.0,37341007530.0
2025-08-01 09:59:17 AM,24759.5,0,0.0,37341007530.0
2025-08-01 09:59:17 AM,24759.5,75,1856962.5,37342864492.5
2025-08-01 09:59:17 AM,24759.2,0,0.0,37342864492.5
2025-08-01 09:59:18 AM,24759.2,75,1856940.0,37344721432.5
2025-08-01 09:59:19 AM,24760.6,0,0.0,37344721432.5
2025-08-01 09:59:19 AM,24760.6,75,1857045.0,37346578477.5
2025-08-01 09:59:20 AM,24764.8,0,0.0,37346578477.5
2025-08-01 09:59:21 AM,24764.8,300,7429440.0,37354007917.5
2025-08-01 09:59:22 AM,24764.0,0,0.0,37354007917.5
2025-08-01 09:59:22 AM,24765.0,0,0.0,37354007917.5
2025-08-01 09:59:22 AM,24765.0,225,5572125.0,37359580042.5
2025-08-01 09:59:24 AM,24766.7,0,0.0,37359580042.5
2025-08-01 09:59:24 AM,24766.7,75,1857502.5,37361437545.0
2025-08-01 09:59:25 AM,24767.3,0,0.0,37361437545.0
2025-08-01 09:59:26 AM,24768.0,0,0.0,37361437545.0
2025-08-01 09:59:26 AM,24768.0,825,20433600.0,37381871145.0
2025-08-01 09:59:28 AM,24766.3,0,0.0,37381871145.0
2025-08-01 09:59:28 AM,24766.3,150,3714945.0,37385586090.0
2025-08-01 09:59:29 AM,24770.0,75,1857750.0,37387443840.0
2025-08-01 09:59:31 AM,24770.0,225,5573250.0,37393017090.0
2025-08-01 09:59:32 AM,24769.8,0,0.0,37393017090.0
2025-08-01 09:59:32 AM,24770.0,0,0.0,37393017090.0
2025-08-01 09:59:32 AM,24770.0,150,3715500.0,37396732590.0
2025-08-01 09:59:34 AM,24771.1,0,0.0,37396732590.0
2025-08-01 09:59:34 AM,24769.0,150,3715350.0,37400447940.0
2025-08-01 09:59:35 AM,24771.1,0,0.0,37400447940.0
2025-08-01 09:59:36 AM,24771.1,450,11146995.0,37411594935.0
2025-08-01 09:59:36 AM,24766.3,75,1857472.5,37413452407.5
2025-08-01 09:59:37 AM,24766.2,0,0.0,37413452407.5
2025-08-01 09:59:37 AM,24766.2,150,3714930.0,37417167337.5
2025-08-01 09:59:39 AM,24771.1,0,0.0,37417167337.5
2025-08-01 09:59:39 AM,24771.1,75,1857832.5,37419025170.0
2025-08-01 09:59:41 AM,24771.1,450,11146995.0,37430172165.0
2025-08-01 09:59:45 AM,24771.0,0,0.0,37430172165.0
2025-08-01 09:59:46 AM,24771.0,525,13004775.0,37443176940.0
2025-08-01 09:59:47 AM,24771.0,75,1857825.0,37445034765.0
2025-08-01 09:59:48 AM,24770.0,0,0.0,37445034765.0
2025-08-01 09:59:49 AM,24770.0,150,3715500.0,37448750265.0
2025-08-01 09:59:50 AM,24771.9,0,0.0,37448750265.0
2025-08-01 09:59:51 AM,24770.0,0,0.0,37448750265.0
2025-08-01 09:59:51 AM,24770.0,450,11146500.0,37459896765.0
2025-08-01 09:59:51 AM,24769.2,0,0.0,37459896765.0
2025-08-01 09:59:52 AM,24769.2,1800,44584560.0,37504481325.0
2025-08-01 09:59:53 AM,24773.5,0,0.0,37504481325.0
2025-08-01 09:59:54 AM,24773.5,3600,89184600.0,37593665925.0
2025-08-01 09:59:55 AM,24772.9,0,0.0,37593665925.0
2025-08-01 09:59:55 AM,24770.0,0,0.0,37593665925.0
2025-08-01 09:59:56 AM,24770.0,600,14862000.0,37608527925.0
2025-08-01 09:59:56 AM,24772.1,0,0.0,37608527925.0
2025-08-01 09:59:57 AM,24772.6,0,0.0,37608527925.0
2025-08-01 09:59:57 AM,24772.6,225,5573835.0,37614101760.0
2025-08-01 09:59:58 AM,24771.8,0,0.0,37614101760.0
2025-08-01 09:59:59 AM,24771.7,0,0.0,37614101760.0
2025-08-01 09:59:59 AM,24771.7,525,13005142.5,37627106902.5
2025-08-01 09:59:59 AM,24767.0,75,1857525.0,37628964427.5
2025-08-01 10:00:00 AM,24770.5,0,0.0,37628964427.5
2025-08-01 10:00:00 AM,24770.5,150,3715575.0,37632680002.5
2025-08-01 10:00:01 AM,24769.5,1125,27865687.5,37660545690.0
2025-08-01 10:00:02 AM,24768.3,0,0.0,37660545690.0
2025-08-01 10:00:02 AM,24768.3,1275,31579582.5,37692125272.5
2025-08-01 10:00:03 AM,24766.0,0,0.0,37692125272.5
2025-08-01 10:00:03 AM,24767.5,0,0.0,37692125272.5
2025-08-01 10:00:04 AM,24766.0,0,0.0,37692125272.5
2025-08-01 10:00:04 AM,24765.0,375,9286875.0,37701412147.5
2025-08-01 10:00:04 AM,24766.0,75,1857450.0,37703269597.5
2025-08-01 10:00:06 AM,24765.0,0,0.0,37703269597.5
2025-08-01 10:00:07 AM,24764.0,0,0.0,37703269597.5
2025-08-01 10:00:07 AM,24761.0,1950,48283950.0,37751553547.5
2025-08-01 10:00:07 AM,24760.0,75,1857000.0,37753410547.5
2025-08-01 10:00:09 AM,24762.3,0,0.0,37753410547.5
2025-08-01 10:00:09 AM,24760.0,375,9285000.0,37762695547.5
2025-08-01 10:00:10 AM,24760.0,375,9285000.0,37771980547.5
2025-08-01 10:00:11 AM,24760.0,975,24141000.0,37796121547.5
2025-08-01 10:00:11 AM,24759.0,0,0.0,37796121547.5
2025-08-01 10:00:12 AM,24759.4,0,0.0,37796121547.5
2025-08-01 10:00:12 AM,24759.4,900,22283460.0,37818405007.5
2025-08-01 10:00:13 AM,24758.6,0,0.0,37818405007.5
2025-08-01 10:00:14 AM,24758.0,0,0.0,37818405007.5
2025-08-01 10:00:14 AM,24758.0,150,3713700.0,37822118707.5
2025-08-01 10:00:15 AM,24760.5,0,0.0,37822118707.5
2025-08-01 10:00:16 AM,24760.5,150,3714075.0,37825832782.5
2025-08-01 10:00:16 AM,24758.6,0,0.0,37825832782.5
2025-08-01 10:00:17 AM,24758.6,150,3713790.0,37829546572.5
2025-08-01 10:00:19 AM,24758.6,225,5570685.0,37835117257.5
2025-08-01 10:00:19 AM,24760.0,0,0.0,37835117257.5
2025-08-01 10:00:20 AM,24763.0,0,0.0,37835117257.5
2025-08-01 10:00:20 AM,24763.0,300,7428900.0,37842546157.5
2025-08-01 10:00:21 AM,24760.5,0,0.0,37842546157.5
2025-08-01 10:00:22 AM,24758.0,0,0.0,37842546157.5
2025-08-01 10:00:22 AM,24758.0,225,5570550.0,37848116707.5
2025-08-01 10:00:24 AM,24758.0,75,1856850.0,37849973557.5
2025-08-01 10:00:24 AM,24760.0,0,0.0,37849973557.5
2025-08-01 10:00:25 AM,24760.0,600,14856000.0,37864829557.5
2025-08-01 10:00:25 AM,24760.0,75,1857000.0,37866686557.5
2025-08-01 10:00:27 AM,24762.0,225,5571450.0,37872258007.5
2025-08-01 10:00:30 AM,24761.0,0,0.0,37872258007.5
2025-08-01 10:00:32 AM,24761.0,75,1857075.0,37874115082.5
2025-08-01 10:00:33 AM,24760.0,0,0.0,37874115082.5
2025-08-01 10:00:34 AM,24760.0,3525,87279000.0,37961394082.5
2025-08-01 10:00:35 AM,24760.0,1800,44568000.0,38005962082.5
2025-08-01 10:00:35 AM,24760.7,0,0.0,38005962082.5
2025-08-01 10:00:37 AM,24760.7,150,3714105.0,38009676187.5
2025-08-01 10:00:39 AM,24760.0,0,0.0,38009676187.5
2025-08-01 10:00:40 AM,24760.7,0,0.0,38009676187.5
2025-08-01 10:00:40 AM,24760.7,750,18570525.0,38028246712.5
2025-08-01 10:00:40 AM,24760.0,150,3714000.0,38031960712.5
2025-08-01 10:00:41 AM,24764.0,0,0.0,38031960712.5
2025-08-01 10:00:42 AM,24760.0,0,0.0,38031960712.5
2025-08-01 10:00:42 AM,24760.0,300,7428000.0,38039388712.5
2025-08-01 10:00:42 AM,24762.5,0,0.0,38039388712.5
2025-08-01 10:00:43 AM,24762.1,0,0.0,38039388712.5
2025-08-01 10:00:43 AM,24762.1,750,18571575.0,38057960287.5
2025-08-01 10:00:44 AM,24761.5,0,0.0,38057960287.5
2025-08-01 10:00:45 AM,24761.5,900,22285350.0,38080245637.5
2025-08-01 10:00:47 AM,24760.0,0,0.0,38080245637.5
2025-08-01 10:00:48 AM,24760.0,225,5571000.0,38085816637.5
2025-08-01 10:00:48 AM,24760.0,75,1857000.0,38087673637.5
2025-08-01 10:00:52 AM,24760.0,2250,55710000.0,38143383637.5
2025-08-01 10:00:53 AM,24760.0,375,9285000.0,38152668637.5
2025-08-01 10:00:55 AM,24760.0,225,5571000.0,38158239637.5
2025-08-01 10:00:55 AM,24760.0,75,1857000.0,38160096637.5
2025-08-01 10:00:56 AM,24761.0,0,0.0,38160096637.5
2025-08-01 10:00:57 AM,24761.0,225,5571225.0,38165667862.5
2025-08-01 10:00:57 AM,24761.7,75,1857127.5,38167524990.0
2025-08-01 10:00:59 AM,24764.5,0,0.0,38167524990.0
2025-08-01 10:01:00 AM,24764.4,0,0.0,38167524990.0
2025-08-01 10:01:00 AM,24762.2,300,7428660.0,38174953650.0
2025-08-01 10:01:01 AM,24764.4,0,0.0,38174953650.0
2025-08-01 10:01:02 AM,24764.4,75,1857330.0,38176810980.0
2025-08-01 10:01:02 AM,24763.1,0,0.0,38176810980.0
2025-08-01 10:01:03 AM,24764.3,0,0.0,38176810980.0
2025-08-01 10:01:03 AM,24764.3,675,16715902.5,38193526882.5
2025-08-01 10:01:03 AM,24761.7,75,1857127.5,38195384010.0
2025-08-01 10:01:04 AM,24764.3,0,0.0,38195384010.0
2025-08-01 10:01:05 AM,24764.3,225,5571967.5,38200955977.5
2025-08-01 10:01:05 AM,24764.7,0,0.0,38200955977.5
2025-08-01 10:01:07 AM,24767.0,0,0.0,38200955977.5
2025-08-01 10:01:07 AM,24767.0,375,9287625.0,38210243602.5
2025-08-01 10:01:08 AM,24769.0,0,0.0,38210243602.5
2025-08-01 10:01:08 AM,24769.0,75,1857675.0,38212101277.5
2025-08-01 10:01:11 AM,24768.7,0,0.0,38212101277.5
2025-08-01 10:01:12 AM,24768.7,150,3715305.0,38215816582.5
2025-08-01 10:01:12 AM,24768.9,75,1857667.5,38217674250.0
2025-08-01 10:01:12 AM,24767.0,0,0.0,38217674250.0
2025-08-01 10:01:13 AM,24768.0,300,7430400.0,38225104650.0
2025-08-01 10:01:14 AM,24768.1,0,0.0,38225104650.0
2025-08-01 10:01:15 AM,24768.1,375,9288037.5,38234392687.5
2025-08-01 10:01:15 AM,24768.2,0,0.0,38234392687.5
2025-08-01 10:01:16 AM,24768.6,0,0.0,38234392687.5
2025-08-01 10:01:17 AM,24768.6,900,22291740.0,38256684427.5
2025-08-01 10:01:18 AM,24766.0,75,1857450.0,38258541877.5
2025-08-01 10:01:21 AM,24768.4,0,0.0,38258541877.5
2025-08-01 10:01:21 AM,24768.4,150,3715260.0,38262257137.5
2025-08-01 10:01:23 AM,24765.3,0,0.0,38262257137.5
2025-08-01 10:01:23 AM,24765.3,225,5572192.5,38267829330.0
2025-08-01 10:01:25 AM,24768.9,0,0.0,38267829330.0
2025-08-01 10:01:25 AM,24768.9,1200,29722680.0,38297552010.0
2025-08-01 10:01:25 AM,24763.7,0,0.0,38297552010.0
2025-08-01 10:01:26 AM,24763.7,75,1857277.5,38299409287.5
2025-08-01 10:01:27 AM,24768.9,0,0.0,38299409287.5
2025-08-01 10:01:28 AM,24768.9,375,9288337.5,38308697625.0
2025-08-01 10:01:28 AM,24764.0,0,0.0,38308697625.0
2025-08-01 10:01:28 AM,24764.0,1050,26002200.0,38334699825.0
2025-08-01 10:01:29 AM,24763.9,0,0.0,38334699825.0
2025-08-01 10:01:30 AM,24768.9,225,5573002.5,38340272827.5
2025-08-01 10:01:31 AM,24768.9,150,3715335.0,38343988162.5
2025-08-01 10:01:32 AM,24763.8,0,0.0,38343988162.5
2025-08-01 10:01:32 AM,24765.2,0,0.0,38343988162.5
2025-08-01 10:01:33 AM,24765.2,450,11144340.0,38355132502.5
2025-08-01 10:01:34 AM,24766.6,0,0.0,38355132502.5
2025-08-01 10:01:34 AM,24762.4,0,0.0,38355132502.5
2025-08-01 10:01:35 AM,24762.4,450,11143080.0,38366275582.5
2025-08-01 10:01:36 AM,24767.9,0,0.0,38366275582.5
2025-08-01 10:01:36 AM,24768.0,0,0.0,38366275582.5
2025-08-01 10:01:36 AM,24768.0,825,20433600.0,38386709182.5
2025-08-01 10:01:37 AM,24763.9,0,0.0,38386709182.5
2025-08-01 10:01:38 AM,24763.9,300,7429170.0,38394138352.5
2025-08-01 10:01:39 AM,24768.9,0,0.0,38394138352.5
2025-08-01 10:01:40 AM,24768.9,225,5573002.5,38399711355.0
2025-08-01 10:01:40 AM,24770.0,75,1857750.0,38401569105.0
2025-08-01 10:01:40 AM,24768.9,0,0.0,38401569105.0
2025-08-01 10:01:41 AM,24768.9,225,5573002.5,38407142107.5
2025-08-01 10:01:41 AM,24768.0,150,3715200.0,38410857307.5
2025-08-01 10:01:42 AM,24766.2,0,0.0,38410857307.5
2025-08-01 10:01:43 AM,24766.2,1200,29719440.0,38440576747.5
2025-08-01 10:01:46 AM,24767.0,0,0.0,38440576747.5
2025-08-01 10:01:46 AM,24767.0,375,9287625.0,38449864372.5
2025-08-01 10:01:47 AM,24765.6,0,0.0,38449864372.5
2025-08-01 10:01:48 AM,24765.6,525,13001940.0,38462866312.5
2025-08-01 10:01:48 AM,24765.7,0,0.0,38462866312.5
2025-08-01 10:01:49 AM,24768.0,0,0.0,38462866312.5
2025-08-01 10:01:49 AM,24768.0,675,16718400.0,38479584712.5
2025-08-01 10:01:50 AM,24769.0,0,0.0,38479584712.5
2025-08-01 10:01:51 AM,24769.0,75,1857675.0,38481442387.5
2025-08-01 10:01:52 AM,24766.6,0,0.0,38481442387.5
2025-08-01 10:01:52 AM,24767.7,0,0.0,38481442387.5
2025-08-01 10:01:53 AM,24769.0,0,0.0,38481442387.5
2025-08-01 10:01:53 AM,24769.0,900,22292100.0,38503734487.5
2025-08-01 10:01:54 AM,24771.0,0,0.0,38503734487.5
2025-08-01 10:01:54 AM,24771.0,75,1857825.0,38505592312.5
2025-08-01 10:01:55 AM,24771.8,0,0.0,38505592312.5
2025-08-01 10:01:55 AM,24771.8,300,7431540.0,38513023852.5
2025-08-01 10:01:55 AM,24771.0,0,0.0,38513023852.5
2025-08-01 10:01:56 AM,24771.0,225,5573475.0,38518597327.5
2025-08-01 10:01:57 AM,24771.0,75,1857825.0,38520455152.5
2025-08-01 10:01:57 AM,24771.4,0,0.0,38520455152.5
2025-08-01 10:01:58 AM,24771.1,525,13004827.5,38533459980.0
2025-08-01 10:01:58 AM,24775.0,225,5574375.0,38539034355.0
2025-08-01 10:02:01 AM,24777.0,0,0.0,38539034355.0
2025-08-01 10:02:01 AM,24777.0,675,16724475.0,38555758830.0
2025-08-01 10:02:02 AM,24776.4,75,1858230.0,38557617060.0
2025-08-01 10:02:02 AM,24774.0,0,0.0,38557617060.0
2025-08-01 10:02:03 AM,24774.0,600,14864400.0,38572481460.0
2025-08-01 10:02:03 AM,24776.9,0,0.0,38572481460.0
2025-08-01 10:02:04 AM,24773.5,0,0.0,38572481460.0
2025-08-01 10:02:04 AM,24776.9,0,0.0,38572481460.0
2025-08-01 10:02:04 AM,24776.9,225,5574802.5,38578056262.5
2025-08-01 10:02:05 AM,24771.0,0,0.0,38578056262.5
2025-08-01 10:02:05 AM,24771.0,375,9289125.0,38587345387.5
2025-08-01 10:02:07 AM,24770.7,0,0.0,38587345387.5
2025-08-01 10:02:08 AM,24770.7,375,9289012.5,38596634400.0
2025-08-01 10:02:08 AM,24770.5,75,1857787.5,38598492187.5
2025-08-01 10:02:08 AM,24775.9,0,0.0,38598492187.5
2025-08-01 10:02:09 AM,24776.9,0,0.0,38598492187.5
2025-08-01 10:02:09 AM,24770.7,300,7431210.0,38605923397.5
2025-08-01 10:02:10 AM,24775.0,0,0.0,38605923397.5
2025-08-01 10:02:11 AM,24775.0,900,22297500.0,38628220897.5
2025-08-01 10:02:12 AM,24772.1,0,0.0,38628220897.5
2025-08-01 10:02:13 AM,24772.1,300,7431630.0,38635652527.5
2025-08-01 10:02:14 AM,24773.6,0,0.0,38635652527.5
2025-08-01 10:02:14 AM,24771.2,0,0.0,38635652527.5
2025-08-01 10:02:14 AM,24771.2,450,11147040.0,38646799567.5
2025-08-01 10:02:16 AM,24770.5,0,0.0,38646799567.5
2025-08-01 10:02:16 AM,24770.5,75,1857787.5,38648657355.0
2025-08-01 10:02:17 AM,24775.0,0,0.0,38648657355.0
2025-08-01 10:02:17 AM,24775.0,450,11148750.0,38659806105.0
2025-08-01 10:02:17 AM,24770.4,0,0.0,38659806105.0
2025-08-01 10:02:18 AM,24770.4,300,7431120.0,38667237225.0
2025-08-01 10:02:20 AM,24772.0,0,0.0,38667237225.0
2025-08-01 10:02:20 AM,24772.0,75,1857900.0,38669095125.0
2025-08-01 10:02:23 AM,24772.1,0,0.0,38669095125.0
2025-08-01 10:02:23 AM,24772.1,750,18579075.0,38687674200.0
2025-08-01 10:02:24 AM,24772.6,0,0.0,38687674200.0
2025-08-01 10:02:25 AM,24772.6,450,11147670.0,38698821870.0
2025-08-01 10:02:25 AM,24775.0,0,0.0,38698821870.0
2025-08-01 10:02:26 AM,24775.0,300,7432500.0,38706254370.0
2025-08-01 10:02:27 AM,24773.7,0,0.0,38706254370.0
2025-08-01 10:02:28 AM,24773.7,675,16722247.5,38722976617.5
2025-08-01 10:02:29 AM,24773.2,0,0.0,38722976617.5
2025-08-01 10:02:29 AM,24775.9,450,11149155.0,38734125772.5
2025-08-01 10:02:31 AM,24775.9,750,18581925.0,38752707697.5
2025-08-01 10:02:32 AM,24775.4,0,0.0,38752707697.5
2025-08-01 10:02:33 AM,24775.4,300,7432620.0,38760140317.5
2025-08-01 10:02:33 AM,24776.4,150,3716460.0,38763856777.5
2025-08-01 10:02:34 AM,24777.0,150,3716550.0,38767573327.5
2025-08-01 10:02:36 AM,24777.0,75,1858275.0,38769431602.5
2025-08-01 10:02:37 AM,24775.9,0,0.0,38769431602.5
2025-08-01 10:02:38 AM,24775.9,75,1858192.5,38771289795.0
2025-08-01 10:02:39 AM,24776.0,0,0.0,38771289795.0
2025-08-01 10:02:39 AM,24776.0,75,1858200.0,38773147995.0
2025-08-01 10:02:40 AM,24776.2,0,0.0,38773147995.0
2025-08-01 10:02:41 AM,24776.2,300,7432860.0,38780580855.0
2025-08-01 10:02:42 AM,24775.9,0,0.0,38780580855.0
2025-08-01 10:02:42 AM,24776.5,0,0.0,38780580855.0
2025-08-01 10:02:43 AM,24776.5,450,11149425.0,38791730280.0
2025-08-01 10:02:43 AM,24776.5,75,1858237.5,38793588517.5
2025-08-01 10:02:44 AM,24775.0,150,3716250.0,38797304767.5
2025-08-01 10:02:44 AM,24777.0,0,0.0,38797304767.5
2025-08-01 10:02:44 AM,24777.0,75,1858275.0,38799163042.5
2025-08-01 10:02:47 AM,24775.1,0,0.0,38799163042.5
2025-08-01 10:02:47 AM,24777.0,375,9291375.0,38808454417.5
2025-08-01 10:02:52 AM,24774.1,0,0.0,38808454417.5
2025-08-01 10:02:52 AM,24774.1,375,9290287.5,38817744705.0
2025-08-01 10:02:53 AM,24775.6,75,1858170.0,38819602875.0
2025-08-01 10:02:54 AM,24774.0,0,0.0,38819602875.0
2025-08-01 10:02:54 AM,24774.0,450,11148300.0,38830751175.0
2025-08-01 10:02:54 AM,24777.0,0,0.0,38830751175.0
2025-08-01 10:02:55 AM,24776.0,0,0.0,38830751175.0
2025-08-01 10:02:56 AM,24776.0,150,3716400.0,38834467575.0
2025-08-01 10:02:57 AM,24777.0,0,0.0,38834467575.0
2025-08-01 10:02:57 AM,24775.2,0,0.0,38834467575.0
2025-08-01 10:02:57 AM,24775.2,375,9290700.0,38843758275.0
2025-08-01 10:02:59 AM,24777.0,0,0.0,38843758275.0
2025-08-01 10:02:59 AM,24777.0,75,1858275.0,38845616550.0
2025-08-01 10:03:01 AM,24777.0,75,1858275.0,38847474825.0
2025-08-01 10:03:02 AM,24775.0,0,0.0,38847474825.0
2025-08-01 10:03:02 AM,24775.0,150,3716250.0,38851191075.0
2025-08-01 10:03:04 AM,24774.5,0,0.0,38851191075.0
2025-08-01 10:03:04 AM,24774.5,75,1858087.5,38853049162.5
2025-08-01 10:03:05 AM,24773.0,0,0.0,38853049162.5
2025-08-01 10:03:06 AM,24773.0,150,3715950.0,38856765112.5
2025-08-01 10:03:06 AM,24772.1,0,0.0,38856765112.5
2025-08-01 10:03:07 AM,24771.7,675,16720897.5,38873486010.0
2025-08-01 10:03:07 AM,24771.7,225,5573632.5,38879059642.5
2025-08-01 10:03:08 AM,24776.3,0,0.0,38879059642.5
2025-08-01 10:03:09 AM,24776.3,150,3716445.0,38882776087.5
2025-08-01 10:03:09 AM,24774.0,75,1858050.0,38884634137.5
2025-08-01 10:03:10 AM,24774.4,0,0.0,38884634137.5
2025-08-01 10:03:11 AM,24774.4,75,1858080.0,38886492217.5
2025-08-01 10:03:12 AM,24775.1,0,0.0,38886492217.5
2025-08-01 10:03:12 AM,24775.1,300,7432530.0,38893924747.5
2025-08-01 10:03:12 AM,24778.0,0,0.0,38893924747.5
2025-08-01 10:03:12 AM,24778.0,1275,31591950.0,38925516697.5
2025-08-01 10:03:13 AM,24780.0,0,0.0,38925516697.5
2025-08-01 10:03:14 AM,24780.0,2850,70623000.0,38996139697.5
2025-08-01 10:03:16 AM,24783.2,0,0.0,38996139697.5
2025-08-01 10:03:17 AM,24781.0,0,0.0,38996139697.5
2025-08-01 10:03:17 AM,24781.0,900,22302900.0,39018442597.5
2025-08-01 10:03:17 AM,24781.0,75,1858575.0,39020301172.5
2025-08-01 10:03:18 AM,24783.6,0,0.0,39020301172.5
2025-08-01 10:03:19 AM,24785.0,450,11153250.0,39031454422.5
2025-08-01 10:03:21 AM,24785.0,75,1858875.0,39033313297.5
2025-08-01 10:03:22 AM,24782.4,0,0.0,39033313297.5
2025-08-01 10:03:22 AM,24785.7,975,24166057.5,39057479355.0
2025-08-01 10:03:22 AM,24785.9,0,0.0,39057479355.0
2025-08-01 10:03:22 AM,24785.9,75,1858942.5,39059338297.5
2025-08-01 10:03:24 AM,24784.7,0,0.0,39059338297.5
2025-08-01 10:03:24 AM,24787.0,1875,46475625.0,39105813922.5
2025-08-01 10:03:24 AM,24791.4,4125,102264525.0,39208078447.5
2025-08-01 10:03:25 AM,24790.4,0,0.0,39208078447.5
2025-08-01 10:03:26 AM,24790.4,150,3718560.0,39211797007.5
2025-08-01 10:03:27 AM,24790.0,0,0.0,39211797007.5
2025-08-01 10:03:27 AM,24790.2,375,9296325.0,39221093332.5
2025-08-01 10:03:30 AM,24790.0,0,0.0,39221093332.5
2025-08-01 10:03:30 AM,24790.2,0,0.0,39221093332.5
2025-08-01 10:03:31 AM,24792.4,450,11156580.0,39232249912.5
2025-08-01 10:03:31 AM,24790.2,0,0.0,39232249912.5
2025-08-01 10:03:32 AM,24787.7,300,7436310.0,39239686222.5
2025-08-01 10:03:32 AM,24788.6,225,5577435.0,39245263657.5
2025-08-01 10:03:34 AM,24788.6,150,3718290.0,39248981947.5
2025-08-01 10:03:34 AM,24792.4,0,0.0,39248981947.5
2025-08-01 10:03:36 AM,24792.4,75,1859430.0,39250841377.5
2025-08-01 10:03:37 AM,24793.0,0,0.0,39250841377.5
2025-08-01 10:03:37 AM,24793.0,675,16735275.0,39267576652.5
2025-08-01 10:03:38 AM,24792.1,0,0.0,39267576652.5
2025-08-01 10:03:39 AM,24794.0,0,0.0,39267576652.5
2025-08-01 10:03:39 AM,24792.7,300,7437810.0,39275014462.5
2025-08-01 10:03:39 AM,24795.0,1275,31613625.0,39306628087.5
2025-08-01 10:03:40 AM,24794.0,0,0.0,39306628087.5
2025-08-01 10:03:41 AM,24794.0,225,5578650.0,39312206737.5
2025-08-01 10:03:41 AM,24795.0,0,0.0,39312206737.5
2025-08-01 10:03:42 AM,24796.1,600,14877660.0,39327084397.5
2025-08-01 10:03:42 AM,24797.7,0,0.0,39327084397.5
2025-08-01 10:03:42 AM,24797.7,450,11158965.0,39338243362.5
2025-08-01 10:03:43 AM,24798.0,0,0.0,39338243362.5
2025-08-01 10:03:44 AM,24798.0,825,20458350.0,39358701712.5
2025-08-01 10:03:45 AM,24798.4,0,0.0,39358701712.5
2025-08-01 10:03:46 AM,24798.4,300,7439520.0,39366141232.5
2025-08-01 10:03:46 AM,24794.8,0,0.0,39366141232.5
2025-08-01 10:03:47 AM,24798.4,600,14879040.0,39381020272.5
2025-08-01 10:03:49 AM,24798.5,0,0.0,39381020272.5
2025-08-01 10:03:49 AM,24798.5,150,3719775.0,39384740047.5
2025-08-01 10:03:50 AM,24796.9,0,0.0,39384740047.5
2025-08-01 10:03:51 AM,24796.9,75,1859767.5,39386599815.0
2025-08-01 10:03:51 AM,24798.0,0,0.0,39386599815.0
2025-08-01 10:03:52 AM,24795.0,900,22315500.0,39408915315.0
2025-08-01 10:03:52 AM,24794.5,150,3719175.0,39412634490.0
2025-08-01 10:03:53 AM,24795.0,0,0.0,39412634490.0
2025-08-01 10:03:54 AM,24794.5,525,13017112.5,39425651602.5
2025-08-01 10:03:54 AM,24795.2,75,1859640.0,39427511242.5
2025-08-01 10:03:55 AM,24797.9,0,0.0,39427511242.5
2025-08-01 10:03:55 AM,24798.0,0,0.0,39427511242.5
2025-08-01 10:03:56 AM,24798.0,300,7439400.0,39434950642.5
2025-08-01 10:03:57 AM,24794.5,0,0.0,39434950642.5
2025-08-01 10:03:57 AM,24798.0,375,9299250.0,39444249892.5
2025-08-01 10:03:57 AM,24799.0,0,0.0,39444249892.5
2025-08-01 10:03:57 AM,24799.0,375,9299625.0,39453549517.5
2025-08-01 10:03:58 AM,24794.7,0,0.0,39453549517.5
2025-08-01 10:03:59 AM,24794.7,75,1859602.5,39455409120.0
2025-08-01 10:03:59 AM,24796.0,0,0.0,39455409120.0
2025-08-01 10:04:00 AM,24794.5,0,0.0,39455409120.0
2025-08-01 10:04:00 AM,24794.5,375,9297937.5,39464707057.5
2025-08-01 10:04:02 AM,24794.5,150,3719175.0,39468426232.5
2025-08-01 10:04:04 AM,24794.2,0,0.0,39468426232.5
2025-08-01 10:04:05 AM,24794.2,1500,37191300.0,39505617532.5
2025-08-01 10:04:06 AM,24794.0,0,0.0,39505617532.5
2025-08-01 10:04:07 AM,24794.0,75,1859550.0,39507477082.5
2025-08-01 10:04:08 AM,24793.9,0,0.0,39507477082.5
2025-08-01 10:04:08 AM,24790.1,0,0.0,39507477082.5
2025-08-01 10:04:09 AM,24790.1,225,5577772.5,39513054855.0
2025-08-01 10:04:11 AM,24793.9,0,0.0,39513054855.0
2025-08-01 10:04:12 AM,24790.5,0,0.0,39513054855.0
2025-08-01 10:04:12 AM,24790.5,675,16733587.5,39529788442.5
2025-08-01 10:04:12 AM,24790.3,0,0.0,39529788442.5
2025-08-01 10:04:13 AM,24792.1,0,0.0,39529788442.5
2025-08-01 10:04:14 AM,24790.0,525,13014750.0,39542803192.5
2025-08-01 10:04:14 AM,24790.1,0,0.0,39542803192.5
2025-08-01 10:04:15 AM,24795.9,675,16737232.500000002,39559540425.0
2025-08-01 10:04:17 AM,24790.5,0,0.0,39559540425.0
2025-08-01 10:04:17 AM,24790.5,150,3718575.0,39563259000.0
2025-08-01 10:04:17 AM,24790.5,150,3718575.0,39566977575.0
2025-08-01 10:04:19 AM,24790.5,75,1859287.5,39568836862.5
2025-08-01 10:04:22 AM,24790.0,0,0.0,39568836862.5
2025-08-01 10:04:22 AM,24790.0,375,9296250.0,39578133112.5
2025-08-01 10:04:23 AM,24790.7,0,0.0,39578133112.5
2025-08-01 10:04:24 AM,24790.0,0,0.0,39578133112.5
2025-08-01 10:04:24 AM,24790.0,525,13014750.0,39591147862.5
2025-08-01 10:04:24 AM,24790.2,0,0.0,39591147862.5
2025-08-01 10:04:25 AM,24793.0,0,0.0,39591147862.5
2025-08-01 10:04:25 AM,24793.0,225,5578425.0,39596726287.5
2025-08-01 10:04:28 AM,24793.1,0,0.0,39596726287.5
2025-08-01 10:04:29 AM,24793.1,75,1859482.5,39598585770.0
2025-08-01 10:04:30 AM,24793.1,225,5578447.5,39604164217.5
2025-08-01 10:04:31 AM,24794.9,0,0.0,39604164217.5
2025-08-01 10:04:32 AM,24794.8,0,0.0,39604164217.5
2025-08-01 10:04:32 AM,24793.2,525,13016430.0,39617180647.5
2025-08-01 10:04:32 AM,24793.2,150,3718980.0,39620899627.5
2025-08-01 10:04:34 AM,24793.2,225,5578470.0,39626478097.5
2025-08-01 10:04:36 AM,24795.0,0,0.0,39626478097.5
2025-08-01 10:04:36 AM,24791.3,0,0.0,39626478097.5
2025-08-01 10:04:37 AM,24790.8,450,11155860.0,39637633957.5
2025-08-01 10:04:38 AM,24791.6,0,0.0,39637633957.5
2025-08-01 10:04:39 AM,24791.6,75,1859370.0,39639493327.5
2025-08-01 10:04:39 AM,24794.9,0,0.0,39639493327.5
2025-08-01 10:04:40 AM,24794.9,225,5578852.5,39645072180.0
2025-08-01 10:04:41 AM,24793.2,0,0.0,39645072180.0
2025-08-01 10:04:42 AM,24792.6,0,0.0,39645072180.0
2025-08-01 10:04:42 AM,24792.6,450,11156670.0,39656228850.0
2025-08-01 10:04:43 AM,24793.0,0,0.0,39656228850.0
2025-08-01 10:04:44 AM,24793.0,525,13016325.0,39669245175.0
2025-08-01 10:04:46 AM,24795.0,0,0.0,39669245175.0
2025-08-01 10:04:47 AM,24795.0,450,11157750.0,39680402925.0
2025-08-01 10:04:48 AM,24792.7,0,0.0,39680402925.0
2025-08-01 10:04:49 AM,24792.7,75,1859452.5,39682262377.5
2025-08-01 10:04:50 AM,24795.0,0,0.0,39682262377.5
2025-08-01 10:04:50 AM,24795.0,75,1859625.0,39684122002.5
2025-08-01 10:04:51 AM,24794.1,0,0.0,39684122002.5
2025-08-01 10:04:52 AM,24794.1,450,11157345.0,39695279347.5
2025-08-01 10:04:56 AM,24794.5,0,0.0,39695279347.5
2025-08-01 10:04:57 AM,24794.1,0,0.0,39695279347.5
2025-08-01 10:04:57 AM,24792.5,300,7437750.0,39702717097.5
2025-08-01 10:04:57 AM,24793.1,0,0.0,39702717097.5
2025-08-01 10:04:58 AM,24794.1,0,0.0,39702717097.5
2025-08-01 10:04:59 AM,24794.1,375,9297787.5,39712014885.0
2025-08-01 10:04:59 AM,24795.0,0,0.0,39712014885.0
2025-08-01 10:05:00 AM,24795.0,150,3719250.0,39715734135.0
2025-08-01 10:05:04 AM,24795.0,75,1859625.0,39717593760.0
2025-08-01 10:05:04 AM,24794.1,0,0.0,39717593760.0
2025-08-01 10:05:05 AM,24794.1,150,3719115.0,39721312875.0
2025-08-01 10:05:05 AM,24794.1,75,1859557.5,39723172432.5
2025-08-01 10:05:07 AM,24794.1,675,16736017.499999998,39739908450.0
2025-08-01 10:05:08 AM,24793.3,0,0.0,39739908450.0
2025-08-01 10:05:09 AM,24793.3,750,18594975.0,39758503425.0
2025-08-01 10:05:09 AM,24794.1,0,0.0,39758503425.0
2025-08-01 10:05:10 AM,24794.1,75,1859557.5,39760362982.5
2025-08-01 10:05:13 AM,24794.7,0,0.0,39760362982.5
2025-08-01 10:05:14 AM,24794.7,150,3719205.0,39764082187.5
2025-08-01 10:05:14 AM,24791.6,0,0.0,39764082187.5
2025-08-01 10:05:14 AM,24791.6,450,11156220.0,39775238407.5
2025-08-01 10:05:14 AM,24787.0,0,0.0,39775238407.5
2025-08-01 10:05:15 AM,24789.7,975,24169957.5,39799408365.0
2025-08-01 10:05:17 AM,24787.0,0,0.0,39799408365.0
2025-08-01 10:05:17 AM,24787.0,75,1859025.0,39801267390.0
2025-08-01 10:05:19 AM,24785.9,0,0.0,39801267390.0
2025-08-01 10:05:20 AM,24784.7,0,0.0,39801267390.0
2025-08-01 10:05:20 AM,24784.7,1650,40894755.0,39842162145.0
2025-08-01 10:05:23 AM,24784.0,0,0.0,39842162145.0
2025-08-01 10:05:24 AM,24784.0,150,3717600.0,39845879745.0
2025-08-01 10:05:24 AM,24785.0,0,0.0,39845879745.0
2025-08-01 10:05:25 AM,24785.0,150,3717750.0,39849597495.0
2025-08-01 10:05:26 AM,24784.0,0,0.0,39849597495.0
2025-08-01 10:05:27 AM,24784.0,1500,37176000.0,39886773495.0
2025-08-01 10:05:28 AM,24789.4,0,0.0,39886773495.0
2025-08-01 10:05:29 AM,24789.4,75,1859205.0,39888632700.0
2025-08-01 10:05:30 AM,24784.8,0,0.0,39888632700.0
2025-08-01 10:05:30 AM,24784.8,150,3717720.0,39892350420.0
2025-08-01 10:05:33 AM,24787.0,0,0.0,39892350420.0
2025-08-01 10:05:33 AM,24785.3,0,0.0,39892350420.0
2025-08-01 10:05:33 AM,24785.3,825,20447872.5,39912798292.5
2025-08-01 10:05:34 AM,24785.1,600,14871060.0,39927669352.5
2025-08-01 10:05:38 AM,24786.0,0,0.0,39927669352.5
2025-08-01 10:05:38 AM,24786.0,75,1858950.0,39929528302.5
2025-08-01 10:05:42 AM,24788.0,0,0.0,39929528302.5
2025-08-01 10:05:42 AM,24788.0,225,5577300.0,39935105602.5
2025-08-01 10:05:43 AM,24785.6,0,0.0,39935105602.5
2025-08-01 10:05:43 AM,24785.6,225,5576760.0,39940682362.5
2025-08-01 10:05:44 AM,24786.6,0,0.0,39940682362.5
2025-08-01 10:05:45 AM,24788.0,0,0.0,39940682362.5
2025-08-01 10:05:45 AM,24791.3,1275,31608907.5,39972291270.0
2025-08-01 10:05:48 AM,24785.8,0,0.0,39972291270.0
2025-08-01 10:05:48 AM,24785.8,75,1858935.0,39974150205.0
2025-08-01 10:05:56 AM,24790.7,0,0.0,39974150205.0
2025-08-01 10:05:57 AM,24787.0,450,11154150.0,39985304355.0
2025-08-01 10:05:57 AM,24790.6,0,0.0,39985304355.0
2025-08-01 10:05:58 AM,24790.6,450,11155770.0,39996460125.0
2025-08-01 10:05:59 AM,24791.3,0,0.0,39996460125.0
2025-08-01 10:05:59 AM,24791.4,0,0.0,39996460125.0
2025-08-01 10:06:00 AM,24791.4,150,3718710.0,40000178835.0
2025-08-01 10:06:04 AM,24791.4,225,5578065.0,40005756900.0
2025-08-01 10:06:06 AM,24791.3,0,0.0,40005756900.0
2025-08-01 10:06:07 AM,24786.5,0,0.0,40005756900.0
2025-08-01 10:06:07 AM,24786.5,225,5576962.5,40011333862.5
2025-08-01 10:06:08 AM,24791.3,0,0.0,40011333862.5
2025-08-01 10:06:08 AM,24791.3,525,13015432.5,40024349295.0
2025-08-01 10:06:10 AM,24791.3,225,5578042.5,40029927337.5
2025-08-01 10:06:11 AM,24787.4,0,0.0,40029927337.5
2025-08-01 10:06:12 AM,24786.6,150,3717990.0,40033645327.5
2025-08-01 10:06:13 AM,24789.2,0,0.0,40033645327.5
2025-08-01 10:06:14 AM,24789.2,225,5577570.0,40039222897.5
2025-08-01 10:06:19 AM,24791.1,0,0.0,40039222897.5
2025-08-01 10:06:20 AM,24791.1,75,1859332.5,40041082230.0
2025-08-01 10:06:21 AM,24786.6,0,0.0,40041082230.0
2025-08-01 10:06:22 AM,24786.6,150,3717990.0,40044800220.0
2025-08-01 10:06:22 AM,24789.0,0,0.0,40044800220.0
2025-08-01 10:06:23 AM,24788.9,0,0.0,40044800220.0
2025-08-01 10:06:23 AM,24788.9,150,3718335.0,40048518555.0
2025-08-01 10:06:24 AM,24785.5,0,0.0,40048518555.0
2025-08-01 10:06:24 AM,24788.6,0,0.0,40048518555.0
2025-08-01 10:06:25 AM,24788.6,225,5577435.0,40054095990.0
2025-08-01 10:06:29 AM,24787.7,0,0.0,40054095990.0
2025-08-01 10:06:30 AM,24785.0,0,0.0,40054095990.0
2025-08-01 10:06:30 AM,24785.0,2025,50189625.0,40104285615.0
2025-08-01 10:06:32 AM,24787.3,0,0.0,40104285615.0
2025-08-01 10:06:32 AM,24785.0,0,0.0,40104285615.0
2025-08-01 10:06:33 AM,24788.7,0,0.0,40104285615.0
2025-08-01 10:06:33 AM,24788.7,225,5577457.5,40109863072.5
2025-08-01 10:06:40 AM,24788.6,75,1859145.0,40111722217.5
2025-08-01 10:06:42 AM,24788.0,0,0.0,40111722217.5
2025-08-01 10:06:43 AM,24788.6,0,0.0,40111722217.5
2025-08-01 10:06:43 AM,24788.6,375,9295725.0,40121017942.5
2025-08-01 10:06:47 AM,24788.4,225,5577390.0,40126595332.5
2025-08-01 10:06:49 AM,24788.6,0,0.0,40126595332.5
2025-08-01 10:06:50 AM,24785.9,0,0.0,40126595332.5
2025-08-01 10:06:50 AM,24785.9,150,3717885.0,40130313217.5
2025-08-01 10:06:51 AM,24788.7,0,0.0,40130313217.5
2025-08-01 10:06:52 AM,24788.7,75,1859152.5,40132172370.0
2025-08-01 10:06:52 AM,24788.6,0,0.0,40132172370.0
2025-08-01 10:06:53 AM,24788.6,75,1859145.0,40134031515.0
2025-08-01 10:07:00 AM,24790.0,0,0.0,40134031515.0
2025-08-01 10:07:00 AM,24790.0,75,1859250.0,40135890765.0
2025-08-01 10:07:02 AM,24790.0,75,1859250.0,40137750015.0
2025-08-01 10:07:05 AM,24789.9,0,0.0,40137750015.0
2025-08-01 10:07:05 AM,24789.9,75,1859242.5,40139609257.5
2025-08-01 10:07:06 AM,24788.6,0,0.0,40139609257.5
2025-08-01 10:07:07 AM,24788.6,75,1859145.0,40141468402.5
2025-08-01 10:07:08 AM,24788.4,0,0.0,40141468402.5
2025-08-01 10:07:08 AM,24788.4,75,1859130.0,40143327532.5
2025-08-01 10:07:10 AM,24788.3,0,0.0,40143327532.5
2025-08-01 10:07:12 AM,24787.0,0,0.0,40143327532.5
2025-08-01 10:07:12 AM,24787.0,300,7436100.0,40150763632.5
2025-08-01 10:07:13 AM,24785.0,0,0.0,40150763632.5
2025-08-01 10:07:13 AM,24785.0,75,1858875.0,40152622507.5
2025-08-01 10:07:14 AM,24789.9,0,0.0,40152622507.5
2025-08-01 10:07:15 AM,24790.0,0,0.0,40152622507.5
2025-08-01 10:07:15 AM,24790.0,675,16733250.0,40169355757.5
2025-08-01 10:07:17 AM,24787.4,0,0.0,40169355757.5
2025-08-01 10:07:17 AM,24787.4,75,1859055.0,40171214812.5
2025-08-01 10:07:17 AM,24787.0,0,0.0,40171214812.5
2025-08-01 10:07:18 AM,24787.0,75,1859025.0,40173073837.5
2025-08-01 10:07:20 AM,24791.4,0,0.0,40173073837.5
2025-08-01 10:07:20 AM,24791.4,150,3718710.0,40176792547.5
2025-08-01 10:07:25 AM,24791.4,75,1859355.0,40178651902.5
2025-08-01 10:07:28 AM,24791.4,150,3718710.0,40182370612.5
2025-08-01 10:07:29 AM,24792.0,0,0.0,40182370612.5
2025-08-01 10:07:30 AM,24790.4,0,0.0,40182370612.5
2025-08-01 10:07:30 AM,24790.4,375,9296400.0,40191667012.5
2025-08-01 10:07:31 AM,24791.0,0,0.0,40191667012.5
2025-08-01 10:07:31 AM,24791.0,75,1859325.0,40193526337.5
2025-08-01 10:07:32 AM,24791.6,0,0.0,40193526337.5
2025-08-01 10:07:33 AM,24791.6,150,3718740.0,40197245077.5
2025-08-01 10:07:35 AM,24792.9,0,0.0,40197245077.5
2025-08-01 10:07:35 AM,24792.9,75,1859467.5,40199104545.0
2025-08-01 10:07:35 AM,24791.6,0,0.0,40199104545.0
2025-08-01 10:07:35 AM,24791.6,75,1859370.0,40200963915.0
2025-08-01 10:07:36 AM,24790.3,0,0.0,40200963915.0
2025-08-01 10:07:36 AM,24790.3,75,1859272.5,40202823187.5
2025-08-01 10:07:37 AM,24792.0,0,0.0,40202823187.5
2025-08-01 10:07:38 AM,24792.0,75,1859400.0,40204682587.5
2025-08-01 10:07:42 AM,24788.2,0,0.0,40204682587.5
2025-08-01 10:07:43 AM,24788.5,0,0.0,40204682587.5
2025-08-01 10:07:43 AM,24788.5,450,11154825.0,40215837412.5
2025-08-01 10:07:44 AM,24788.4,0,0.0,40215837412.5
2025-08-01 10:07:45 AM,24788.4,75,1859130.0,40217696542.5
2025-08-01 10:07:49 AM,24786.0,0,0.0,40217696542.5
2025-08-01 10:07:50 AM,24786.0,150,3717900.0,40221414442.5
2025-08-01 10:07:53 AM,24785.0,0,0.0,40221414442.5
2025-08-01 10:07:53 AM,24785.0,75,1858875.0,40223273317.5
2025-08-01 10:07:55 AM,24786.0,150,3717900.0,40226991217.5
2025-08-01 10:07:56 AM,24785.0,0,0.0,40226991217.5
2025-08-01 10:07:56 AM,24784.0,225,5576400.0,40232567617.5
2025-08-01 10:07:57 AM,24783.9,0,0.0,40232567617.5
2025-08-01 10:07:58 AM,24783.9,150,3717585.0,40236285202.5
2025-08-01 10:07:59 AM,24783.7,0,0.0,40236285202.5
2025-08-01 10:08:00 AM,24783.7,150,3717555.0,40240002757.5
2025-08-01 10:08:01 AM,24783.7,75,1858777.5,40241861535.0
2025-08-01 10:08:03 AM,24783.7,75,1858777.5,40243720312.5
2025-08-01 10:08:03 AM,24783.6,0,0.0,40243720312.5
2025-08-01 10:08:03 AM,24783.6,75,1858770.0,40245579082.5
2025-08-01 10:08:06 AM,24783.7,0,0.0,40245579082.5
2025-08-01 10:08:06 AM,24783.7,225,5576332.5,40251155415.0
2025-08-01 10:08:09 AM,24786.0,0,0.0,40251155415.0
2025-08-01 10:08:10 AM,24786.0,75,1858950.0,40253014365.0
2025-08-01 10:08:11 AM,24785.0,0,0.0,40253014365.0
2025-08-01 10:08:11 AM,24785.0,75,1858875.0,40254873240.0
2025-08-01 10:08:14 AM,24782.2,0,0.0,40254873240.0
2025-08-01 10:08:15 AM,24782.2,225,5575995.0,40260449235.0
2025-08-01 10:08:19 AM,24783.2,0,0.0,40260449235.0
2025-08-01 10:08:20 AM,24784.2,0,0.0,40260449235.0
2025-08-01 10:08:20 AM,24784.2,150,3717630.0,40264166865.0
2025-08-01 10:08:22 AM,24786.9,0,0.0,40264166865.0
2025-08-01 10:08:23 AM,24786.9,75,1859017.5,40266025882.5
2025-08-01 10:08:25 AM,24786.9,1800,44616420.0,40310642302.5
2025-08-01 10:08:30 AM,24786.9,150,3718035.0,40314360337.5
2025-08-01 10:08:31 AM,24790.2,0,0.0,40314360337.5
2025-08-01 10:08:31 AM,24790.2,300,7437060.0,40321797397.5
2025-08-01 10:08:33 AM,24790.0,0,0.0,40321797397.5
2025-08-01 10:08:33 AM,24790.0,300,7437000.0,40329234397.5
2025-08-01 10:08:35 AM,24790.0,150,3718500.0,40332952897.5
2025-08-01 10:08:39 AM,24790.1,0,0.0,40332952897.5
2025-08-01 10:08:40 AM,24790.1,150,3718515.0,40336671412.5
2025-08-01 10:08:41 AM,24790.0,0,0.0,40336671412.5
2025-08-01 10:08:41 AM,24790.0,600,14874000.0,40351545412.5
2025-08-01 10:08:42 AM,24788.9,300,7436670.0,40358982082.5
2025-08-01 10:08:43 AM,24788.8,0,0.0,40358982082.5
2025-08-01 10:08:43 AM,24788.8,75,1859160.0,40360841242.5
2025-08-01 10:08:46 AM,24786.9,0,0.0,40360841242.5
2025-08-01 10:08:46 AM,24786.9,150,3718035.0,40364559277.5
2025-08-01 10:08:47 AM,24788.8,75,1859160.0,40366418437.5
2025-08-01 10:08:48 AM,24788.7,0,0.0,40366418437.5
2025-08-01 10:08:48 AM,24788.7,75,1859152.5,40368277590.0
2025-08-01 10:08:49 AM,24788.6,0,0.0,40368277590.0
2025-08-01 10:08:50 AM,24788.6,150,3718290.0,40371995880.0
2025-08-01 10:08:51 AM,24786.9,0,0.0,40371995880.0
2025-08-01 10:08:51 AM,24786.9,75,1859017.5,40373854897.5
2025-08-01 10:08:55 AM,24786.9,375,9295087.5,40383149985.0
2025-08-01 10:09:01 AM,24785.0,0,0.0,40383149985.0
2025-08-01 10:09:02 AM,24785.0,375,9294375.0,40392444360.0
2025-08-01 10:09:03 AM,24784.8,0,0.0,40392444360.0
2025-08-01 10:09:03 AM,24784.8,75,1858860.0,40394303220.0
2025-08-01 10:09:04 AM,24786.9,0,0.0,40394303220.0
2025-08-01 10:09:05 AM,24786.9,150,3718035.0,40398021255.0
2025-08-01 10:09:07 AM,24788.7,0,0.0,40398021255.0
2025-08-01 10:09:08 AM,24790.0,0,0.0,40398021255.0
2025-08-01 10:09:08 AM,24790.3,0,0.0,40398021255.0
2025-08-01 10:09:08 AM,24790.3,750,18592725.0,40416613980.0
2025-08-01 10:09:12 AM,24791.4,0,0.0,40416613980.0
2025-08-01 10:09:13 AM,24792.4,0,0.0,40416613980.0
2025-08-01 10:09:13 AM,24792.4,150,3718860.0,40420332840.0
2025-08-01 10:09:15 AM,24787.9,900,22309110.0,40442641950.0
2025-08-01 10:09:16 AM,24792.4,150,3718860.0,40446360810.0
2025-08-01 10:09:18 AM,24792.4,300,7437720.0,40453798530.0
2025-08-01 10:09:19 AM,24793.3,0,0.0,40453798530.0
2025-08-01 10:09:19 AM,24792.8,0,0.0,40453798530.0
2025-08-01 10:09:20 AM,24792.8,900,22313520.0,40476112050.0
2025-08-01 10:09:22 AM,24794.0,0,0.0,40476112050.0
2025-08-01 10:09:23 AM,24794.0,75,1859550.0,40477971600.0
2025-08-01 10:09:27 AM,24793.1,0,0.0,40477971600.0
2025-08-01 10:09:28 AM,24793.1,75,1859482.5,40479831082.5
2025-08-01 10:09:31 AM,24790.3,0,0.0,40479831082.5
2025-08-01 10:09:31 AM,24790.3,300,7437090.0,40487268172.5
2025-08-01 10:09:33 AM,24793.1,75,1859482.5,40489127655.0
2025-08-01 10:09:35 AM,24794.0,0,0.0,40489127655.0
2025-08-01 10:09:36 AM,24794.0,750,18595500.0,40507723155.0
2025-08-01 10:09:44 AM,24791.0,0,0.0,40507723155.0
2025-08-01 10:09:45 AM,24791.0,75,1859325.0,40509582480.0
2025-08-01 10:09:46 AM,24791.0,75,1859325.0,40511441805.0
2025-08-01 10:09:47 AM,24793.8,0,0.0,40511441805.0
2025-08-01 10:09:48 AM,24793.8,75,1859535.0,40513301340.0
2025-08-01 10:09:50 AM,24793.8,75,1859535.0,40515160875.0
2025-08-01 10:09:50 AM,24794.0,0,0.0,40515160875.0
2025-08-01 10:09:51 AM,24794.0,975,24174150.0,40539335025.0
2025-08-01 10:09:53 AM,24794.0,75,1859550.0,40541194575.0
2025-08-01 10:09:54 AM,24794.1,0,0.0,40541194575.0
2025-08-01 10:09:54 AM,24792.3,0,0.0,40541194575.0
2025-08-01 10:09:55 AM,24796.0,1650,40913400.0,40582107975.0
2025-08-01 10:09:57 AM,24796.9,0,0.0,40582107975.0
2025-08-01 10:09:58 AM,24796.9,75,1859767.5,40583967742.5
2025-08-01 10:10:00 AM,24799.0,750,18599250.0,40602566992.5
2025-08-01 10:10:00 AM,24797.1,0,0.0,40602566992.5
2025-08-01 10:10:01 AM,24797.1,150,3719565.0,40606286557.5
2025-08-01 10:10:02 AM,24797.8,0,0.0,40606286557.5
2025-08-01 10:10:03 AM,24797.9,0,0.0,40606286557.5
2025-08-01 10:10:03 AM,24797.9,150,3719685.0,40610006242.5
2025-08-01 10:10:03 AM,24797.8,75,1859835.0,40611866077.5
2025-08-01 10:10:04 AM,24799.4,0,0.0,40611866077.5
2025-08-01 10:10:05 AM,24798.4,225,5579640.0,40617445717.5
2025-08-01 10:10:06 AM,24799.4,0,0.0,40617445717.5
2025-08-01 10:10:06 AM,24799.4,150,3719910.0,40621165627.5
2025-08-01 10:10:07 AM,24797.0,0,0.0,40621165627.5
2025-08-01 10:10:08 AM,24799.3,0,0.0,40621165627.5
2025-08-01 10:10:08 AM,24799.3,225,5579842.5,40626745470.0
2025-08-01 10:10:09 AM,24795.0,0,0.0,40626745470.0
2025-08-01 10:10:10 AM,24795.0,225,5578875.0,40632324345.0
2025-08-01 10:10:10 AM,24794.1,0,0.0,40632324345.0
2025-08-01 10:10:11 AM,24794.1,225,5578672.5,40637903017.5
2025-08-01 10:10:12 AM,24795.9,0,0.0,40637903017.5
2025-08-01 10:10:13 AM,24795.7,0,0.0,40637903017.5
2025-08-01 10:10:13 AM,24795.7,150,3719355.0,40641622372.5
2025-08-01 10:10:14 AM,24795.6,0,0.0,40641622372.5
2025-08-01 10:10:15 AM,24795.7,150,3719355.0,40645341727.5
2025-08-01 10:10:16 AM,24795.7,150,3719355.0,40649061082.5
2025-08-01 10:10:19 AM,24794.1,0,0.0,40649061082.5
2025-08-01 10:10:19 AM,24794.4,0,0.0,40649061082.5
2025-08-01 10:10:20 AM,24794.4,300,7438320.0,40656499402.5
2025-08-01 10:10:20 AM,24790.8,0,0.0,40656499402.5
2025-08-01 10:10:20 AM,24790.8,525,13015170.0,40669514572.5
2025-08-01 10:10:23 AM,24789.6,0,0.0,40669514572.5
2025-08-01 10:10:23 AM,24789.6,450,11155320.0,40680669892.5
2025-08-01 10:10:25 AM,24789.5,300,7436850.0,40688106742.5
2025-08-01 10:10:27 AM,24794.0,0,0.0,40688106742.5
2025-08-01 10:10:28 AM,24794.0,150,3719100.0,40691825842.5
2025-08-01 10:10:28 AM,24794.1,0,0.0,40691825842.5
2025-08-01 10:10:28 AM,24794.1,75,1859557.5,40693685400.0
2025-08-01 10:10:30 AM,24794.0,0,0.0,40693685400.0
2025-08-01 10:10:30 AM,24794.0,75,1859550.0,40695544950.0
2025-08-01 10:10:31 AM,24795.0,0,0.0,40695544950.0
2025-08-01 10:10:31 AM,24795.7,0,0.0,40695544950.0
2025-08-01 10:10:31 AM,24795.7,150,3719355.0,40699264305.0
2025-08-01 10:10:32 AM,24799.9,0,0.0,40699264305.0
2025-08-01 10:10:33 AM,24799.9,600,14879940.0,40714144245.0
2025-08-01 10:10:34 AM,24800.0,0,0.0,40714144245.0
2025-08-01 10:10:34 AM,24795.7,1725,42772582.5,40756916827.5
2025-08-01 10:10:37 AM,24799.5,0,0.0,40756916827.5
2025-08-01 10:10:37 AM,24800.0,0,0.0,40756916827.5
2025-08-01 10:10:37 AM,24799.9,0,0.0,40756916827.5
2025-08-01 10:10:38 AM,24795.0,0,0.0,40756916827.5
2025-08-01 10:10:38 AM,24795.0,375,9298125.0,40766214952.5
2025-08-01 10:10:39 AM,24800.0,0,0.0,40766214952.5
2025-08-01 10:10:39 AM,24800.0,75,1860000.0,40768074952.5
2025-08-01 10:10:41 AM,24804.4,0,0.0,40768074952.5
2025-08-01 10:10:41 AM,24803.0,12675,314378025.0,41082452977.5
2025-08-01 10:10:43 AM,24803.0,750,18602250.0,41101055227.5
2025-08-01 10:10:44 AM,24803.0,225,5580675.0,41106635902.5
2025-08-01 10:10:46 AM,24805.0,0,0.0,41106635902.5
2025-08-01 10:10:46 AM,24802.0,375,9300750.0,41115936652.5
2025-08-01 10:10:47 AM,24804.0,0,0.0,41115936652.5
2025-08-01 10:10:47 AM,24803.0,0,0.0,41115936652.5
2025-08-01 10:10:48 AM,24805.4,0,0.0,41115936652.5
2025-08-01 10:10:48 AM,24805.4,2325,57672555.0,41173609207.5
2025-08-01 10:10:49 AM,24805.0,0,0.0,41173609207.5
2025-08-01 10:10:49 AM,24805.0,225,5581125.0,41179190332.5
2025-08-01 10:10:50 AM,24802.0,0,0.0,41179190332.5
2025-08-01 10:10:50 AM,24802.0,75,1860150.0,41181050482.5
2025-08-01 10:10:51 AM,24805.4,0,0.0,41181050482.5
2025-08-01 10:10:51 AM,24805.4,150,3720810.0,41184771292.5
2025-08-01 10:10:52 AM,24805.0,0,0.0,41184771292.5
2025-08-01 10:10:53 AM,24805.0,75,1860375.0,41186631667.5
2025-08-01 10:10:53 AM,24805.4,225,5581215.0,41192212882.5
2025-08-01 10:10:54 AM,24805.4,75,1860405.0,41194073287.5
2025-08-01 10:10:55 AM,24805.4,75,1860405.0,41195933692.5
2025-08-01 10:10:57 AM,24807.0,0,0.0,41195933692.5
2025-08-01 10:10:57 AM,24807.5,0,0.0,41195933692.5
2025-08-01 10:10:58 AM,24807.0,525,13023675.0,41208957367.5
2025-08-01 10:10:59 AM,24808.0,300,7442400.0,41216399767.5
2025-08-01 10:11:01 AM,24808.8,0,0.0,41216399767.5
2025-08-01 10:11:01 AM,24810.0,0,0.0,41216399767.5
2025-08-01 10:11:01 AM,24810.0,1500,37215000.0,41253614767.5
2025-08-01 10:11:01 AM,24810.0,225,5582250.0,41259197017.5
2025-08-01 10:11:03 AM,24810.0,75,1860750.0,41261057767.5
2025-08-01 10:11:04 AM,24811.0,0,0.0,41261057767.5
2025-08-01 10:11:04 AM,24812.0,0,0.0,41261057767.5
2025-08-01 10:11:05 AM,24809.7,2700,66986190.0,41328043957.5
2025-08-01 10:11:05 AM,24810.0,0,0.0,41328043957.5
2025-08-01 10:11:05 AM,24810.0,75,1860750.0,41329904707.5
2025-08-01 10:11:05 AM,24808.0,0,0.0,41329904707.5
2025-08-01 10:11:06 AM,24807.0,0,0.0,41329904707.5
2025-08-01 10:11:06 AM,24807.0,600,14884200.0,41344788907.5
2025-08-01 10:11:06 AM,24807.9,75,1860592.5,41346649500.0
2025-08-01 10:11:10 AM,24807.0,225,5581575.0,41352231075.0
2025-08-01 10:11:10 AM,24809.9,0,0.0,41352231075.0
2025-08-01 10:11:10 AM,24809.9,450,11164455.0,41363395530.0
2025-08-01 10:11:11 AM,24810.0,0,0.0,41363395530.0
2025-08-01 10:11:11 AM,24810.0,750,18607500.0,41382003030.0
2025-08-01 10:11:12 AM,24811.1,0,0.0,41382003030.0
2025-08-01 10:11:13 AM,24809.4,0,0.0,41382003030.0
2025-08-01 10:11:13 AM,24809.4,1200,29771280.0,41411774310.0
2025-08-01 10:11:14 AM,24807.0,0,0.0,41411774310.0
2025-08-01 10:11:15 AM,24807.0,225,5581575.0,41417355885.0
2025-08-01 10:11:15 AM,24810.4,0,0.0,41417355885.0
2025-08-01 10:11:16 AM,24807.9,0,0.0,41417355885.0
2025-08-01 10:11:16 AM,24807.0,300,7442100.0,41424797985.0
2025-08-01 10:11:18 AM,24810.1,0,0.0,41424797985.0
2025-08-01 10:11:18 AM,24810.1,2175,53961967.5,41478759952.5
2025-08-01 10:11:19 AM,24807.0,0,0.0,41478759952.5
2025-08-01 10:11:20 AM,24810.2,375,9303825.0,41488063777.5
2025-08-01 10:11:20 AM,24807.0,0,0.0,41488063777.5
2025-08-01 10:11:20 AM,24807.0,75,1860525.0,41489924302.5
2025-08-01 10:11:21 AM,24810.1,0,0.0,41489924302.5
2025-08-01 10:11:21 AM,24810.3,750,18607725.0,41508532027.5
2025-08-01 10:11:22 AM,24810.0,0,0.0,41508532027.5
2025-08-01 10:11:23 AM,24806.2,0,0.0,41508532027.5
2025-08-01 10:11:23 AM,24806.2,300,7441860.0,41515973887.5
2025-08-01 10:11:23 AM,24810.4,75,1860780.0,41517834667.5
2025-08-01 10:11:25 AM,24806.2,75,1860465.0,41519695132.5
2025-08-01 10:11:26 AM,24807.0,0,0.0,41519695132.5
2025-08-01 10:11:26 AM,24807.0,75,1860525.0,41521555657.5
2025-08-01 10:11:27 AM,24809.4,0,0.0,41521555657.5
2025-08-01 10:11:28 AM,24810.0,0,0.0,41521555657.5
2025-08-01 10:11:28 AM,24810.0,900,22329000.0,41543884657.5
2025-08-01 10:11:28 AM,24810.0,300,7443000.0,41551327657.5
2025-08-01 10:11:29 AM,24809.9,0,0.0,41551327657.5
2025-08-01 10:11:30 AM,24809.9,1350,33493365.000000004,41584821022.5
2025-08-01 10:11:31 AM,24806.2,0,0.0,41584821022.5
2025-08-01 10:11:31 AM,24809.8,225,5582205.0,41590403227.5
2025-08-01 10:11:32 AM,24805.0,0,0.0,41590403227.5
2025-08-01 10:11:33 AM,24809.9,0,0.0,41590403227.5
2025-08-01 10:11:33 AM,24809.9,150,3721485.0,41594124712.5
2025-08-01 10:11:34 AM,24805.2,0,0.0,41594124712.5
2025-08-01 10:11:35 AM,24805.2,150,3720780.0,41597845492.5
2025-08-01 10:11:35 AM,24809.0,0,0.0,41597845492.5
2025-08-01 10:11:36 AM,24809.0,75,1860675.0,41599706167.5
2025-08-01 10:11:39 AM,24808.9,0,0.0,41599706167.5
2025-08-01 10:11:40 AM,24805.0,150,3720750.0,41603426917.5
2025-08-01 10:11:40 AM,24805.0,150,3720750.0,41607147667.5
2025-08-01 10:11:41 AM,24808.9,0,0.0,41607147667.5
2025-08-01 10:11:41 AM,24805.0,0,0.0,41607147667.5
2025-08-01 10:11:41 AM,24805.0,150,3720750.0,41610868417.5
2025-08-01 10:11:41 AM,24808.5,150,3721275.0,41614589692.5
2025-08-01 10:11:43 AM,24809.0,0,0.0,41614589692.5
2025-08-01 10:11:45 AM,24805.0,750,18603750.0,41633193442.5
2025-08-01 10:11:46 AM,24805.6,0,0.0,41633193442.5
2025-08-01 10:11:46 AM,24809.0,225,5582025.0,41638775467.5
2025-08-01 10:11:48 AM,24809.0,75,1860675.0,41640636142.5
2025-08-01 10:11:49 AM,24810.0,0,0.0,41640636142.5
2025-08-01 10:11:50 AM,24810.0,675,16746750.0,41657382892.5
2025-08-01 10:11:52 AM,24807.8,0,0.0,41657382892.5
2025-08-01 10:11:52 AM,24809.0,0,0.0,41657382892.5
2025-08-01 10:11:53 AM,24810.2,0,0.0,41657382892.5
2025-08-01 10:11:53 AM,24810.2,675,16746885.0,41674129777.5
2025-08-01 10:11:54 AM,24807.0,0,0.0,41674129777.5
2025-08-01 10:11:55 AM,24807.0,300,7442100.0,41681571877.5
2025-08-01 10:11:56 AM,24809.0,0,0.0,41681571877.5
2025-08-01 10:11:56 AM,24809.0,150,3721350.0,41685293227.5
2025-08-01 10:11:58 AM,24809.0,150,3721350.0,41689014577.5
2025-08-01 10:12:03 AM,24809.0,450,11164050.0,41700178627.5
2025-08-01 10:12:03 AM,24807.0,75,1860525.0,41702039152.5
2025-08-01 10:12:04 AM,24809.9,0,0.0,41702039152.5
2025-08-01 10:12:05 AM,24809.9,75,1860742.5,41703899895.0
2025-08-01 10:12:07 AM,24810.3,0,0.0,41703899895.0
2025-08-01 10:12:07 AM,24810.1,0,0.0,41703899895.0
2025-08-01 10:12:08 AM,24810.1,1125,27911362.5,41731811257.5
2025-08-01 10:12:08 AM,24810.3,75,1860772.5,41733672030.0
2025-08-01 10:12:09 AM,24808.0,0,0.0,41733672030.0
2025-08-01 10:12:10 AM,24808.0,75,1860600.0,41735532630.0
2025-08-01 10:12:11 AM,24807.0,0,0.0,41735532630.0
2025-08-01 10:12:11 AM,24807.0,75,1860525.0,41737393155.0
2025-08-01 10:12:12 AM,24809.0,0,0.0,41737393155.0
2025-08-01 10:12:13 AM,24809.0,75,1860675.0,41739253830.0
2025-08-01 10:12:13 AM,24811.0,0,0.0,41739253830.0
2025-08-01 10:12:13 AM,24807.0,0,0.0,41739253830.0
2025-08-01 10:12:13 AM,24807.0,225,5581575.0,41744835405.0
2025-08-01 10:12:14 AM,24807.0,75,1860525.0,41746695930.0
2025-08-01 10:12:18 AM,24809.0,0,0.0,41746695930.0
2025-08-01 10:12:18 AM,24809.0,75,1860675.0,41748556605.0
2025-08-01 10:12:19 AM,24809.0,75,1860675.0,41750417280.0
2025-08-01 10:12:20 AM,24808.0,0,0.0,41750417280.0
2025-08-01 10:12:21 AM,24808.0,75,1860600.0,41752277880.0
2025-08-01 10:12:21 AM,24808.0,150,3721200.0,41755999080.0
2025-08-01 10:12:22 AM,24807.1,0,0.0,41755999080.0
2025-08-01 10:12:23 AM,24807.1,75,1860532.5,41757859612.5
2025-08-01 10:12:23 AM,24807.0,0,0.0,41757859612.5
2025-08-01 10:12:23 AM,24807.0,300,7442100.0,41765301712.5
2025-08-01 10:12:24 AM,24807.0,75,1860525.0,41767162237.5
2025-08-01 10:12:25 AM,24808.0,0,0.0,41767162237.5
2025-08-01 10:12:26 AM,24810.0,0,0.0,41767162237.5
2025-08-01 10:12:26 AM,24810.0,3300,81873000.0,41849035237.5
2025-08-01 10:12:26 AM,24810.0,300,7443000.0,41856478237.5
2025-08-01 10:12:27 AM,24813.0,0,0.0,41856478237.5
2025-08-01 10:12:28 AM,24813.0,75,1860975.0,41858339212.5
2025-08-01 10:12:28 AM,24808.8,0,0.0,41858339212.5
2025-08-01 10:12:28 AM,24808.7,300,7442610.0,41865781822.5
2025-08-01 10:12:30 AM,24810.9,0,0.0,41865781822.5
2025-08-01 10:12:31 AM,24811.2,0,0.0,41865781822.5
2025-08-01 10:12:31 AM,24811.2,375,9304200.0,41875086022.5
2025-08-01 10:12:32 AM,24810.6,0,0.0,41875086022.5
2025-08-01 10:12:33 AM,24810.6,75,1860795.0,41876946817.5
2025-08-01 10:12:33 AM,24810.6,75,1860795.0,41878807612.5
2025-08-01 10:12:34 AM,24811.2,0,0.0,41878807612.5
2025-08-01 10:12:34 AM,24810.1,0,0.0,41878807612.5
2025-08-01 10:12:34 AM,24813.0,300,7443900.0,41886251512.5
2025-08-01 10:12:36 AM,24813.0,75,1860975.0,41888112487.5
2025-08-01 10:12:36 AM,24811.5,150,3721725.0,41891834212.5
2025-08-01 10:12:37 AM,24813.0,0,0.0,41891834212.5
2025-08-01 10:12:37 AM,24815.0,0,0.0,41891834212.5
2025-08-01 10:12:38 AM,24811.8,975,24191505.0,41916025717.5
2025-08-01 10:12:39 AM,24813.0,0,0.0,41916025717.5
2025-08-01 10:12:39 AM,24813.0,75,1860975.0,41917886692.5
2025-08-01 10:12:40 AM,24813.0,75,1860975.0,41919747667.5
2025-08-01 10:12:40 AM,24815.0,0,0.0,41919747667.5
2025-08-01 10:12:41 AM,24815.0,225,5583375.0,41925331042.5
2025-08-01 10:12:42 AM,24811.8,0,0.0,41925331042.5
2025-08-01 10:12:43 AM,24815.0,375,9305625.0,41934636667.5
2025-08-01 10:12:43 AM,24815.0,150,3722250.0,41938358917.5
2025-08-01 10:12:44 AM,24815.0,75,1861125.0,41940220042.5
2025-08-01 10:12:45 AM,24816.7,2100,52115070.0,41992335112.5
2025-08-01 10:12:46 AM,24817.8,0,0.0,41992335112.5
2025-08-01 10:12:46 AM,24818.0,0,0.0,41992335112.5
2025-08-01 10:12:46 AM,24818.0,1575,39088350.0,42031423462.5
2025-08-01 10:12:46 AM,24816.7,150,3722505.0,42035145967.5
2025-08-01 10:12:47 AM,24818.0,0,0.0,42035145967.5
2025-08-01 10:12:48 AM,24817.9,675,16752082.500000002,42051898050.0
2025-08-01 10:12:49 AM,24817.0,0,0.0,42051898050.0
2025-08-01 10:12:49 AM,24817.0,75,1861275.0,42053759325.0
2025-08-01 10:12:50 AM,24817.0,75,1861275.0,42055620600.0
2025-08-01 10:12:51 AM,24817.0,225,5583825.0,42061204425.0
2025-08-01 10:12:51 AM,24817.9,0,0.0,42061204425.0
2025-08-01 10:12:51 AM,24817.9,825,20474767.5,42081679192.5
2025-08-01 10:12:52 AM,24818.0,0,0.0,42081679192.5
2025-08-01 10:12:53 AM,24818.0,225,5584050.0,42087263242.5
2025-08-01 10:12:54 AM,24817.9,0,0.0,42087263242.5
2025-08-01 10:12:54 AM,24817.9,375,9306712.5,42096569955.0
2025-08-01 10:12:56 AM,24817.0,0,0.0,42096569955.0
2025-08-01 10:12:56 AM,24817.9,0,0.0,42096569955.0
2025-08-01 10:12:56 AM,24817.9,150,3722685.0,42100292640.0
2025-08-01 10:12:57 AM,24818.6,0,0.0,42100292640.0
2025-08-01 10:12:57 AM,24818.1,0,0.0,42100292640.0
2025-08-01 10:12:58 AM,24817.0,1275,31641675.0,42131934315.0
2025-08-01 10:12:58 AM,24815.0,375,9305625.0,42141239940.0
2025-08-01 10:12:59 AM,24813.0,0,0.0,42141239940.0
2025-08-01 10:12:59 AM,24817.0,0,0.0,42141239940.0
2025-08-01 10:12:59 AM,24817.0,300,7445100.0,42148685040.0
2025-08-01 10:13:00 AM,24810.4,0,0.0,42148685040.0
2025-08-01 10:13:01 AM,24810.4,300,7443120.0,42156128160.0
2025-08-01 10:13:02 AM,24816.4,0,0.0,42156128160.0
2025-08-01 10:13:02 AM,24817.0,0,0.0,42156128160.0
2025-08-01 10:13:03 AM,24817.0,375,9306375.0,42165434535.0
2025-08-01 10:13:03 AM,24815.0,150,3722250.0,42169156785.0
2025-08-01 10:13:04 AM,24811.1,0,0.0,42169156785.0
2025-08-01 10:13:04 AM,24811.0,375,9304125.0,42178460910.0
2025-08-01 10:13:06 AM,24814.7,0,0.0,42178460910.0
2025-08-01 10:13:06 AM,24814.7,1800,44666460.0,42223127370.0
2025-08-01 10:13:07 AM,24810.1,0,0.0,42223127370.0
2025-08-01 10:13:08 AM,24810.0,300,7443000.0,42230570370.0
2025-08-01 10:13:08 AM,24807.1,150,3721065.0,42234291435.0
2025-08-01 10:13:09 AM,24813.4,0,0.0,42234291435.0
2025-08-01 10:13:09 AM,24810.0,2250,55822500.0,42290113935.0
2025-08-01 10:13:10 AM,24808.3,0,0.0,42290113935.0
2025-08-01 10:13:10 AM,24808.4,0,0.0,42290113935.0
2025-08-01 10:13:11 AM,24807.6,0,0.0,42290113935.0
2025-08-01 10:13:11 AM,24807.6,525,13023990.0,42303137925.0
2025-08-01 10:13:12 AM,24807.0,0,0.0,42303137925.0
2025-08-01 10:13:12 AM,24807.0,75,1860525.0,42304998450.0
2025-08-01 10:13:14 AM,24810.6,0,0.0,42304998450.0
2025-08-01 10:13:15 AM,24810.6,75,1860795.0,42306859245.0
2025-08-01 10:13:16 AM,24807.0,0,0.0,42306859245.0
2025-08-01 10:13:16 AM,24807.0,375,9302625.0,42316161870.0
2025-08-01 10:13:18 AM,24810.6,0,0.0,42316161870.0
2025-08-01 10:13:18 AM,24810.0,0,0.0,42316161870.0
2025-08-01 10:13:19 AM,24813.4,0,0.0,42316161870.0
2025-08-01 10:13:19 AM,24813.4,825,20471055.0,42336632925.0
2025-08-01 10:13:21 AM,24813.4,75,1861005.0,42338493930.0
2025-08-01 10:13:22 AM,24809.2,0,0.0,42338493930.0
2025-08-01 10:13:23 AM,24809.2,75,1860690.0,42340354620.0
2025-08-01 10:13:24 AM,24813.4,0,0.0,42340354620.0
2025-08-01 10:13:24 AM,24813.4,150,3722010.0,42344076630.0
2025-08-01 10:13:27 AM,24812.9,0,0.0,42344076630.0
2025-08-01 10:13:28 AM,24814.0,300,7444200.0,42351520830.0
2025-08-01 10:13:29 AM,24816.0,0,0.0,42351520830.0
2025-08-01 10:13:30 AM,24816.0,150,3722400.0,42355243230.0
2025-08-01 10:13:31 AM,24816.0,75,1861200.0,42357104430.0
2025-08-01 10:13:31 AM,24813.4,0,0.0,42357104430.0
2025-08-01 10:13:31 AM,24813.4,75,1861005.0,42358965435.0
2025-08-01 10:13:32 AM,24815.0,0,0.0,42358965435.0
2025-08-01 10:13:33 AM,24815.0,75,1861125.0,42360826560.0
2025-08-01 10:13:34 AM,24817.0,0,0.0,42360826560.0
2025-08-01 10:13:34 AM,24815.0,0,0.0,42360826560.0
2025-08-01 10:13:34 AM,24815.0,675,16750125.0,42377576685.0
2025-08-01 10:13:35 AM,24815.0,75,1861125.0,42379437810.0
2025-08-01 10:13:36 AM,24817.0,300,7445100.0,42386882910.0
2025-08-01 10:13:38 AM,24813.4,375,9305025.0,42396187935.0
2025-08-01 10:13:40 AM,24816.0,0,0.0,42396187935.0
2025-08-01 10:13:41 AM,24816.0,225,5583600.0,42401771535.0
2025-08-01 10:13:42 AM,24818.9,0,0.0,42401771535.0
2025-08-01 10:13:43 AM,24818.9,825,20475592.5,42422247127.5
2025-08-01 10:13:43 AM,24818.5,0,0.0,42422247127.5
2025-08-01 10:13:43 AM,24818.5,75,1861387.5,42424108515.0
2025-08-01 10:13:44 AM,24818.9,0,0.0,42424108515.0
2025-08-01 10:13:44 AM,24818.9,300,7445670.0,42431554185.0
2025-08-01 10:13:45 AM,24816.0,225,5583600.0,42437137785.0
2025-08-01 10:13:46 AM,24814.9,300,7444470.0,42444582255.0
2025-08-01 10:13:48 AM,24814.9,75,1861117.5,42446443372.5
2025-08-01 10:13:48 AM,24815.0,0,0.0,42446443372.5
2025-08-01 10:13:49 AM,24813.0,0,0.0,42446443372.5
2025-08-01 10:13:49 AM,24813.0,300,7443900.0,42453887272.5
2025-08-01 10:13:50 AM,24816.0,0,0.0,42453887272.5
2025-08-01 10:13:51 AM,24816.0,75,1861200.0,42455748472.5
2025-08-01 10:13:53 AM,24814.0,150,3722100.0,42459470572.5
2025-08-01 10:13:53 AM,24816.0,0,0.0,42459470572.5
2025-08-01 10:13:53 AM,24816.0,225,5583600.0,42465054172.5
2025-08-01 10:13:55 AM,24814.0,0,0.0,42465054172.5
2025-08-01 10:13:56 AM,24814.0,75,1861050.0,42466915222.5
2025-08-01 10:13:57 AM,24816.0,0,0.0,42466915222.5
2025-08-01 10:13:58 AM,24816.0,75,1861200.0,42468776422.5
2025-08-01 10:14:01 AM,24817.0,0,0.0,42468776422.5
2025-08-01 10:14:01 AM,24817.0,225,5583825.0,42474360247.5
2025-08-01 10:14:01 AM,24816.0,150,3722400.0,42478082647.5
2025-08-01 10:14:03 AM,24815.0,150,3722250.0,42481804897.5
2025-08-01 10:14:04 AM,24814.9,0,0.0,42481804897.5
2025-08-01 10:14:04 AM,24814.9,150,3722235.0,42485527132.5
2025-08-01 10:14:05 AM,24816.9,150,3722535.0,42489249667.5
2025-08-01 10:14:09 AM,24818.6,0,0.0,42489249667.5
2025-08-01 10:14:09 AM,24818.6,75,1861395.0,42491111062.5
2025-08-01 10:14:10 AM,24816.9,150,3722535.0,42494833597.5
2025-08-01 10:14:11 AM,24818.6,0,0.0,42494833597.5
2025-08-01 10:14:11 AM,24818.6,150,3722790.0,42498556387.5
2025-08-01 10:14:12 AM,24818.1,0,0.0,42498556387.5
2025-08-01 10:14:12 AM,24818.1,225,5584072.5,42504140460.0
2025-08-01 10:14:14 AM,24816.1,0,0.0,42504140460.0
2025-08-01 10:14:15 AM,24816.6,150,3722490.0,42507862950.0
2025-08-01 10:14:16 AM,24814.5,0,0.0,42507862950.0
2025-08-01 10:14:16 AM,24814.5,75,1861087.5,42509724037.5
2025-08-01 10:14:17 AM,24815.8,0,0.0,42509724037.5
2025-08-01 10:14:17 AM,24815.8,150,3722370.0,42513446407.5
2025-08-01 10:14:18 AM,24815.8,300,7444740.0,42520891147.5
2025-08-01 10:14:19 AM,24817.2,0,0.0,42520891147.5
2025-08-01 10:14:19 AM,24817.2,1125,27919350.0,42548810497.5
2025-08-01 10:14:20 AM,24818.0,0,0.0,42548810497.5
2025-08-01 10:14:21 AM,24818.0,75,1861350.0,42550671847.5
2025-08-01 10:14:22 AM,24815.8,0,0.0,42550671847.5
2025-08-01 10:14:22 AM,24818.4,450,11168280.0,42561840127.5
2025-08-01 10:14:23 AM,24816.0,0,0.0,42561840127.5
2025-08-01 10:14:23 AM,24816.0,75,1861200.0,42563701327.5
2025-08-01 10:14:24 AM,24819.0,0,0.0,42563701327.5
2025-08-01 10:14:24 AM,24819.0,75,1861425.0,42565562752.5
2025-08-01 10:14:25 AM,24816.0,0,0.0,42565562752.5
2025-08-01 10:14:26 AM,24816.0,75,1861200.0,42567423952.5
2025-08-01 10:14:28 AM,24818.9,0,0.0,42567423952.5
2025-08-01 10:14:28 AM,24818.9,75,1861417.5,42569285370.0
2025-08-01 10:14:30 AM,24815.3,0,0.0,42569285370.0
2025-08-01 10:14:30 AM,24815.0,0,0.0,42569285370.0
2025-08-01 10:14:30 AM,24815.0,525,13027875.0,42582313245.0
2025-08-01 10:14:30 AM,24814.0,0,0.0,42582313245.0
2025-08-01 10:14:30 AM,24814.8,0,0.0,42582313245.0
2025-08-01 10:14:31 AM,24814.8,675,16749990.0,42599063235.0
2025-08-01 10:14:32 AM,24816.2,0,0.0,42599063235.0
2025-08-01 10:14:32 AM,24816.2,225,5583645.0,42604646880.0
2025-08-01 10:14:33 AM,24816.2,150,3722430.0,42608369310.0
2025-08-01 10:14:35 AM,24814.0,0,0.0,42608369310.0
2025-08-01 10:14:35 AM,24810.3,0,0.0,42608369310.0
2025-08-01 10:14:36 AM,24810.5,0,0.0,42608369310.0
2025-08-01 10:14:36 AM,24810.5,600,14886300.0,42623255610.0
2025-08-01 10:14:39 AM,24810.0,0,0.0,42623255610.0
2025-08-01 10:14:39 AM,24810.0,150,3721500.0,42626977110.0
2025-08-01 10:14:40 AM,24814.5,0,0.0,42626977110.0
2025-08-01 10:14:41 AM,24808.9,0,0.0,42626977110.0
2025-08-01 10:14:41 AM,24808.9,225,5582002.5,42632559112.5
2025-08-01 10:14:41 AM,24815.1,0,0.0,42632559112.5
2025-08-01 10:14:41 AM,24815.1,75,1861132.5,42634420245.0
2025-08-01 10:14:42 AM,24808.8,0,0.0,42634420245.0
2025-08-01 10:14:42 AM,24808.8,75,1860660.0,42636280905.0
2025-08-01 10:14:43 AM,24815.0,0,0.0,42636280905.0
2025-08-01 10:14:44 AM,24815.0,150,3722250.0,42640003155.0
2025-08-01 10:14:45 AM,24812.0,0,0.0,42640003155.0
2025-08-01 10:14:46 AM,24815.1,0,0.0,42640003155.0
2025-08-01 10:14:46 AM,24815.1,450,11166795.0,42651169950.0
2025-08-01 10:14:47 AM,24814.7,0,0.0,42651169950.0
2025-08-01 10:14:47 AM,24814.7,300,7444410.0,42658614360.0
2025-08-01 10:14:48 AM,24810.0,75,1860750.0,42660475110.0
2025-08-01 10:14:49 AM,24810.0,75,1860750.0,42662335860.0
2025-08-01 10:14:51 AM,24814.9,0,0.0,42662335860.0
2025-08-01 10:14:51 AM,24808.8,0,0.0,42662335860.0
2025-08-01 10:14:51 AM,24808.8,375,9303300.0,42671639160.0
2025-08-01 10:14:52 AM,24813.1,0,0.0,42671639160.0
2025-08-01 10:14:52 AM,24813.1,75,1860982.5,42673500142.5
2025-08-01 10:14:54 AM,24815.0,0,0.0,42673500142.5
2025-08-01 10:14:54 AM,24815.0,75,1861125.0,42675361267.5
2025-08-01 10:14:56 AM,24814.6,0,0.0,42675361267.5
2025-08-01 10:14:56 AM,24814.6,75,1861095.0,42677222362.5
2025-08-01 10:14:56 AM,24811.4,0,0.0,42677222362.5
2025-08-01 10:14:57 AM,24815.1,0,0.0,42677222362.5
2025-08-01 10:14:57 AM,24815.1,450,11166795.0,42688389157.5
2025-08-01 10:14:58 AM,24815.0,0,0.0,42688389157.5
2025-08-01 10:14:58 AM,24815.0,225,5583375.0,42693972532.5
2025-08-01 10:14:59 AM,24817.0,0,0.0,42693972532.5
2025-08-01 10:14:59 AM,24817.0,75,1861275.0,42695833807.5
2025-08-01 10:15:00 AM,24812.2,0,0.0,42695833807.5
2025-08-01 10:15:01 AM,24818.0,0,0.0,42695833807.5
2025-08-01 10:15:01 AM,24818.0,450,11168100.0,42707001907.5
2025-08-01 10:15:02 AM,24813.8,0,0.0,42707001907.5
2025-08-01 10:15:02 AM,24813.8,300,7444140.0,42714446047.5
2025-08-01 10:15:03 AM,24815.0,75,1861125.0,42716307172.5
2025-08-01 10:15:04 AM,24812.8,0,0.0,42716307172.5
2025-08-01 10:15:04 AM,24813.0,0,0.0,42716307172.5
2025-08-01 10:15:04 AM,24813.0,225,5582925.0,42721890097.5
2025-08-01 10:15:05 AM,24818.0,75,1861350.0,42723751447.5
2025-08-01 10:15:06 AM,24819.0,0,0.0,42723751447.5
2025-08-01 10:15:06 AM,24819.0,450,11168550.0,42734919997.5
2025-08-01 10:15:06 AM,24817.0,0,0.0,42734919997.5
2025-08-01 10:15:06 AM,24817.0,75,1861275.0,42736781272.5
2025-08-01 10:15:07 AM,24817.0,2250,55838250.0,42792619522.5
2025-08-01 10:15:09 AM,24818.0,0,0.0,42792619522.5
2025-08-01 10:15:09 AM,24819.2,0,0.0,42792619522.5
2025-08-01 10:15:09 AM,24817.0,525,13028925.0,42805648447.5
2025-08-01 10:15:10 AM,24819.3,225,5584342.5,42811232790.0
2025-08-01 10:15:10 AM,24817.0,0,0.0,42811232790.0
2025-08-01 10:15:11 AM,24817.0,2400,59560800.0,42870793590.0
2025-08-01 10:15:12 AM,24820.0,0,0.0,42870793590.0
2025-08-01 10:15:12 AM,24819.5,0,0.0,42870793590.0
2025-08-01 10:15:12 AM,24817.0,3525,87479925.0,42958273515.0
2025-08-01 10:15:13 AM,24812.1,0,0.0,42958273515.0
2025-08-01 10:15:13 AM,24812.1,1275,31635427.5,42989908942.5
2025-08-01 10:15:13 AM,24811.6,0,0.0,42989908942.5
2025-08-01 10:15:14 AM,24811.6,300,7443480.0,42997352422.5
2025-08-01 10:15:14 AM,24811.5,0,0.0,42997352422.5
2025-08-01 10:15:15 AM,24811.5,75,1860862.5,42999213285.0
2025-08-01 10:15:16 AM,24815.4,0,0.0,42999213285.0
2025-08-01 10:15:16 AM,24813.0,0,0.0,42999213285.0
2025-08-01 10:15:16 AM,24813.0,150,3721950.0,43002935235.0
2025-08-01 10:15:17 AM,24815.4,0,0.0,43002935235.0
2025-08-01 10:15:17 AM,24813.6,1350,33498359.999999996,43036433595.0
2025-08-01 10:15:18 AM,24818.9,0,0.0,43036433595.0
2025-08-01 10:15:18 AM,24818.9,75,1861417.5,43038295012.5
2025-08-01 10:15:19 AM,24817.9,0,0.0,43038295012.5
2025-08-01 10:15:19 AM,24817.9,525,13029397.5,43051324410.0
2025-08-01 10:15:20 AM,24817.6,375,9306600.0,43060631010.0
2025-08-01 10:15:20 AM,24817.3,0,0.0,43060631010.0
2025-08-01 10:15:21 AM,24811.3,225,5582542.5,43066213552.5
2025-08-01 10:15:23 AM,24817.9,0,0.0,43066213552.5
2025-08-01 10:15:24 AM,24817.9,225,5584027.5,43071797580.0
2025-08-01 10:15:24 AM,24816.7,0,0.0,43071797580.0
2025-08-01 10:15:25 AM,24816.7,75,1861252.5,43073658832.5
2025-08-01 10:15:25 AM,24812.1,0,0.0,43073658832.5
2025-08-01 10:15:26 AM,24812.1,600,14887260.0,43088546092.5
2025-08-01 10:15:26 AM,24815.4,0,0.0,43088546092.5
2025-08-01 10:15:26 AM,24815.4,150,3722310.0,43092268402.5
2025-08-01 10:15:27 AM,24817.4,0,0.0,43092268402.5
2025-08-01 10:15:28 AM,24816.4,825,20473530.0,43112741932.5
2025-08-01 10:15:29 AM,24816.0,0,0.0,43112741932.5
2025-08-01 10:15:29 AM,24816.0,225,5583600.0,43118325532.5
2025-08-01 10:15:30 AM,24811.0,0,0.0,43118325532.5
2025-08-01 10:15:31 AM,24811.0,75,1860825.0,43120186357.5
2025-08-01 10:15:33 AM,24815.9,0,0.0,43120186357.5
2025-08-01 10:15:33 AM,24815.9,75,1861192.5,43122047550.0
2025-08-01 10:15:33 AM,24816.4,0,0.0,43122047550.0
2025-08-01 10:15:34 AM,24816.8,0,0.0,43122047550.0
2025-08-01 10:15:34 AM,24816.8,300,7445040.0,43129492590.0
2025-08-01 10:15:35 AM,24816.9,0,0.0,43129492590.0
2025-08-01 10:15:36 AM,24816.9,75,1861267.5,43131353857.5
2025-08-01 10:15:36 AM,24815.4,0,0.0,43131353857.5
2025-08-01 10:15:36 AM,24815.4,450,11166930.0,43142520787.5
2025-08-01 10:15:39 AM,24815.0,0,0.0,43142520787.5
2025-08-01 10:15:39 AM,24815.0,75,1861125.0,43144381912.5
2025-08-01 10:15:40 AM,24815.0,75,1861125.0,43146243037.5
2025-08-01 10:15:40 AM,24812.3,0,0.0,43146243037.5
2025-08-01 10:15:41 AM,24816.0,150,3722400.0,43149965437.5
2025-08-01 10:15:41 AM,24815.4,0,0.0,43149965437.5
2025-08-01 10:15:41 AM,24815.4,75,1861155.0,43151826592.5
2025-08-01 10:15:43 AM,24819.2,975,24198720.0,43176025312.5
2025-08-01 10:15:43 AM,24820.0,0,0.0,43176025312.5
2025-08-01 10:15:43 AM,24819.3,0,0.0,43176025312.5
2025-08-01 10:15:44 AM,24819.1,0,0.0,43176025312.5
2025-08-01 10:15:44 AM,24819.1,2700,67011569.99999999,43243036882.5
2025-08-01 10:15:45 AM,24819.1,75,1861432.5,43244898315.0
2025-08-01 10:15:45 AM,24820.0,0,0.0,43244898315.0
2025-08-01 10:15:46 AM,24820.0,300,7446000.0,43252344315.0
2025-08-01 10:15:46 AM,24819.1,0,0.0,43252344315.0
2025-08-01 10:15:46 AM,24819.1,150,3722865.0,43256067180.0
2025-08-01 10:15:47 AM,24820.0,0,0.0,43256067180.0
2025-08-01 10:15:47 AM,24817.8,0,0.0,43256067180.0
2025-08-01 10:15:47 AM,24815.4,600,14889240.0,43270956420.0
2025-08-01 10:15:48 AM,24816.9,75,1861267.5,43272817687.5
2025-08-01 10:15:49 AM,24815.4,0,0.0,43272817687.5
2025-08-01 10:15:49 AM,24815.4,75,1861155.0,43274678842.5
2025-08-01 10:15:50 AM,24818.2,75,1861365.0,43276540207.5
2025-08-01 10:15:51 AM,24820.0,150,3723000.0,43280263207.5
2025-08-01 10:15:52 AM,24820.0,2325,57706500.0,43337969707.5
2025-08-01 10:15:53 AM,24818.3,0,0.0,43337969707.5
2025-08-01 10:15:54 AM,24815.4,0,0.0,43337969707.5
2025-08-01 10:15:54 AM,24815.4,225,5583465.0,43343553172.5
2025-08-01 10:15:55 AM,24820.0,300,7446000.0,43350999172.5
2025-08-01 10:15:56 AM,24820.0,150,3723000.0,43354722172.5
2025-08-01 10:15:56 AM,24816.9,0,0.0,43354722172.5
2025-08-01 10:15:57 AM,24820.0,0,0.0,43354722172.5
2025-08-01 10:15:57 AM,24820.0,150,3723000.0,43358445172.5
2025-08-01 10:15:59 AM,24815.5,0,0.0,43358445172.5
2025-08-01 10:15:59 AM,24815.5,75,1861162.5,43360306335.0
2025-08-01 10:16:00 AM,24820.0,0,0.0,43360306335.0
2025-08-01 10:16:01 AM,24820.0,225,5584500.0,43365890835.0
2025-08-01 10:16:01 AM,24819.8,0,0.0,43365890835.0
2025-08-01 10:16:02 AM,24819.8,225,5584455.0,43371475290.0
2025-08-01 10:16:03 AM,24817.4,75,1861305.0,43373336595.0
2025-08-01 10:16:05 AM,24820.0,0,0.0,43373336595.0
2025-08-01 10:16:06 AM,24820.1,3150,78183315.0,43451519910.0
2025-08-01 10:16:06 AM,24822.5,2100,52127250.0,43503647160.0
2025-08-01 10:16:07 AM,24822.0,0,0.0,43503647160.0
2025-08-01 10:16:07 AM,24822.0,75,1861650.0,43505508810.0
2025-08-01 10:16:08 AM,24821.4,0,0.0,43505508810.0
2025-08-01 10:16:09 AM,24820.0,0,0.0,43505508810.0
2025-08-01 10:16:09 AM,24820.0,150,3723000.0,43509231810.0
2025-08-01 10:16:09 AM,24819.0,525,13029975.0,43522261785.0
2025-08-01 10:16:11 AM,24818.8,750,18614100.0,43540875885.0
2025-08-01 10:16:11 AM,24818.6,225,5584185.0,43546460070.0
2025-08-01 10:16:12 AM,24817.1,0,0.0,43546460070.0
2025-08-01 10:16:12 AM,24817.1,225,5583847.5,43552043917.5
2025-08-01 10:16:13 AM,24815.0,0,0.0,43552043917.5
2025-08-01 10:16:14 AM,24814.9,0,0.0,43552043917.5
2025-08-01 10:16:14 AM,24816.4,1050,26057220.0,43578101137.5
2025-08-01 10:16:14 AM,24817.4,0,0.0,43578101137.5
2025-08-01 10:16:14 AM,24812.1,900,22330890.0,43600432027.5
2025-08-01 10:16:15 AM,24811.3,0,0.0,43600432027.5
2025-08-01 10:16:16 AM,24811.3,225,5582542.5,43606014570.0
2025-08-01 10:16:16 AM,24812.9,0,0.0,43606014570.0
2025-08-01 10:16:17 AM,24817.9,0,0.0,43606014570.0
2025-08-01 10:16:17 AM,24817.9,300,7445370.0,43613459940.0
2025-08-01 10:16:18 AM,24813.0,0,0.0,43613459940.0
2025-08-01 10:16:19 AM,24817.3,0,0.0,43613459940.0
2025-08-01 10:16:19 AM,24817.3,150,3722595.0,43617182535.0
2025-08-01 10:16:19 AM,24817.2,75,1861290.0,43619043825.0
2025-08-01 10:16:20 AM,24817.0,0,0.0,43619043825.0
2025-08-01 10:16:21 AM,24817.0,75,1861275.0,43620905100.0
2025-08-01 10:16:22 AM,24817.3,0,0.0,43620905100.0
2025-08-01 10:16:22 AM,24817.3,75,1861297.5,43622766397.5
2025-08-01 10:16:23 AM,24817.5,0,0.0,43622766397.5
2025-08-01 10:16:23 AM,24816.9,0,0.0,43622766397.5
2025-08-01 10:16:24 AM,24817.0,0,0.0,43622766397.5
2025-08-01 10:16:24 AM,24817.0,225,5583825.0,43628350222.5
2025-08-01 10:16:26 AM,24815.5,0,0.0,43628350222.5
2025-08-01 10:16:26 AM,24815.5,75,1861162.5,43630211385.0
2025-08-01 10:16:26 AM,24815.2,0,0.0,43630211385.0
2025-08-01 10:16:27 AM,24814.0,0,0.0,43630211385.0
2025-08-01 10:16:27 AM,24814.0,300,7444200.0,43637655585.0
2025-08-01 10:16:28 AM,24816.0,0,0.0,43637655585.0
2025-08-01 10:16:28 AM,24815.2,0,0.0,43637655585.0
2025-08-01 10:16:29 AM,24815.2,525,13027980.0,43650683565.0
2025-08-01 10:16:31 AM,24815.3,0,0.0,43650683565.0
2025-08-01 10:16:31 AM,24815.3,75,1861147.5,43652544712.5
2025-08-01 10:16:33 AM,24814.4,0,0.0,43652544712.5
2025-08-01 10:16:33 AM,24812.6,0,0.0,43652544712.5
2025-08-01 10:16:34 AM,24812.6,150,3721890.0,43656266602.5
2025-08-01 10:16:35 AM,24812.9,0,0.0,43656266602.5
2025-08-01 10:16:36 AM,24812.9,75,1860967.5,43658127570.0
2025-08-01 10:16:36 AM,24813.3,0,0.0,43658127570.0
2025-08-01 10:16:37 AM,24812.1,0,0.0,43658127570.0
2025-08-01 10:16:37 AM,24812.1,300,7443630.0,43665571200.0
2025-08-01 10:16:37 AM,24814.0,75,1861050.0,43667432250.0
2025-08-01 10:16:38 AM,24812.3,0,0.0,43667432250.0
2025-08-01 10:16:39 AM,24812.3,75,1860922.5,43669293172.5
2025-08-01 10:16:40 AM,24813.2,0,0.0,43669293172.5
2025-08-01 10:16:40 AM,24814.2,0,0.0,43669293172.5
2025-08-01 10:16:41 AM,24814.2,225,5583195.0,43674876367.5
2025-08-01 10:16:41 AM,24813.2,75,1860990.0,43676737357.5
2025-08-01 10:16:42 AM,24815.0,75,1861125.0,43678598482.5
2025-08-01 10:16:44 AM,24814.1,0,0.0,43678598482.5
2025-08-01 10:16:44 AM,24815.0,525,13027875.0,43691626357.5
2025-08-01 10:16:45 AM,24813.2,0,0.0,43691626357.5
2025-08-01 10:16:46 AM,24813.2,75,1860990.0,43693487347.5
2025-08-01 10:16:46 AM,24814.5,0,0.0,43693487347.5
2025-08-01 10:16:46 AM,24814.5,75,1861087.5,43695348435.0
2025-08-01 10:16:47 AM,24814.5,75,1861087.5,43697209522.5
2025-08-01 10:16:49 AM,24815.0,0,0.0,43697209522.5
2025-08-01 10:16:49 AM,24815.0,450,11166750.0,43708376272.5
2025-08-01 10:16:51 AM,24815.0,375,9305625.0,43717681897.5
2025-08-01 10:16:51 AM,24814.5,0,0.0,43717681897.5
2025-08-01 10:16:51 AM,24814.5,75,1861087.5,43719542985.0
2025-08-01 10:16:52 AM,24814.5,75,1861087.5,43721404072.5
2025-08-01 10:16:53 AM,24813.2,0,0.0,43721404072.5
2025-08-01 10:16:54 AM,24813.2,75,1860990.0,43723265062.5
2025-08-01 10:16:54 AM,24814.4,0,0.0,43723265062.5
2025-08-01 10:16:55 AM,24812.1,0,0.0,43723265062.5
2025-08-01 10:16:55 AM,24814.6,0,0.0,43723265062.5
2025-08-01 10:16:56 AM,24814.6,900,22333140.0,43745598202.5
2025-08-01 10:16:56 AM,24812.1,0,0.0,43745598202.5
2025-08-01 10:16:57 AM,24812.1,600,14887260.0,43760485462.5
2025-08-01 10:16:58 AM,24815.0,0,0.0,43760485462.5
2025-08-01 10:16:59 AM,24815.0,900,22333500.0,43782818962.5
2025-08-01 10:16:59 AM,24812.0,0,0.0,43782818962.5
2025-08-01 10:16:59 AM,24812.0,750,18609000.0,43801427962.5
2025-08-01 10:17:00 AM,24811.0,0,0.0,43801427962.5
2025-08-01 10:17:01 AM,24811.0,150,3721650.0,43805149612.5
2025-08-01 10:17:02 AM,24813.6,0,0.0,43805149612.5
2025-08-01 10:17:02 AM,24813.6,75,1861020.0,43807010632.5
2025-08-01 10:17:04 AM,24811.6,0,0.0,43807010632.5
2025-08-01 10:17:04 AM,24811.6,75,1860870.0,43808871502.5
2025-08-01 10:17:05 AM,24813.4,0,0.0,43808871502.5
2025-08-01 10:17:06 AM,24813.4,75,1861005.0,43810732507.5
2025-08-01 10:17:06 AM,24811.6,0,0.0,43810732507.5
2025-08-01 10:17:07 AM,24811.6,75,1860870.0,43812593377.5
2025-08-01 10:17:09 AM,24813.6,0,0.0,43812593377.5
2025-08-01 10:17:09 AM,24813.6,225,5583060.0,43818176437.5
2025-08-01 10:17:10 AM,24815.0,0,0.0,43818176437.5
2025-08-01 10:17:11 AM,24815.0,675,16750125.0,43834926562.5
2025-08-01 10:17:11 AM,24813.6,0,0.0,43834926562.5
2025-08-01 10:17:12 AM,24813.6,75,1861020.0,43836787582.5
2025-08-01 10:17:14 AM,24811.0,0,0.0,43836787582.5
2025-08-01 10:17:14 AM,24811.0,225,5582475.0,43842370057.5
2025-08-01 10:17:15 AM,24813.8,0,0.0,43842370057.5
2025-08-01 10:17:16 AM,24813.8,1050,26054490.0,43868424547.5
2025-08-01 10:17:18 AM,24810.5,0,0.0,43868424547.5
2025-08-01 10:17:19 AM,24810.0,225,5582250.0,43874006797.5
2025-08-01 10:17:20 AM,24810.5,0,0.0,43874006797.5
2025-08-01 10:17:21 AM,24810.0,150,3721500.0,43877728297.5
2025-08-01 10:17:22 AM,24810.5,0,0.0,43877728297.5
2025-08-01 10:17:22 AM,24810.5,75,1860787.5,43879589085.0
2025-08-01 10:17:23 AM,24810.0,75,1860750.0,43881449835.0
2025-08-01 10:17:24 AM,24813.5,300,7444050.0,43888893885.0
2025-08-01 10:17:25 AM,24810.8,0,0.0,43888893885.0
2025-08-01 10:17:26 AM,24810.8,75,1860810.0,43890754695.0
2025-08-01 10:17:28 AM,24812.5,0,0.0,43890754695.0
2025-08-01 10:17:29 AM,24813.1,0,0.0,43890754695.0
2025-08-01 10:17:29 AM,24813.1,150,3721965.0,43894476660.0
2025-08-01 10:17:30 AM,24811.0,0,0.0,43894476660.0
2025-08-01 10:17:31 AM,24811.0,75,1860825.0,43896337485.0
2025-08-01 10:17:31 AM,24810.8,0,0.0,43896337485.0
2025-08-01 10:17:32 AM,24810.8,225,5582430.0,43901919915.0
2025-08-01 10:17:33 AM,24810.0,0,0.0,43901919915.0
2025-08-01 10:17:34 AM,24810.0,1650,40936500.0,43942856415.0
2025-08-01 10:17:35 AM,24813.9,0,0.0,43942856415.0
2025-08-01 10:17:36 AM,24813.9,675,16749382.500000002,43959605797.5
2025-08-01 10:17:38 AM,24814.2,0,0.0,43959605797.5
2025-08-01 10:17:39 AM,24814.2,75,1861065.0,43961466862.5
2025-08-01 10:17:43 AM,24812.6,0,0.0,43961466862.5
2025-08-01 10:17:44 AM,24812.6,75,1860945.0,43963327807.5
2025-08-01 10:17:45 AM,24812.2,0,0.0,43963327807.5
2025-08-01 10:17:46 AM,24813.9,0,0.0,43963327807.5
2025-08-01 10:17:46 AM,24813.9,300,7444170.0,43970771977.5
2025-08-01 10:17:46 AM,24812.1,0,0.0,43970771977.5
2025-08-01 10:17:47 AM,24812.1,150,3721815.0,43974493792.5
2025-08-01 10:17:51 AM,24811.0,0,0.0,43974493792.5
2025-08-01 10:17:52 AM,24811.0,75,1860825.0,43976354617.5
2025-08-01 10:17:54 AM,24812.0,0,0.0,43976354617.5
2025-08-01 10:17:54 AM,24811.0,0,0.0,43976354617.5
2025-08-01 10:17:54 AM,24811.0,150,3721650.0,43980076267.5
2025-08-01 10:17:55 AM,24805.0,0,0.0,43980076267.5
2025-08-01 10:17:56 AM,24805.0,2175,53950875.0,44034027142.5
2025-08-01 10:17:57 AM,24808.4,0,0.0,44034027142.5
2025-08-01 10:17:57 AM,24808.4,2475,61400790.0,44095427932.5
2025-08-01 10:17:59 AM,24806.4,0,0.0,44095427932.5
2025-08-01 10:17:59 AM,24806.4,225,5581440.0,44101009372.5
2025-08-01 10:18:01 AM,24804.5,225,5581012.5,44106590385.0
2025-08-01 10:18:02 AM,24807.1,0,0.0,44106590385.0
2025-08-01 10:18:02 AM,24807.1,450,11163195.0,44117753580.0
2025-08-01 10:18:03 AM,24805.1,375,9301912.5,44127055492.5
2025-08-01 10:18:03 AM,24807.1,0,0.0,44127055492.5
2025-08-01 10:18:04 AM,24809.9,0,0.0,44127055492.5
2025-08-01 10:18:04 AM,24809.9,225,5582227.5,44132637720.0
2025-08-01 10:18:05 AM,24806.4,0,0.0,44132637720.0
2025-08-01 10:18:06 AM,24806.2,1200,29767440.0,44162405160.0
2025-08-01 10:18:07 AM,24806.4,0,0.0,44162405160.0
2025-08-01 10:18:07 AM,24806.4,300,7441920.0,44169847080.0
2025-08-01 10:18:08 AM,24808.0,0,0.0,44169847080.0
2025-08-01 10:18:09 AM,24804.6,0,0.0,44169847080.0
2025-08-01 10:18:09 AM,24806.5,0,0.0,44169847080.0
2025-08-01 10:18:09 AM,24806.5,1050,26046825.0,44195893905.0
2025-08-01 10:18:10 AM,24809.8,0,0.0,44195893905.0
2025-08-01 10:18:11 AM,24809.5,225,5582137.5,44201476042.5
2025-08-01 10:18:13 AM,24804.0,0,0.0,44201476042.5
2025-08-01 10:18:14 AM,24804.0,525,13022100.0,44214498142.5
2025-08-01 10:18:16 AM,24809.1,75,1860682.5,44216358825.0
2025-08-01 10:18:16 AM,24804.7,0,0.0,44216358825.0
2025-08-01 10:18:17 AM,24809.1,0,0.0,44216358825.0
2025-08-01 10:18:17 AM,24804.3,0,0.0,44216358825.0
2025-08-01 10:18:17 AM,24804.3,450,11161935.0,44227520760.0
2025-08-01 10:18:21 AM,24801.5,0,0.0,44227520760.0
2025-08-01 10:18:21 AM,24801.5,600,14880900.0,44242401660.0
2025-08-01 10:18:21 AM,24803.0,0,0.0,44242401660.0
2025-08-01 10:18:22 AM,24805.9,0,0.0,44242401660.0
2025-08-01 10:18:22 AM,24805.9,1050,26046195.0,44268447855.0
2025-08-01 10:18:23 AM,24804.0,0,0.0,44268447855.0
2025-08-01 10:18:24 AM,24804.0,75,1860300.0,44270308155.0
2025-08-01 10:18:24 AM,24805.7,0,0.0,44270308155.0
2025-08-01 10:18:26 AM,24805.7,75,1860427.5,44272168582.5
2025-08-01 10:18:28 AM,24801.0,0,0.0,44272168582.5
2025-08-01 10:18:29 AM,24804.8,0,0.0,44272168582.5
2025-08-01 10:18:29 AM,24804.8,675,16743240.0,44288911822.5
2025-08-01 10:18:30 AM,24800.1,0,0.0,44288911822.5
2025-08-01 10:18:31 AM,24800.1,75,1860007.5,44290771830.0
2025-08-01 10:18:31 AM,24803.7,0,0.0,44290771830.0
2025-08-01 10:18:32 AM,24803.7,375,9301387.5,44300073217.5
2025-08-01 10:18:34 AM,24803.6,0,0.0,44300073217.5
2025-08-01 10:18:34 AM,24803.6,75,1860270.0,44301933487.5
2025-08-01 10:18:34 AM,24805.0,0,0.0,44301933487.5
2025-08-01 10:18:36 AM,24805.0,375,9301875.0,44311235362.5
2025-08-01 10:18:36 AM,24805.0,75,1860375.0,44313095737.5
2025-08-01 10:18:36 AM,24805.7,0,0.0,44313095737.5
2025-08-01 10:18:37 AM,24805.0,0,0.0,44313095737.5
2025-08-01 10:18:37 AM,24805.0,1725,42788625.0,44355884362.5
2025-08-01 10:18:38 AM,24803.1,0,0.0,44355884362.5
2025-08-01 10:18:39 AM,24803.1,525,13021627.5,44368905990.0
2025-08-01 10:18:42 AM,24805.0,0,0.0,44368905990.0
2025-08-01 10:18:42 AM,24805.0,75,1860375.0,44370766365.0
2025-08-01 10:18:45 AM,24805.7,0,0.0,44370766365.0
2025-08-01 10:18:46 AM,24805.7,75,1860427.5,44372626792.5
2025-08-01 10:18:46 AM,24808.7,0,0.0,44372626792.5
2025-08-01 10:18:47 AM,24808.7,75,1860652.5,44374487445.0
2025-08-01 10:18:50 AM,24809.1,0,0.0,44374487445.0
2025-08-01 10:18:50 AM,24809.1,75,1860682.5,44376348127.5
2025-08-01 10:18:57 AM,24810.0,0,0.0,44376348127.5
2025-08-01 10:18:57 AM,24809.1,0,0.0,44376348127.5
2025-08-01 10:18:57 AM,24809.1,975,24188872.5,44400537000.0
2025-08-01 10:18:58 AM,24812.5,0,0.0,44400537000.0
2025-08-01 10:18:59 AM,24813.3,375,9304987.5,44409841987.5
2025-08-01 10:19:03 AM,24814.8,0,0.0,44409841987.5
2025-08-01 10:19:04 AM,24814.8,75,1861110.0,44411703097.5
2025-08-01 10:19:05 AM,24815.0,0,0.0,44411703097.5
2025-08-01 10:19:05 AM,24817.0,0,0.0,44411703097.5
2025-08-01 10:19:05 AM,24817.0,900,22335300.0,44434038397.5
2025-08-01 10:19:06 AM,24817.0,225,5583825.0,44439622222.5
2025-08-01 10:19:06 AM,24814.9,0,0.0,44439622222.5
2025-08-01 10:19:07 AM,24817.0,0,0.0,44439622222.5
2025-08-01 10:19:07 AM,24817.0,225,5583825.0,44445206047.5
2025-08-01 10:19:09 AM,24815.7,0,0.0,44445206047.5
2025-08-01 10:19:09 AM,24817.0,225,5583825.0,44450789872.5
2025-08-01 10:19:11 AM,24815.5,0,0.0,44450789872.5
2025-08-01 10:19:11 AM,24815.5,150,3722325.0,44454512197.5
2025-08-01 10:19:14 AM,24815.0,0,0.0,44454512197.5
2025-08-01 10:19:14 AM,24815.0,75,1861125.0,44456373322.5
2025-08-01 10:19:15 AM,24815.0,75,1861125.0,44458234447.5
2025-08-01 10:19:17 AM,24813.3,0,0.0,44458234447.5
2025-08-01 10:19:17 AM,24815.0,0,0.0,44458234447.5
2025-08-01 10:19:17 AM,24815.0,450,11166750.0,44469401197.5
2025-08-01 10:19:19 AM,24815.0,150,3722250.0,44473123447.5
2025-08-01 10:19:21 AM,24813.3,0,0.0,44473123447.5
2025-08-01 10:19:22 AM,24815.0,0,0.0,44473123447.5
2025-08-01 10:19:22 AM,24815.0,450,11166750.0,44484290197.5
2025-08-01 10:19:24 AM,24815.0,75,1861125.0,44486151322.5
2025-08-01 10:19:24 AM,24815.0,150,3722250.0,44489873572.5
2025-08-01 10:19:25 AM,24817.0,0,0.0,44489873572.5
2025-08-01 10:19:25 AM,24817.0,225,5583825.0,44495457397.5
2025-08-01 10:19:27 AM,24813.5,0,0.0,44495457397.5
2025-08-01 10:19:27 AM,24815.0,0,0.0,44495457397.5
2025-08-01 10:19:27 AM,24815.0,225,5583375.0,44501040772.5
2025-08-01 10:19:30 AM,24817.0,0,0.0,44501040772.5
2025-08-01 10:19:30 AM,24814.4,0,0.0,44501040772.5
2025-08-01 10:19:30 AM,24817.0,0,0.0,44501040772.5
2025-08-01 10:19:30 AM,24817.0,675,16751475.0,44517792247.5
2025-08-01 10:19:32 AM,24817.0,525,13028925.0,44530821172.5
2025-08-01 10:19:34 AM,24817.0,75,1861275.0,44532682447.5
2025-08-01 10:19:35 AM,24818.0,375,9306750.0,44541989197.5
2025-08-01 10:19:38 AM,24819.2,0,0.0,44541989197.5
2025-08-01 10:19:39 AM,24817.1,375,9306412.5,44551295610.0
2025-08-01 10:19:40 AM,24820.0,0,0.0,44551295610.0
2025-08-01 10:19:40 AM,24820.0,150,3723000.0,44555018610.0
2025-08-01 10:19:42 AM,24820.0,75,1861500.0,44556880110.0
2025-08-01 10:19:43 AM,24815.1,0,0.0,44556880110.0
2025-08-01 10:19:44 AM,24820.1,825,20476582.5,44577356692.5
2025-08-01 10:19:45 AM,24820.0,0,0.0,44577356692.5
2025-08-01 10:19:46 AM,24820.0,75,1861500.0,44579218192.5
2025-08-01 10:19:47 AM,24821.0,0,0.0,44579218192.5
2025-08-01 10:19:47 AM,24822.9,0,0.0,44579218192.5
2025-08-01 10:19:47 AM,24816.8,0,0.0,44579218192.5
2025-08-01 10:19:47 AM,24816.8,1050,26057640.0,44605275832.5
2025-08-01 10:19:48 AM,24816.5,0,0.0,44605275832.5
2025-08-01 10:19:49 AM,24818.0,750,18613500.0,44623889332.5
2025-08-01 10:19:51 AM,24818.0,75,1861350.0,44625750682.5
2025-08-01 10:19:51 AM,24820.0,0,0.0,44625750682.5
2025-08-01 10:19:52 AM,24818.3,0,0.0,44625750682.5
2025-08-01 10:19:52 AM,24820.0,0,0.0,44625750682.5
2025-08-01 10:19:52 AM,24820.0,600,14892000.0,44640642682.5
2025-08-01 10:19:56 AM,24820.0,150,3723000.0,44644365682.5
2025-08-01 10:19:58 AM,24821.0,0,0.0,44644365682.5
2025-08-01 10:19:59 AM,24821.0,75,1861575.0,44646227257.5
2025-08-01 10:19:59 AM,24818.0,0,0.0,44646227257.5
2025-08-01 10:20:00 AM,24820.0,0,0.0,44646227257.5
2025-08-01 10:20:01 AM,24820.0,225,5584500.0,44651811757.5
2025-08-01 10:20:02 AM,24818.0,0,0.0,44651811757.5
2025-08-01 10:20:02 AM,24820.0,1350,33507000.0,44685318757.5
2025-08-01 10:20:03 AM,24817.0,0,0.0,44685318757.5
2025-08-01 10:20:04 AM,24817.0,375,9306375.0,44694625132.5
2025-08-01 10:20:04 AM,24816.4,0,0.0,44694625132.5
2025-08-01 10:20:05 AM,24820.6,0,0.0,44694625132.5
2025-08-01 10:20:05 AM,24821.1,0,0.0,44694625132.5
2025-08-01 10:20:06 AM,24821.1,525,13031077.5,44707656210.0
2025-08-01 10:20:08 AM,24820.4,0,0.0,44707656210.0
2025-08-01 10:20:09 AM,24820.4,150,3723060.0,44711379270.0
2025-08-01 10:20:09 AM,24821.9,0,0.0,44711379270.0
2025-08-01 10:20:10 AM,24817.4,0,0.0,44711379270.0
2025-08-01 10:20:11 AM,24817.4,375,9306525.0,44720685795.0
2025-08-01 10:20:13 AM,24818.0,0,0.0,44720685795.0
2025-08-01 10:20:13 AM,24817.6,0,0.0,44720685795.0
2025-08-01 10:20:14 AM,24817.6,150,3722640.0,44724408435.0
2025-08-01 10:20:14 AM,24819.1,0,0.0,44724408435.0
2025-08-01 10:20:14 AM,24818.9,0,0.0,44724408435.0
2025-08-01 10:20:16 AM,24818.9,225,5584252.5,44729992687.5
2025-08-01 10:20:16 AM,24820.8,0,0.0,44729992687.5
2025-08-01 10:20:16 AM,24816.0,0,0.0,44729992687.5
2025-08-01 10:20:17 AM,24819.8,1200,29783760.0,44759776447.5
2025-08-01 10:20:18 AM,24820.7,0,0.0,44759776447.5
2025-08-01 10:20:19 AM,24820.5,150,3723075.0,44763499522.5
2025-08-01 10:20:20 AM,24821.0,0,0.0,44763499522.5
2025-08-01 10:20:20 AM,24821.2,0,0.0,44763499522.5
2025-08-01 10:20:21 AM,24821.2,150,3723180.0,44767222702.5
2025-08-01 10:20:22 AM,24820.3,0,0.0,44767222702.5
2025-08-01 10:20:22 AM,24820.0,150,3723000.0,44770945702.5
2025-08-01 10:20:23 AM,24820.1,0,0.0,44770945702.5
2025-08-01 10:20:24 AM,24820.1,75,1861507.5,44772807210.0
2025-08-01 10:20:25 AM,24820.9,0,0.0,44772807210.0
2025-08-01 10:20:26 AM,24820.9,150,3723135.0,44776530345.0
2025-08-01 10:20:26 AM,24820.3,0,0.0,44776530345.0
2025-08-01 10:20:27 AM,24820.3,225,5584567.5,44782114912.5
2025-08-01 10:20:28 AM,24820.7,0,0.0,44782114912.5
2025-08-01 10:20:29 AM,24820.9,225,5584702.5,44787699615.0
2025-08-01 10:20:29 AM,24820.6,0,0.0,44787699615.0
2025-08-01 10:20:31 AM,24822.0,150,3723300.0,44791422915.0
2025-08-01 10:20:31 AM,24829.9,0,0.0,44791422915.0
2025-08-01 10:20:32 AM,24830.0,0,0.0,44791422915.0
2025-08-01 10:20:32 AM,24830.0,18975,471149250.0,45262572165.0
2025-08-01 10:20:33 AM,24832.0,0,0.0,45262572165.0
2025-08-01 10:20:34 AM,24835.0,2850,70779750.0,45333351915.0
2025-08-01 10:20:34 AM,24835.0,375,9313125.0,45342665040.0
2025-08-01 10:20:35 AM,24836.9,0,0.0,45342665040.0
2025-08-01 10:20:36 AM,24835.2,750,18626400.0,45361291440.0
2025-08-01 10:20:36 AM,24837.6,75,1862820.0,45363154260.0
2025-08-01 10:20:36 AM,24838.0,0,0.0,45363154260.0
2025-08-01 10:20:37 AM,24838.9,1575,39121267.5,45402275527.5
2025-08-01 10:20:39 AM,24838.9,825,20492092.5,45422767620.0
2025-08-01 10:20:39 AM,24837.4,0,0.0,45422767620.0
2025-08-01 10:20:39 AM,24837.4,150,3725610.0,45426493230.0
2025-08-01 10:20:39 AM,24838.1,0,0.0,45426493230.0
2025-08-01 10:20:40 AM,24835.0,0,0.0,45426493230.0
2025-08-01 10:20:41 AM,24838.8,975,24217830.0,45450711060.0
2025-08-01 10:20:41 AM,24836.2,0,0.0,45450711060.0
2025-08-01 10:20:41 AM,24835.3,0,0.0,45450711060.0
2025-08-01 10:20:42 AM,24835.0,0,0.0,45450711060.0
2025-08-01 10:20:42 AM,24835.8,525,13038795.0,45463749855.0
2025-08-01 10:20:43 AM,24836.9,0,0.0,45463749855.0
2025-08-01 10:20:43 AM,24836.1,0,0.0,45463749855.0
2025-08-01 10:20:44 AM,24836.1,450,11176245.0,45474926100.0
2025-08-01 10:20:44 AM,24834.5,0,0.0,45474926100.0
2025-08-01 10:20:45 AM,24835.3,0,0.0,45474926100.0
2025-08-01 10:20:45 AM,24834.7,0,0.0,45474926100.0
2025-08-01 10:20:46 AM,24831.2,900,22348080.0,45497274180.0
2025-08-01 10:20:46 AM,24834.8,0,0.0,45497274180.0
2025-08-01 10:20:47 AM,24834.2,0,0.0,45497274180.0
2025-08-01 10:20:47 AM,24829.9,375,9311212.5,45506585392.5
2025-08-01 10:20:48 AM,24834.4,0,0.0,45506585392.5
2025-08-01 10:20:49 AM,24834.5,375,9312937.5,45515898330.0
2025-08-01 10:20:49 AM,24836.1,0,0.0,45515898330.0
2025-08-01 10:20:50 AM,24834.8,0,0.0,45515898330.0
2025-08-01 10:20:51 AM,24835.6,2025,50292090.0,45566190420.0
2025-08-01 10:20:51 AM,24834.0,0,0.0,45566190420.0
2025-08-01 10:20:52 AM,24834.0,225,5587650.0,45571778070.0
2025-08-01 10:20:52 AM,24835.8,75,1862685.0,45573640755.0
2025-08-01 10:20:54 AM,24835.0,75,1862625.0,45575503380.0
2025-08-01 10:20:54 AM,24830.3,0,0.0,45575503380.0
2025-08-01 10:20:54 AM,24835.0,975,24214125.0,45599717505.0
2025-08-01 10:20:55 AM,24834.0,0,0.0,45599717505.0
2025-08-01 10:20:55 AM,24836.2,0,0.0,45599717505.0
2025-08-01 10:20:56 AM,24834.3,750,18625725.0,45618343230.0
2025-08-01 10:20:56 AM,24836.9,0,0.0,45618343230.0
2025-08-01 10:20:57 AM,24836.2,0,0.0,45618343230.0
2025-08-01 10:20:57 AM,24834.9,300,7450470.0,45625793700.0
2025-08-01 10:20:59 AM,24837.0,975,24216075.0,45650009775.0
2025-08-01 10:21:00 AM,24836.0,75,1862700.0,45651872475.0
2025-08-01 10:21:01 AM,24836.0,75,1862700.0,45653735175.0
2025-08-01 10:21:01 AM,24835.5,0,0.0,45653735175.0
2025-08-01 10:21:02 AM,24835.5,375,9313312.5,45663048487.5
2025-08-01 10:21:04 AM,24835.5,300,7450650.0,45670499137.5
2025-08-01 10:21:05 AM,24835.0,0,0.0,45670499137.5
2025-08-01 10:21:05 AM,24835.5,0,0.0,45670499137.5
2025-08-01 10:21:05 AM,24835.0,375,9313125.0,45679812262.5
2025-08-01 10:21:06 AM,24834.8,0,0.0,45679812262.5
2025-08-01 10:21:06 AM,24835.5,0,0.0,45679812262.5
2025-08-01 10:21:07 AM,24835.5,300,7450650.0,45687262912.5
2025-08-01 10:21:08 AM,24835.0,0,0.0,45687262912.5
2025-08-01 10:21:09 AM,24837.0,600,14902200.0,45702165112.5
2025-08-01 10:21:09 AM,24838.4,0,0.0,45702165112.5
2025-08-01 10:21:10 AM,24838.9,0,0.0,45702165112.5
2025-08-01 10:21:10 AM,24838.9,525,13040422.5,45715205535.0
2025-08-01 10:21:11 AM,24839.0,0,0.0,45715205535.0
2025-08-01 10:21:12 AM,24839.0,900,22355100.0,45737560635.0
2025-08-01 10:21:14 AM,24839.0,150,3725850.0,45741286485.0
2025-08-01 10:21:15 AM,24839.9,0,0.0,45741286485.0
2025-08-01 10:21:15 AM,24838.9,0,0.0,45741286485.0
2025-08-01 10:21:16 AM,24840.9,4425,109920982.5,45851207467.5
2025-08-01 10:21:16 AM,24840.0,75,1863000.0,45853070467.5
2025-08-01 10:21:17 AM,24839.0,0,0.0,45853070467.5
2025-08-01 10:21:17 AM,24840.0,0,0.0,45853070467.5
2025-08-01 10:21:17 AM,24840.0,900,22356000.0,45875426467.5
2025-08-01 10:21:17 AM,24840.0,150,3726000.0,45879152467.5
2025-08-01 10:21:18 AM,24840.9,0,0.0,45879152467.5
2025-08-01 10:21:19 AM,24840.9,450,11178405.0,45890330872.5
2025-08-01 10:21:19 AM,24840.0,0,0.0,45890330872.5
2025-08-01 10:21:20 AM,24840.9,0,0.0,45890330872.5
2025-08-01 10:21:21 AM,24840.9,450,11178405.0,45901509277.5
2025-08-01 10:21:22 AM,24842.7,0,0.0,45901509277.5
2025-08-01 10:21:22 AM,24838.3,0,0.0,45901509277.5
2025-08-01 10:21:22 AM,24838.3,2100,52160430.0,45953669707.5
2025-08-01 10:21:23 AM,24840.0,0,0.0,45953669707.5
2025-08-01 10:21:24 AM,24843.1,375,9316162.5,45962985870.0
2025-08-01 10:21:25 AM,24843.8,0,0.0,45962985870.0
2025-08-01 10:21:26 AM,24841.2,450,11178540.0,45974164410.0
2025-08-01 10:21:26 AM,24841.0,0,0.0,45974164410.0
2025-08-01 10:21:27 AM,24842.7,0,0.0,45974164410.0
2025-08-01 10:21:27 AM,24842.7,525,13042417.5,45987206827.5
2025-08-01 10:21:28 AM,24841.0,0,0.0,45987206827.5
2025-08-01 10:21:29 AM,24843.6,1800,44718480.0,46031925307.5
2025-08-01 10:21:29 AM,24842.9,0,0.0,46031925307.5
2025-08-01 10:21:29 AM,24842.9,150,3726435.0,46035651742.5
2025-08-01 10:21:29 AM,24841.1,0,0.0,46035651742.5
2025-08-01 10:21:30 AM,24842.6,0,0.0,46035651742.5
2025-08-01 10:21:31 AM,24841.1,1650,40987815.0,46076639557.5
2025-08-01 10:21:31 AM,24842.4,0,0.0,46076639557.5
2025-08-01 10:21:32 AM,24841.1,0,0.0,46076639557.5
2025-08-01 10:21:32 AM,24843.2,0,0.0,46076639557.5
2025-08-01 10:21:32 AM,24843.2,450,11179440.0,46087818997.5
2025-08-01 10:21:33 AM,24844.0,0,0.0,46087818997.5
2025-08-01 10:21:34 AM,24844.0,375,9316500.0,46097135497.5
2025-08-01 10:21:36 AM,24844.0,300,7453200.0,46104588697.5
2025-08-01 10:21:36 AM,24842.7,75,1863202.5,46106451900.0
2025-08-01 10:21:36 AM,24844.0,0,0.0,46106451900.0
2025-08-01 10:21:37 AM,24841.4,0,0.0,46106451900.0
2025-08-01 10:21:37 AM,24841.4,900,22357260.0,46128809160.0
2025-08-01 10:21:38 AM,24844.0,0,0.0,46128809160.0
2025-08-01 10:21:39 AM,24844.6,675,16770104.999999998,46145579265.0
2025-08-01 10:21:39 AM,24845.0,300,7453500.0,46153032765.0
2025-08-01 10:21:40 AM,24842.0,0,0.0,46153032765.0
2025-08-01 10:21:41 AM,24842.0,300,7452600.0,46160485365.0
2025-08-01 10:21:41 AM,24844.6,0,0.0,46160485365.0
2025-08-01 10:21:42 AM,24842.0,0,0.0,46160485365.0
2025-08-01 10:21:42 AM,24841.1,900,22356990.0,46182842355.0
2025-08-01 10:21:43 AM,24842.0,0,0.0,46182842355.0
2025-08-01 10:21:43 AM,24841.1,0,0.0,46182842355.0
2025-08-01 10:21:44 AM,24842.7,600,14905620.0,46197747975.0
2025-08-01 10:21:44 AM,24844.3,300,7453290.0,46205201265.0
2025-08-01 10:21:45 AM,24841.1,0,0.0,46205201265.0
2025-08-01 10:21:46 AM,24841.0,375,9315375.0,46214516640.0
2025-08-01 10:21:46 AM,24841.9,75,1863142.5,46216379782.5
2025-08-01 10:21:46 AM,24842.0,0,0.0,46216379782.5
2025-08-01 10:21:47 AM,24841.0,0,0.0,46216379782.5
2025-08-01 10:21:47 AM,24842.0,0,0.0,46216379782.5
2025-08-01 10:21:47 AM,24842.0,450,11178900.0,46227558682.5
2025-08-01 10:21:48 AM,24841.1,0,0.0,46227558682.5
2025-08-01 10:21:49 AM,24841.1,150,3726165.0,46231284847.5
2025-08-01 10:21:50 AM,24841.0,0,0.0,46231284847.5
2025-08-01 10:21:50 AM,24843.6,0,0.0,46231284847.5
2025-08-01 10:21:51 AM,24843.6,2325,57761370.0,46289046217.5
2025-08-01 10:21:52 AM,24843.6,75,1863270.0,46290909487.5
2025-08-01 10:21:52 AM,24844.0,0,0.0,46290909487.5
2025-08-01 10:21:54 AM,24844.0,300,7453200.0,46298362687.5
2025-08-01 10:21:56 AM,24844.0,150,3726600.0,46302089287.5
2025-08-01 10:21:57 AM,24844.0,150,3726600.0,46305815887.5
2025-08-01 10:21:59 AM,24844.0,150,3726600.0,46309542487.5
2025-08-01 10:22:01 AM,24844.0,675,16769700.0,46326312187.5
2025-08-01 10:22:01 AM,24844.0,375,9316500.0,46335628687.5
2025-08-01 10:22:01 AM,24843.9,0,0.0,46335628687.5
2025-08-01 10:22:02 AM,24845.0,0,0.0,46335628687.5
2025-08-01 10:22:02 AM,24845.0,2475,61491375.0,46397120062.5
2025-08-01 10:22:04 AM,24844.9,675,16770307.500000002,46413890370.0
2025-08-01 10:22:04 AM,24845.0,75,1863375.0,46415753745.0
2025-08-01 10:22:06 AM,24845.0,1200,29814000.0,46445567745.0
2025-08-01 10:22:07 AM,24847.3,0,0.0,46445567745.0
2025-08-01 10:22:07 AM,24847.3,3600,89450280.0,46535018025.0
2025-08-01 10:22:08 AM,24843.9,0,0.0,46535018025.0
2025-08-01 10:22:09 AM,24844.9,300,7453470.0,46542471495.0
2025-08-01 10:22:09 AM,24845.0,0,0.0,46542471495.0
2025-08-01 10:22:09 AM,24845.0,75,1863375.0,46544334870.0
2025-08-01 10:22:10 AM,24847.3,0,0.0,46544334870.0
2025-08-01 10:22:11 AM,24847.3,675,16771927.5,46561106797.5
2025-08-01 10:22:11 AM,24842.0,0,0.0,46561106797.5
2025-08-01 10:22:11 AM,24843.4,0,0.0,46561106797.5
2025-08-01 10:22:12 AM,24843.4,375,9316275.0,46570423072.5
2025-08-01 10:22:13 AM,24843.8,0,0.0,46570423072.5
2025-08-01 10:22:14 AM,24842.0,825,20494650.0,46590917722.5
2025-08-01 10:22:15 AM,24845.0,0,0.0,46590917722.5
2025-08-01 10:22:16 AM,24845.0,525,13043625.0,46603961347.5
2025-08-01 10:22:17 AM,24846.3,0,0.0,46603961347.5
2025-08-01 10:22:17 AM,24840.9,0,0.0,46603961347.5
2025-08-01 10:22:17 AM,24842.7,0,0.0,46603961347.5
2025-08-01 10:22:17 AM,24842.7,1350,33537645.0,46637498992.5
2025-08-01 10:22:17 AM,24840.0,1050,26082000.0,46663580992.5
2025-08-01 10:22:18 AM,24838.9,0,0.0,46663580992.5
2025-08-01 10:22:19 AM,24838.9,3075,76379617.5,46739960610.0
2025-08-01 10:22:20 AM,24841.3,0,0.0,46739960610.0
2025-08-01 10:22:21 AM,24841.3,150,3726195.0,46743686805.0
2025-08-01 10:22:21 AM,24843.5,0,0.0,46743686805.0
2025-08-01 10:22:22 AM,24840.0,0,0.0,46743686805.0
2025-08-01 10:22:22 AM,24840.0,450,11178000.0,46754864805.0
2025-08-01 10:22:24 AM,24840.0,150,3726000.0,46758590805.0
2025-08-01 10:22:24 AM,24838.9,0,0.0,46758590805.0
2025-08-01 10:22:25 AM,24843.9,0,0.0,46758590805.0
2025-08-01 10:22:25 AM,24844.0,0,0.0,46758590805.0
2025-08-01 10:22:26 AM,24844.0,1650,40992600.0,46799583405.0
2025-08-01 10:22:27 AM,24844.1,0,0.0,46799583405.0
2025-08-01 10:22:27 AM,24844.1,300,7453230.0,46807036635.0
2025-08-01 10:22:28 AM,24844.9,0,0.0,46807036635.0
2025-08-01 10:22:28 AM,24840.0,0,0.0,46807036635.0
2025-08-01 10:22:29 AM,24840.0,525,13041000.0,46820077635.0
2025-08-01 10:22:30 AM,24843.4,0,0.0,46820077635.0
2025-08-01 10:22:30 AM,24840.0,0,0.0,46820077635.0
2025-08-01 10:22:31 AM,24840.0,225,5589000.0,46825666635.0
2025-08-01 10:22:32 AM,24837.3,0,0.0,46825666635.0
2025-08-01 10:22:32 AM,24837.3,525,13039582.5,46838706217.5
2025-08-01 10:22:35 AM,24836.8,0,0.0,46838706217.5
2025-08-01 10:22:35 AM,24840.0,0,0.0,46838706217.5
2025-08-01 10:22:36 AM,24840.0,150,3726000.0,46842432217.5
2025-08-01 10:22:38 AM,24838.8,0,0.0,46842432217.5
2025-08-01 10:22:39 AM,24839.3,300,7451790.0,46849884007.5
2025-08-01 10:22:42 AM,24839.7,0,0.0,46849884007.5
2025-08-01 10:22:42 AM,24839.7,75,1862977.5,46851746985.0
2025-08-01 10:22:45 AM,24839.3,0,0.0,46851746985.0
2025-08-01 10:22:45 AM,24839.1,0,0.0,46851746985.0
2025-08-01 10:22:46 AM,24839.1,300,7451730.0,46859198715.0
2025-08-01 10:22:47 AM,24836.0,0,0.0,46859198715.0
2025-08-01 10:22:47 AM,24836.0,150,3725400.0,46862924115.0
2025-08-01 10:22:48 AM,24835.5,0,0.0,46862924115.0
2025-08-01 10:22:49 AM,24837.2,150,3725580.0,46866649695.0
2025-08-01 10:22:50 AM,24835.5,0,0.0,46866649695.0
2025-08-01 10:22:51 AM,24835.5,75,1862662.5,46868512357.5
2025-08-01 10:22:52 AM,24835.0,0,0.0,46868512357.5
2025-08-01 10:22:52 AM,24835.0,450,11175750.0,46879688107.5
2025-08-01 10:22:53 AM,24836.0,0,0.0,46879688107.5
2025-08-01 10:22:54 AM,24836.0,75,1862700.0,46881550807.5
2025-08-01 10:22:55 AM,24835.0,0,0.0,46881550807.5
2025-08-01 10:22:56 AM,24835.0,75,1862625.0,46883413432.5
2025-08-01 10:22:57 AM,24836.0,0,0.0,46883413432.5
2025-08-01 10:22:57 AM,24837.2,0,0.0,46883413432.5
2025-08-01 10:22:57 AM,24837.2,450,11176740.0,46894590172.5
2025-08-01 10:22:58 AM,24836.0,0,0.0,46894590172.5
2025-08-01 10:22:58 AM,24836.5,0,0.0,46894590172.5
2025-08-01 10:22:59 AM,24835.0,450,11175750.0,46905765922.5
2025-08-01 10:22:59 AM,24835.3,0,0.0,46905765922.5
2025-08-01 10:23:00 AM,24833.0,0,0.0,46905765922.5
2025-08-01 10:23:00 AM,24833.9,0,0.0,46905765922.5
2025-08-01 10:23:01 AM,24833.9,1275,31663222.5,46937429145.0
2025-08-01 10:23:02 AM,24831.0,0,0.0,46937429145.0
2025-08-01 10:23:02 AM,24830.1,0,0.0,46937429145.0
2025-08-01 10:23:02 AM,24830.1,225,5586772.5,46943015917.5
2025-08-01 10:23:03 AM,24833.9,0,0.0,46943015917.5
2025-08-01 10:23:04 AM,24833.9,225,5587627.5,46948603545.0
2025-08-01 10:23:04 AM,24830.1,0,0.0,46948603545.0
2025-08-01 10:23:05 AM,24830.0,0,0.0,46948603545.0
2025-08-01 10:23:05 AM,24828.0,0,0.0,46948603545.0
2025-08-01 10:23:06 AM,24830.0,975,24209250.0,46972812795.0
2025-08-01 10:23:06 AM,24825.6,0,0.0,46972812795.0
2025-08-01 10:23:07 AM,24825.6,375,9309600.0,46982122395.0
2025-08-01 10:23:08 AM,24825.3,0,0.0,46982122395.0
2025-08-01 10:23:08 AM,24831.8,0,0.0,46982122395.0
2025-08-01 10:23:09 AM,24825.6,975,24204960.0,47006327355.0
2025-08-01 10:23:09 AM,24829.6,0,0.0,47006327355.0
2025-08-01 10:23:10 AM,24825.0,0,0.0,47006327355.0
2025-08-01 10:23:11 AM,24825.0,525,13033125.0,47019360480.0
2025-08-01 10:23:12 AM,24829.2,0,0.0,47019360480.0
2025-08-01 10:23:12 AM,24829.2,75,1862190.0,47021222670.0
2025-08-01 10:23:14 AM,24830.0,0,0.0,47021222670.0
2025-08-01 10:23:15 AM,24829.6,0,0.0,47021222670.0
2025-08-01 10:23:16 AM,24829.6,150,3724440.0,47024947110.0
2025-08-01 10:23:16 AM,24828.6,75,1862145.0,47026809255.0
2025-08-01 10:23:17 AM,24825.0,0,0.0,47026809255.0
2025-08-01 10:23:17 AM,24825.0,300,7447500.0,47034256755.0
2025-08-01 10:23:17 AM,24824.5,0,0.0,47034256755.0
2025-08-01 10:23:17 AM,24824.5,375,9309187.5,47043565942.5
2025-08-01 10:23:18 AM,24822.0,0,0.0,47043565942.5
2025-08-01 10:23:18 AM,24821.0,0,0.0,47043565942.5
2025-08-01 10:23:19 AM,24821.0,975,24200475.0,47067766417.5
2025-08-01 10:23:20 AM,24823.3,0,0.0,47067766417.5
2025-08-01 10:23:21 AM,24823.3,450,11170485.0,47078936902.5
2025-08-01 10:23:22 AM,24820.1,0,0.0,47078936902.5
2025-08-01 10:23:22 AM,24820.1,75,1861507.5,47080798410.0
2025-08-01 10:23:23 AM,24820.3,0,0.0,47080798410.0
2025-08-01 10:23:23 AM,24823.9,0,0.0,47080798410.0
2025-08-01 10:23:24 AM,24823.9,225,5585377.5,47086383787.5
2025-08-01 10:23:24 AM,24821.7,75,1861627.5,47088245415.0
2025-08-01 10:23:25 AM,24827.6,0,0.0,47088245415.0
2025-08-01 10:23:26 AM,24820.8,375,9307800.0,47097553215.0
2025-08-01 10:23:27 AM,24821.4,0,0.0,47097553215.0
2025-08-01 10:23:27 AM,24821.4,300,7446420.0,47104999635.0
2025-08-01 10:23:28 AM,24822.6,0,0.0,47104999635.0
2025-08-01 10:23:29 AM,24822.5,225,5585062.5,47110584697.5
2025-08-01 10:23:29 AM,24824.0,0,0.0,47110584697.5
2025-08-01 10:23:31 AM,24824.0,75,1861800.0,47112446497.5
2025-08-01 10:23:32 AM,24822.4,0,0.0,47112446497.5
2025-08-01 10:23:32 AM,24822.2,0,0.0,47112446497.5
2025-08-01 10:23:32 AM,24821.4,0,0.0,47112446497.5
2025-08-01 10:23:32 AM,24821.3,450,11169585.0,47123616082.5
2025-08-01 10:23:33 AM,24825.0,0,0.0,47123616082.5
2025-08-01 10:23:34 AM,24822.6,375,9308475.0,47132924557.5
2025-08-01 10:23:36 AM,24823.8,0,0.0,47132924557.5
2025-08-01 10:23:37 AM,24823.8,75,1861785.0,47134786342.5
2025-08-01 10:23:38 AM,24824.0,0,0.0,47134786342.5
2025-08-01 10:23:38 AM,24828.6,0,0.0,47134786342.5
2025-08-01 10:23:39 AM,24829.6,600,14897760.0,47149684102.5
2025-08-01 10:23:42 AM,24824.1,0,0.0,47149684102.5
2025-08-01 10:23:42 AM,24824.1,150,3723615.0,47153407717.5
2025-08-01 10:23:45 AM,24829.0,0,0.0,47153407717.5
2025-08-01 10:23:46 AM,24829.0,75,1862175.0,47155269892.5
2025-08-01 10:23:47 AM,24822.8,0,0.0,47155269892.5
2025-08-01 10:23:47 AM,24824.5,225,5585512.5,47160855405.0
2025-08-01 10:23:53 AM,24830.8,0,0.0,47160855405.0
2025-08-01 10:23:54 AM,24830.8,750,18623100.0,47179478505.0
2025-08-01 10:23:56 AM,24825.0,0,0.0,47179478505.0
2025-08-01 10:23:56 AM,24825.0,75,1861875.0,47181340380.0
2025-08-01 10:23:58 AM,24831.0,0,0.0,47181340380.0
2025-08-01 10:23:58 AM,24831.3,0,0.0,47181340380.0
2025-08-01 10:23:59 AM,24824.5,225,5585512.5,47186925892.5
2025-08-01 10:24:00 AM,24824.8,0,0.0,47186925892.5
2025-08-01 10:24:01 AM,24825.4,225,5585715.0,47192511607.5
2025-08-01 10:24:01 AM,24831.5,0,0.0,47192511607.5
2025-08-01 10:24:02 AM,24825.3,0,0.0,47192511607.5
2025-08-01 10:24:02 AM,24830.7,450,11173815.0,47203685422.5
2025-08-01 10:24:07 AM,24830.0,0,0.0,47203685422.5
2025-08-01 10:24:07 AM,24830.0,225,5586750.0,47209272172.5
2025-08-01 10:24:09 AM,24833.0,0,0.0,47209272172.5
2025-08-01 10:24:09 AM,24833.0,75,1862475.0,47211134647.5
2025-08-01 10:24:09 AM,24832.1,75,1862407.5,47212997055.0
2025-08-01 10:24:13 AM,24833.9,0,0.0,47212997055.0
2025-08-01 10:24:14 AM,24833.9,75,1862542.5,47214859597.5
2025-08-01 10:24:15 AM,24830.7,0,0.0,47214859597.5
2025-08-01 10:24:16 AM,24830.7,300,7449210.0,47222308807.5
2025-08-01 10:24:17 AM,24828.0,0,0.0,47222308807.5
2025-08-01 10:24:17 AM,24827.6,0,0.0,47222308807.5
2025-08-01 10:24:17 AM,24827.6,750,18620700.0,47240929507.5
2025-08-01 10:24:18 AM,24830.7,0,0.0,47240929507.5
2025-08-01 10:24:19 AM,24832.3,225,5587267.5,47246516775.0
2025-08-01 10:24:20 AM,24828.1,0,0.0,47246516775.0
2025-08-01 10:24:21 AM,24828.1,150,3724215.0,47250240990.0
2025-08-01 10:24:21 AM,24833.9,0,0.0,47250240990.0
2025-08-01 10:24:22 AM,24833.9,300,7450170.0,47257691160.0
2025-08-01 10:24:27 AM,24830.7,0,0.0,47257691160.0
2025-08-01 10:24:27 AM,24833.0,0,0.0,47257691160.0
2025-08-01 10:24:27 AM,24834.3,0,0.0,47257691160.0
2025-08-01 10:24:27 AM,24834.3,450,11175435.0,47268866595.0
2025-08-01 10:24:28 AM,24834.5,0,0.0,47268866595.0
2025-08-01 10:24:29 AM,24834.5,75,1862587.5,47270729182.5
2025-08-01 10:24:30 AM,24832.6,0,0.0,47270729182.5
2025-08-01 10:24:31 AM,24832.6,75,1862445.0,47272591627.5
2025-08-01 10:24:32 AM,24830.7,0,0.0,47272591627.5
2025-08-01 10:24:32 AM,24830.7,225,5586907.5,47278178535.0
2025-08-01 10:24:34 AM,24830.7,75,1862302.5,47280040837.5
2025-08-01 10:24:36 AM,24833.6,0,0.0,47280040837.5
2025-08-01 10:24:36 AM,24833.6,600,14900160.0,47294940997.5
2025-08-01 10:24:36 AM,24832.6,0,0.0,47294940997.5
2025-08-01 10:24:37 AM,24830.7,0,0.0,47294940997.5
2025-08-01 10:24:37 AM,24830.7,150,3724605.0,47298665602.5
2025-08-01 10:24:38 AM,24830.6,0,0.0,47298665602.5
2025-08-01 10:24:39 AM,24830.6,1500,37245900.0,47335911502.5
2025-08-01 10:24:39 AM,24830.0,0,0.0,47335911502.5
2025-08-01 10:24:41 AM,24828.9,0,0.0,47335911502.5
2025-08-01 10:24:41 AM,24828.9,450,11173005.0,47347084507.5
2025-08-01 10:24:44 AM,24828.0,0,0.0,47347084507.5
2025-08-01 10:24:44 AM,24828.0,75,1862100.0,47348946607.5
2025-08-01 10:24:46 AM,24828.2,0,0.0,47348946607.5
2025-08-01 10:24:46 AM,24825.3,0,0.0,47348946607.5
2025-08-01 10:24:47 AM,24825.3,225,5585692.5,47354532300.0
2025-08-01 10:24:48 AM,24824.5,0,0.0,47354532300.0
2025-08-01 10:24:48 AM,24824.1,0,0.0,47354532300.0
2025-08-01 10:24:49 AM,24824.1,300,7447230.0,47361979530.0
2025-08-01 10:24:51 AM,24827.5,0,0.0,47361979530.0
2025-08-01 10:24:52 AM,24827.5,75,1862062.5,47363841592.5
2025-08-01 10:24:54 AM,24825.0,0,0.0,47363841592.5
2025-08-01 10:24:56 AM,24824.0,825,20479800.0,47384321392.5
2025-08-01 10:24:59 AM,24824.0,75,1861800.0,47386183192.5
2025-08-01 10:24:59 AM,24823.2,0,0.0,47386183192.5
2025-08-01 10:25:00 AM,24822.2,0,0.0,47386183192.5
2025-08-01 10:25:01 AM,24822.2,150,3723330.0,47389906522.5
2025-08-01 10:25:01 AM,24827.4,0,0.0,47389906522.5
2025-08-01 10:25:02 AM,24822.2,0,0.0,47389906522.5
2025-08-01 10:25:02 AM,24822.2,450,11169990.0,47401076512.5
2025-08-01 10:25:05 AM,24828.9,0,0.0,47401076512.5
2025-08-01 10:25:06 AM,24835.0,0,0.0,47401076512.5
2025-08-01 10:25:06 AM,24835.0,23175,575551125.0,47976627637.5
2025-08-01 10:25:06 AM,24835.0,75,1862625.0,47978490262.5
2025-08-01 10:25:07 AM,24828.3,0,0.0,47978490262.5
2025-08-01 10:25:07 AM,24828.3,5925,147107677.5,48125597940.0
2025-08-01 10:25:09 AM,24830.2,75,1862265.0,48127460205.0
2025-08-01 10:25:12 AM,24836.2,0,0.0,48127460205.0
2025-08-01 10:25:12 AM,24836.2,375,9313575.0,48136773780.0
2025-08-01 10:25:13 AM,24830.2,0,0.0,48136773780.0
2025-08-01 10:25:13 AM,24835.3,0,0.0,48136773780.0
2025-08-01 10:25:14 AM,24836.0,300,7450800.0,48144224580.0
2025-08-01 10:25:15 AM,24830.4,0,0.0,48144224580.0
2025-08-01 10:25:15 AM,24836.2,0,0.0,48144224580.0
2025-08-01 10:25:16 AM,24830.4,825,20485080.0,48164709660.0
2025-08-01 10:25:18 AM,24830.2,0,0.0,48164709660.0
2025-08-01 10:25:19 AM,24830.2,375,9311325.0,48174020985.0
2025-08-01 10:25:23 AM,24830.5,0,0.0,48174020985.0
2025-08-01 10:25:24 AM,24830.5,375,9311437.5,48183332422.5
2025-08-01 10:25:25 AM,24839.0,0,0.0,48183332422.5
2025-08-01 10:25:26 AM,24839.0,8175,203058825.0,48386391247.5
2025-08-01 10:25:27 AM,24836.0,0,0.0,48386391247.5
2025-08-01 10:25:27 AM,24836.0,75,1862700.0,48388253947.5
2025-08-01 10:25:31 AM,24837.4,75,1862805.0,48390116752.5
2025-08-01 10:25:33 AM,24834.0,0,0.0,48390116752.5
2025-08-01 10:25:34 AM,24834.0,300,7450200.0,48397566952.5
2025-08-01 10:25:35 AM,24837.3,0,0.0,48397566952.5
2025-08-01 10:25:36 AM,24837.3,75,1862797.5,48399429750.0
2025-08-01 10:25:38 AM,24838.0,0,0.0,48399429750.0
2025-08-01 10:25:39 AM,24838.0,150,3725700.0,48403155450.0
2025-08-01 10:25:42 AM,24836.0,0,0.0,48403155450.0
2025-08-01 10:25:42 AM,24836.0,75,1862700.0,48405018150.0
2025-08-01 10:25:43 AM,24837.4,0,0.0,48405018150.0
2025-08-01 10:25:44 AM,24837.4,75,1862805.0,48406880955.0
2025-08-01 10:25:46 AM,24837.4,75,1862805.0,48408743760.0
2025-08-01 10:25:46 AM,24836.4,0,0.0,48408743760.0
2025-08-01 10:25:47 AM,24836.0,225,5588100.0,48414331860.0
2025-08-01 10:25:48 AM,24837.4,0,0.0,48414331860.0
2025-08-01 10:25:49 AM,24837.4,750,18628050.0,48432959910.0
2025-08-01 10:25:51 AM,24837.4,75,1862805.0,48434822715.0
2025-08-01 10:25:53 AM,24836.6,0,0.0,48434822715.0
2025-08-01 10:25:54 AM,24836.6,75,1862745.0,48436685460.0
2025-08-01 10:25:55 AM,24837.4,0,0.0,48436685460.0
2025-08-01 10:25:56 AM,24837.4,150,3725610.0,48440411070.0
2025-08-01 10:26:00 AM,24836.6,0,0.0,48440411070.0
2025-08-01 10:26:01 AM,24834.5,225,5587762.5,48445998832.5
2025-08-01 10:26:02 AM,24832.7,0,0.0,48445998832.5
2025-08-01 10:26:02 AM,24837.0,225,5588325.0,48451587157.5
2025-08-01 10:26:04 AM,24837.0,75,1862775.0,48453449932.5
2025-08-01 10:26:05 AM,24836.9,0,0.0,48453449932.5
2025-08-01 10:26:06 AM,24837.0,450,11176650.0,48464626582.5
2025-08-01 10:26:06 AM,24832.7,0,0.0,48464626582.5
2025-08-01 10:26:07 AM,24832.7,75,1862452.5,48466489035.0
2025-08-01 10:26:10 AM,24835.9,0,0.0,48466489035.0
2025-08-01 10:26:11 AM,24835.9,75,1862692.5,48468351727.5
2025-08-01 10:26:12 AM,24831.0,75,1862325.0,48470214052.5
2025-08-01 10:26:13 AM,24830.1,0,0.0,48470214052.5
2025-08-01 10:26:14 AM,24830.0,0,0.0,48470214052.5
2025-08-01 10:26:14 AM,24830.0,675,16760250.0,48486974302.5
2025-08-01 10:26:16 AM,24830.0,75,1862250.0,48488836552.5
2025-08-01 10:26:17 AM,24832.3,0,0.0,48488836552.5
2025-08-01 10:26:17 AM,24832.3,600,14899380.0,48503735932.5
2025-08-01 10:26:17 AM,24830.0,225,5586750.0,48509322682.5
2025-08-01 10:26:18 AM,24831.3,0,0.0,48509322682.5
2025-08-01 10:26:19 AM,24831.3,225,5587042.5,48514909725.0
2025-08-01 10:26:19 AM,24827.0,75,1862025.0,48516771750.0
2025-08-01 10:26:19 AM,24832.2,0,0.0,48516771750.0
2025-08-01 10:26:20 AM,24830.0,0,0.0,48516771750.0
2025-08-01 10:26:21 AM,24830.0,225,5586750.0,48522358500.0
2025-08-01 10:26:21 AM,24831.0,75,1862325.0,48524220825.0
2025-08-01 10:26:22 AM,24833.4,0,0.0,48524220825.0
2025-08-01 10:26:22 AM,24833.4,150,3725010.0,48527945835.0
2025-08-01 10:26:25 AM,24837.0,0,0.0,48527945835.0
2025-08-01 10:26:26 AM,24833.0,0,0.0,48527945835.0
2025-08-01 10:26:26 AM,24833.0,600,14899800.0,48542845635.0
2025-08-01 10:26:26 AM,24831.6,0,0.0,48542845635.0
2025-08-01 10:26:27 AM,24831.6,150,3724740.0,48546570375.0
2025-08-01 10:26:28 AM,24833.0,0,0.0,48546570375.0
2025-08-01 10:26:29 AM,24831.4,300,7449420.0,48554019795.0
2025-08-01 10:26:29 AM,24831.7,0,0.0,48554019795.0
2025-08-01 10:26:30 AM,24830.1,0,0.0,48554019795.0
2025-08-01 10:26:31 AM,24830.1,225,5586772.5,48559606567.5
2025-08-01 10:26:31 AM,24833.0,0,0.0,48559606567.5
2025-08-01 10:26:31 AM,24831.6,0,0.0,48559606567.5
2025-08-01 10:26:32 AM,24832.0,0,0.0,48559606567.5
2025-08-01 10:26:32 AM,24833.0,600,14899800.0,48574506367.5
2025-08-01 10:26:41 AM,24830.1,75,1862257.5,48576368625.0
2025-08-01 10:26:42 AM,24833.0,0,0.0,48576368625.0
2025-08-01 10:26:42 AM,24833.0,75,1862475.0,48578231100.0
2025-08-01 10:26:43 AM,24830.1,0,0.0,48578231100.0
2025-08-01 10:26:43 AM,24833.0,0,0.0,48578231100.0
2025-08-01 10:26:44 AM,24833.0,150,3724950.0,48581956050.0
2025-08-01 10:26:46 AM,24833.0,150,3724950.0,48585681000.0
2025-08-01 10:26:46 AM,24830.1,0,0.0,48585681000.0
2025-08-01 10:26:47 AM,24833.0,0,0.0,48585681000.0
2025-08-01 10:26:47 AM,24833.0,375,9312375.0,48594993375.0
2025-08-01 10:26:47 AM,24830.1,0,0.0,48594993375.0
2025-08-01 10:26:49 AM,24830.1,225,5586772.5,48600580147.5
2025-08-01 10:26:49 AM,24833.0,0,0.0,48600580147.5
2025-08-01 10:26:51 AM,24833.0,225,5587425.0,48606167572.5
2025-08-01 10:26:53 AM,24830.0,0,0.0,48606167572.5
2025-08-01 10:26:54 AM,24830.0,975,24209250.0,48630376822.5
2025-08-01 10:26:54 AM,24830.7,0,0.0,48630376822.5
2025-08-01 10:26:55 AM,24833.0,0,0.0,48630376822.5
2025-08-01 10:26:55 AM,24833.0,300,7449900.0,48637826722.5
2025-08-01 10:26:56 AM,24830.7,75,1862302.5,48639689025.0
2025-08-01 10:26:56 AM,24831.0,0,0.0,48639689025.0
2025-08-01 10:26:57 AM,24830.7,0,0.0,48639689025.0
2025-08-01 10:26:57 AM,24830.7,150,3724605.0,48643413630.0
2025-08-01 10:26:59 AM,24830.0,0,0.0,48643413630.0
2025-08-01 10:26:59 AM,24830.0,75,1862250.0,48645275880.0
2025-08-01 10:27:00 AM,24830.1,0,0.0,48645275880.0
2025-08-01 10:27:00 AM,24830.1,225,5586772.5,48650862652.5
2025-08-01 10:27:02 AM,24830.7,0,0.0,48650862652.5
2025-08-01 10:27:02 AM,24833.0,0,0.0,48650862652.5
2025-08-01 10:27:02 AM,24833.0,750,18624750.0,48669487402.5
2025-08-01 10:27:05 AM,24835.0,0,0.0,48669487402.5
2025-08-01 10:27:05 AM,24835.0,525,13038375.0,48682525777.5
2025-08-01 10:27:07 AM,24830.7,0,0.0,48682525777.5
2025-08-01 10:27:07 AM,24830.7,75,1862302.5,48684388080.0
2025-08-01 10:27:08 AM,24833.0,0,0.0,48684388080.0
2025-08-01 10:27:09 AM,24833.0,75,1862475.0,48686250555.0
2025-08-01 10:27:10 AM,24833.0,75,1862475.0,48688113030.0
2025-08-01 10:27:13 AM,24835.0,0,0.0,48688113030.0
2025-08-01 10:27:14 AM,24835.0,150,3725250.0,48691838280.0
2025-08-01 10:27:15 AM,24833.0,0,0.0,48691838280.0
2025-08-01 10:27:16 AM,24833.0,75,1862475.0,48693700755.0
2025-08-01 10:27:17 AM,24833.0,225,5587425.0,48699288180.0
2025-08-01 10:27:19 AM,24835.0,0,0.0,48699288180.0
2025-08-01 10:27:19 AM,24835.0,150,3725250.0,48703013430.0
2025-08-01 10:27:19 AM,24833.0,0,0.0,48703013430.0
2025-08-01 10:27:20 AM,24833.0,75,1862475.0,48704875905.0
2025-08-01 10:27:21 AM,24835.0,0,0.0,48704875905.0
2025-08-01 10:27:22 AM,24835.0,375,9313125.0,48714189030.0
2025-08-01 10:27:23 AM,24833.0,0,0.0,48714189030.0
2025-08-01 10:27:24 AM,24833.0,75,1862475.0,48716051505.0
2025-08-01 10:27:24 AM,24833.3,75,1862497.5,48717914002.5
2025-08-01 10:27:24 AM,24833.0,0,0.0,48717914002.5
2025-08-01 10:27:25 AM,24833.0,150,3724950.0,48721638952.5
2025-08-01 10:27:26 AM,24834.0,0,0.0,48721638952.5
2025-08-01 10:27:27 AM,24834.0,75,1862550.0,48723501502.5
2025-08-01 10:27:28 AM,24835.0,0,0.0,48723501502.5
2025-08-01 10:27:28 AM,24833.3,0,0.0,48723501502.5
2025-08-01 10:27:29 AM,24833.3,600,14899980.0,48738401482.5
2025-08-01 10:27:29 AM,24837.0,0,0.0,48738401482.5
2025-08-01 10:27:30 AM,24837.0,75,1862775.0,48740264257.5
2025-08-01 10:27:32 AM,24833.5,0,0.0,48740264257.5
2025-08-01 10:27:32 AM,24833.5,150,3725025.0,48743989282.5
2025-08-01 10:27:35 AM,24834.0,0,0.0,48743989282.5
2025-08-01 10:27:35 AM,24834.0,300,7450200.0,48751439482.5
2025-08-01 10:27:36 AM,24835.0,0,0.0,48751439482.5
2025-08-01 10:27:36 AM,24834.0,0,0.0,48751439482.5
2025-08-01 10:27:36 AM,24833.5,0,0.0,48751439482.5
2025-08-01 10:27:37 AM,24834.0,375,9312750.0,48760752232.5
2025-08-01 10:27:39 AM,24834.0,150,3725100.0,48764477332.5
2025-08-01 10:27:40 AM,24833.5,0,0.0,48764477332.5
2025-08-01 10:27:40 AM,24833.5,75,1862512.5,48766339845.0
2025-08-01 10:27:41 AM,24834.0,0,0.0,48766339845.0
2025-08-01 10:27:42 AM,24834.0,150,3725100.0,48770064945.0
2025-08-01 10:27:43 AM,24834.0,75,1862550.0,48771927495.0
2025-08-01 10:27:45 AM,24833.7,0,0.0,48771927495.0
2025-08-01 10:27:45 AM,24833.7,75,1862527.5,48773790022.5
2025-08-01 10:27:47 AM,24833.8,3900,96851820.0,48870641842.5
2025-08-01 10:27:48 AM,24834.2,0,0.0,48870641842.5
2025-08-01 10:27:48 AM,24839.9,0,0.0,48870641842.5
2025-08-01 10:27:48 AM,24839.9,150,3725985.0,48874367827.5
2025-08-01 10:27:50 AM,24840.0,0,0.0,48874367827.5
2025-08-01 10:27:51 AM,24834.6,0,0.0,48874367827.5
2025-08-01 10:27:52 AM,24834.6,525,13038165.0,48887405992.5
2025-08-01 10:27:56 AM,24835.1,0,0.0,48887405992.5
2025-08-01 10:27:56 AM,24835.1,150,3725265.0,48891131257.5
2025-08-01 10:27:58 AM,24839.7,0,0.0,48891131257.5
2025-08-01 10:27:59 AM,24839.9,0,0.0,48891131257.5
2025-08-01 10:28:00 AM,24839.9,150,3725985.0,48894857242.5
2025-08-01 10:28:01 AM,24836.4,0,0.0,48894857242.5
2025-08-01 10:28:01 AM,24836.4,300,7450920.0,48902308162.5
2025-08-01 10:28:02 AM,24836.1,0,0.0,48902308162.5
2025-08-01 10:28:03 AM,24836.1,150,3725415.0,48906033577.5
2025-08-01 10:28:06 AM,24839.2,0,0.0,48906033577.5
2025-08-01 10:28:06 AM,24839.2,75,1862940.0,48907896517.5
2025-08-01 10:28:08 AM,24836.1,0,0.0,48907896517.5
2025-08-01 10:28:10 AM,24836.1,75,1862707.5,48909759225.0
2025-08-01 10:28:10 AM,24838.8,0,0.0,48909759225.0
2025-08-01 10:28:11 AM,24836.1,0,0.0,48909759225.0
2025-08-01 10:28:11 AM,24836.1,150,3725415.0,48913484640.0
2025-08-01 10:28:13 AM,24838.8,0,0.0,48913484640.0
2025-08-01 10:28:13 AM,24838.8,75,1862910.0,48915347550.0
2025-08-01 10:28:14 AM,24836.1,0,0.0,48915347550.0
2025-08-01 10:28:14 AM,24836.1,75,1862707.5,48917210257.5
2025-08-01 10:28:16 AM,24837.0,0,0.0,48917210257.5
2025-08-01 10:28:16 AM,24837.0,75,1862775.0,48919073032.5
2025-08-01 10:28:18 AM,24837.0,1050,26078850.0,48945151882.5
2025-08-01 10:28:18 AM,24838.0,0,0.0,48945151882.5
2025-08-01 10:28:19 AM,24838.0,75,1862850.0,48947014732.5
2025-08-01 10:28:20 AM,24839.2,825,20492340.0,48967507072.5
2025-08-01 10:28:20 AM,24838.4,0,0.0,48967507072.5
2025-08-01 10:28:20 AM,24836.0,0,0.0,48967507072.5
2025-08-01 10:28:21 AM,24836.0,675,16764300.0,48984271372.5
2025-08-01 10:28:23 AM,24837.2,0,0.0,48984271372.5
2025-08-01 10:28:24 AM,24836.0,0,0.0,48984271372.5
2025-08-01 10:28:24 AM,24835.0,825,20488875.0,49004760247.5
2025-08-01 10:28:26 AM,24835.9,0,0.0,49004760247.5
2025-08-01 10:28:26 AM,24835.9,150,3725385.0,49008485632.5
2025-08-01 10:28:26 AM,24834.0,0,0.0,49008485632.5
2025-08-01 10:28:27 AM,24834.8,0,0.0,49008485632.5
2025-08-01 10:28:28 AM,24831.0,525,13036275.0,49021521907.5
2025-08-01 10:28:28 AM,24834.1,0,0.0,49021521907.5
2025-08-01 10:28:29 AM,24834.1,75,1862557.5,49023384465.0
2025-08-01 10:28:30 AM,24831.0,375,9311625.0,49032696090.0
2025-08-01 10:28:30 AM,24834.0,0,0.0,49032696090.0
2025-08-01 10:28:31 AM,24833.5,525,13037587.5,49045733677.5
2025-08-01 10:28:31 AM,24833.4,0,0.0,49045733677.5
2025-08-01 10:28:32 AM,24831.0,0,0.0,49045733677.5
2025-08-01 10:28:32 AM,24831.5,0,0.0,49045733677.5
2025-08-01 10:28:33 AM,24831.5,450,11174175.0,49056907852.5
2025-08-01 10:28:34 AM,24831.0,0,0.0,49056907852.5
2025-08-01 10:28:34 AM,24831.0,225,5586975.0,49062494827.5
2025-08-01 10:28:36 AM,24831.0,525,13036275.0,49075531102.5
2025-08-01 10:28:38 AM,24831.0,150,3724650.0,49079255752.5
2025-08-01 10:28:38 AM,24831.0,300,7449300.0,49086705052.5
2025-08-01 10:28:39 AM,24830.0,0,0.0,49086705052.5
2025-08-01 10:28:39 AM,24830.0,4275,106148250.0,49192853302.5
2025-08-01 10:28:40 AM,24829.4,0,0.0,49192853302.5
2025-08-01 10:28:41 AM,24829.4,1425,35381895.0,49228235197.5
2025-08-01 10:28:44 AM,24827.0,300,7448100.0,49235683297.5
2025-08-01 10:28:48 AM,24827.0,150,3724050.0,49239407347.5
2025-08-01 10:28:51 AM,24827.0,75,1862025.0,49241269372.5
2025-08-01 10:28:53 AM,24827.0,75,1862025.0,49243131397.5
2025-08-01 10:28:58 AM,24827.0,75,1862025.0,49244993422.5
2025-08-01 10:28:59 AM,24826.4,0,0.0,49244993422.5
2025-08-01 10:28:59 AM,24826.4,225,5585940.0,49250579362.5
2025-08-01 10:29:00 AM,24829.4,0,0.0,49250579362.5
2025-08-01 10:29:01 AM,24827.0,0,0.0,49250579362.5
2025-08-01 10:29:01 AM,24827.0,225,5586075.0,49256165437.5
2025-08-01 10:29:03 AM,24827.0,150,3724050.0,49259889487.5
2025-08-01 10:29:04 AM,24829.4,75,1862205.0,49261751692.5
2025-08-01 10:29:05 AM,24829.4,75,1862205.0,49263613897.5
2025-08-01 10:29:10 AM,24830.0,0,0.0,49263613897.5
2025-08-01 10:29:11 AM,24831.0,600,14898600.0,49278512497.5
2025-08-01 10:29:13 AM,24830.0,0,0.0,49278512497.5
2025-08-01 10:29:13 AM,24830.0,75,1862250.0,49280374747.5
2025-08-01 10:29:14 AM,24834.0,0,0.0,49280374747.5
2025-08-01 10:29:14 AM,24834.0,225,5587650.0,49285962397.5
2025-08-01 10:29:17 AM,24829.9,0,0.0,49285962397.5
2025-08-01 10:29:18 AM,24830.0,450,11173500.0,49297135897.5
2025-08-01 10:29:19 AM,24830.0,75,1862250.0,49298998147.5
2025-08-01 10:29:19 AM,24832.0,75,1862400.0,49300860547.5
2025-08-01 10:29:22 AM,24833.4,0,0.0,49300860547.5
2025-08-01 10:29:23 AM,24829.9,0,0.0,49300860547.5
2025-08-01 10:29:23 AM,24829.9,225,5586727.5,49306447275.0
2025-08-01 10:29:24 AM,24829.9,75,1862242.5,49308309517.5
2025-08-01 10:29:26 AM,24834.0,0,0.0,49308309517.5
2025-08-01 10:29:26 AM,24834.9,300,7450470.0,49315759987.5
2025-08-01 10:29:29 AM,24832.0,0,0.0,49315759987.5
2025-08-01 10:29:29 AM,24832.0,75,1862400.0,49317622387.5
2025-08-01 10:29:31 AM,24832.0,75,1862400.0,49319484787.5
2025-08-01 10:29:32 AM,24832.2,0,0.0,49319484787.5
2025-08-01 10:29:33 AM,24832.2,150,3724830.0,49323209617.5
2025-08-01 10:29:34 AM,24834.7,0,0.0,49323209617.5
2025-08-01 10:29:34 AM,24834.7,75,1862602.5,49325072220.0
2025-08-01 10:29:36 AM,24834.0,0,0.0,49325072220.0
2025-08-01 10:29:36 AM,24834.0,75,1862550.0,49326934770.0
2025-08-01 10:29:37 AM,24835.0,0,0.0,49326934770.0
2025-08-01 10:29:37 AM,24834.0,0,0.0,49326934770.0
2025-08-01 10:29:38 AM,24834.0,525,13037850.0,49339972620.0
2025-08-01 10:29:40 AM,24835.0,0,0.0,49339972620.0
2025-08-01 10:29:41 AM,24835.0,150,3725250.0,49343697870.0
2025-08-01 10:29:47 AM,24832.1,0,0.0,49343697870.0
2025-08-01 10:29:48 AM,24835.0,300,7450500.0,49351148370.0
2025-08-01 10:29:49 AM,24835.0,75,1862625.0,49353010995.0
2025-08-01 10:29:54 AM,24835.0,75,1862625.0,49354873620.0
2025-08-01 10:29:56 AM,24835.0,150,3725250.0,49358598870.0
2025-08-01 10:29:59 AM,24835.0,75,1862625.0,49360461495.0
2025-08-01 10:30:00 AM,24832.0,0,0.0,49360461495.0
2025-08-01 10:30:00 AM,24835.0,0,0.0,49360461495.0
2025-08-01 10:30:01 AM,24835.0,150,3725250.0,49364186745.0
2025-08-01 10:30:02 AM,24832.0,0,0.0,49364186745.0
2025-08-01 10:30:02 AM,24835.0,0,0.0,49364186745.0
2025-08-01 10:30:03 AM,24835.0,375,9313125.0,49373499870.0
2025-08-01 10:30:06 AM,24835.2,450,11175840.0,49384675710.0
2025-08-01 10:30:06 AM,24835.8,75,1862685.0,49386538395.0
2025-08-01 10:30:06 AM,24837.0,0,0.0,49386538395.0
2025-08-01 10:30:07 AM,24836.3,0,0.0,49386538395.0
2025-08-01 10:30:08 AM,24836.3,750,18627225.0,49405165620.0
2025-08-01 10:30:08 AM,24835.6,0,0.0,49405165620.0
2025-08-01 10:30:09 AM,24835.6,75,1862670.0,49407028290.0
2025-08-01 10:30:10 AM,24835.5,0,0.0,49407028290.0
2025-08-01 10:30:10 AM,24838.0,0,0.0,49407028290.0
2025-08-01 10:30:11 AM,24838.0,300,7451400.0,49414479690.0
2025-08-01 10:30:13 AM,24839.0,0,0.0,49414479690.0
2025-08-01 10:30:14 AM,24835.3,0,0.0,49414479690.0
2025-08-01 10:30:14 AM,24835.3,225,5587942.5,49420067632.5
2025-08-01 10:30:16 AM,24839.0,0,0.0,49420067632.5
2025-08-01 10:30:16 AM,24839.0,75,1862925.0,49421930557.5
2025-08-01 10:30:17 AM,24836.7,0,0.0,49421930557.5
2025-08-01 10:30:17 AM,24839.9,0,0.0,49421930557.5
2025-08-01 10:30:18 AM,24836.1,0,0.0,49421930557.5
2025-08-01 10:30:18 AM,24836.1,375,9313537.5,49431244095.0
2025-08-01 10:30:22 AM,24840.0,0,0.0,49431244095.0
2025-08-01 10:30:23 AM,24840.0,150,3726000.0,49434970095.0
2025-08-01 10:30:26 AM,24840.0,225,5589000.0,49440559095.0
2025-08-01 10:30:26 AM,24839.0,0,0.0,49440559095.0
2025-08-01 10:30:28 AM,24839.0,150,3725850.0,49444284945.0
2025-08-01 10:30:29 AM,24840.0,0,0.0,49444284945.0
2025-08-01 10:30:29 AM,24840.0,75,1863000.0,49446147945.0
2025-08-01 10:30:32 AM,24839.0,0,0.0,49446147945.0
2025-08-01 10:30:33 AM,24839.0,225,5588775.0,49451736720.0
2025-08-01 10:30:34 AM,24839.0,75,1862925.0,49453599645.0
2025-08-01 10:30:35 AM,24840.1,0,0.0,49453599645.0
2025-08-01 10:30:36 AM,24840.1,75,1863007.5,49455462652.5
2025-08-01 10:30:37 AM,24837.0,0,0.0,49455462652.5
2025-08-01 10:30:37 AM,24839.5,0,0.0,49455462652.5
2025-08-01 10:30:37 AM,24839.5,150,3725925.0,49459188577.5
2025-08-01 10:30:38 AM,24837.1,0,0.0,49459188577.5
2025-08-01 10:30:39 AM,24837.1,150,3725565.0,49462914142.5
2025-08-01 10:30:40 AM,24836.1,0,0.0,49462914142.5
2025-08-01 10:30:41 AM,24836.1,300,7450830.0,49470364972.5
2025-08-01 10:30:41 AM,24836.1,225,5588122.5,49475953095.0
2025-08-01 10:30:42 AM,24837.1,0,0.0,49475953095.0
2025-08-01 10:30:42 AM,24837.1,450,11176695.0,49487129790.0
2025-08-01 10:30:43 AM,24836.1,0,0.0,49487129790.0
2025-08-01 10:30:44 AM,24836.1,75,1862707.5,49488992497.5
2025-08-01 10:30:44 AM,24837.4,75,1862805.0,49490855302.5
2025-08-01 10:30:47 AM,24836.1,0,0.0,49490855302.5
2025-08-01 10:30:47 AM,24836.1,225,5588122.5,49496443425.0
2025-08-01 10:30:48 AM,24838.6,0,0.0,49496443425.0
2025-08-01 10:30:48 AM,24837.4,0,0.0,49496443425.0
2025-08-01 10:30:49 AM,24837.4,375,9314025.0,49505757450.0
2025-08-01 10:30:51 AM,24835.6,0,0.0,49505757450.0
2025-08-01 10:30:51 AM,24835.6,75,1862670.0,49507620120.0
2025-08-01 10:30:51 AM,24835.3,0,0.0,49507620120.0
2025-08-01 10:30:52 AM,24836.5,0,0.0,49507620120.0
2025-08-01 10:30:52 AM,24833.3,600,14899980.0,49522520100.0
2025-08-01 10:30:53 AM,24835.0,0,0.0,49522520100.0
2025-08-01 10:30:54 AM,24835.0,300,7450500.0,49529970600.0
2025-08-01 10:30:54 AM,24835.0,75,1862625.0,49531833225.0
2025-08-01 10:30:54 AM,24834.7,0,0.0,49531833225.0
2025-08-01 10:30:56 AM,24834.7,75,1862602.5,49533695827.5
2025-08-01 10:30:56 AM,24830.5,0,0.0,49533695827.5
2025-08-01 10:30:56 AM,24829.0,0,0.0,49533695827.5
2025-08-01 10:30:57 AM,24829.0,1125,27932625.0,49561628452.5
2025-08-01 10:30:58 AM,24828.4,0,0.0,49561628452.5
2025-08-01 10:30:59 AM,24827.0,225,5586075.0,49567214527.5
2025-08-01 10:30:59 AM,24829.4,0,0.0,49567214527.5
2025-08-01 10:31:00 AM,24831.1,0,0.0,49567214527.5
2025-08-01 10:31:01 AM,24831.1,225,5586997.5,49572801525.0
2025-08-01 10:31:02 AM,24827.0,0,0.0,49572801525.0
2025-08-01 10:31:02 AM,24827.0,150,3724050.0,49576525575.0
2025-08-01 10:31:09 AM,24829.4,0,0.0,49576525575.0
2025-08-01 10:31:09 AM,24829.4,75,1862205.0,49578387780.0
2025-08-01 10:31:10 AM,24829.6,0,0.0,49578387780.0
2025-08-01 10:31:10 AM,24830.6,0,0.0,49578387780.0
2025-08-01 10:31:11 AM,24830.6,150,3724590.0,49582112370.0
2025-08-01 10:31:11 AM,24830.6,75,1862295.0,49583974665.0
2025-08-01 10:31:11 AM,24835.0,0,0.0,49583974665.0
2025-08-01 10:31:12 AM,24835.0,225,5587875.0,49589562540.0
2025-08-01 10:31:14 AM,24834.0,0,0.0,49589562540.0
2025-08-01 10:31:14 AM,24834.0,75,1862550.0,49591425090.0
2025-08-01 10:31:16 AM,24835.0,0,0.0,49591425090.0
2025-08-01 10:31:16 AM,24835.0,75,1862625.0,49593287715.0
2025-08-01 10:31:17 AM,24832.8,0,0.0,49593287715.0
2025-08-01 10:31:17 AM,24835.0,0,0.0,49593287715.0
2025-08-01 10:31:17 AM,24835.0,300,7450500.0,49600738215.0
2025-08-01 10:31:18 AM,24832.8,0,0.0,49600738215.0
2025-08-01 10:31:19 AM,24832.8,75,1862460.0,49602600675.0
2025-08-01 10:31:20 AM,24835.0,0,0.0,49602600675.0
2025-08-01 10:31:21 AM,24835.0,75,1862625.0,49604463300.0
2025-08-01 10:31:22 AM,24832.8,0,0.0,49604463300.0
2025-08-01 10:31:22 AM,24834.0,0,0.0,49604463300.0
2025-08-01 10:31:22 AM,24834.0,525,13037850.0,49617501150.0
2025-08-01 10:31:26 AM,24834.0,75,1862550.0,49619363700.0
2025-08-01 10:31:27 AM,24834.0,75,1862550.0,49621226250.0
2025-08-01 10:31:29 AM,24834.0,150,3725100.0,49624951350.0
2025-08-01 10:31:30 AM,24831.2,0,0.0,49624951350.0
2025-08-01 10:31:31 AM,24831.2,75,1862340.0,49626813690.0
2025-08-01 10:31:32 AM,24831.2,225,5587020.0,49632400710.0
2025-08-01 10:31:32 AM,24834.0,75,1862550.0,49634263260.0
2025-08-01 10:31:34 AM,24834.0,75,1862550.0,49636125810.0
2025-08-01 10:31:36 AM,24834.0,75,1862550.0,49637988360.0
2025-08-01 10:31:36 AM,24832.2,0,0.0,49637988360.0
2025-08-01 10:31:37 AM,24832.2,75,1862415.0,49639850775.0
2025-08-01 10:31:37 AM,24831.8,0,0.0,49639850775.0
2025-08-01 10:31:37 AM,24831.8,75,1862385.0,49641713160.0
2025-08-01 10:31:39 AM,24834.0,0,0.0,49641713160.0
2025-08-01 10:31:39 AM,24834.0,225,5587650.0,49647300810.0
2025-08-01 10:31:40 AM,24832.6,0,0.0,49647300810.0
2025-08-01 10:31:40 AM,24834.0,0,0.0,49647300810.0
2025-08-01 10:31:41 AM,24834.0,375,9312750.0,49656613560.0
2025-08-01 10:31:42 AM,24832.7,375,9312262.5,49665925822.5
2025-08-01 10:31:42 AM,24832.9,0,0.0,49665925822.5
2025-08-01 10:31:42 AM,24832.9,225,5587402.5,49671513225.0
2025-08-01 10:31:43 AM,24834.0,0,0.0,49671513225.0
2025-08-01 10:31:44 AM,24834.0,300,7450200.0,49678963425.0
2025-08-01 10:31:45 AM,24835.0,0,0.0,49678963425.0
2025-08-01 10:31:46 AM,24835.0,525,13038375.0,49692001800.0
2025-08-01 10:31:46 AM,24835.4,0,0.0,49692001800.0
2025-08-01 10:31:47 AM,24835.6,225,5588010.0,49697589810.0
2025-08-01 10:31:48 AM,24836.0,0,0.0,49697589810.0
2025-08-01 10:31:49 AM,24836.0,75,1862700.0,49699452510.0
2025-08-01 10:31:49 AM,24838.0,0,0.0,49699452510.0
2025-08-01 10:31:50 AM,24838.6,0,0.0,49699452510.0
2025-08-01 10:31:51 AM,24838.6,150,3725790.0,49703178300.0
2025-08-01 10:31:52 AM,24840.0,0,0.0,49703178300.0
2025-08-01 10:31:52 AM,24840.0,225,5589000.0,49708767300.0
2025-08-01 10:31:54 AM,24841.0,0,0.0,49708767300.0
2025-08-01 10:31:56 AM,24843.0,900,22358700.0,49731126000.0
2025-08-01 10:31:57 AM,24843.0,300,7452900.0,49738578900.0
2025-08-01 10:31:59 AM,24843.0,150,3726450.0,49742305350.0
2025-08-01 10:32:00 AM,24844.0,0,0.0,49742305350.0
2025-08-01 10:32:00 AM,24844.0,75,1863300.0,49744168650.0
2025-08-01 10:32:01 AM,24844.1,0,0.0,49744168650.0
2025-08-01 10:32:02 AM,24840.0,0,0.0,49744168650.0
2025-08-01 10:32:02 AM,24840.0,450,11178000.0,49755346650.0
2025-08-01 10:32:02 AM,24843.0,300,7452900.0,49762799550.0
2025-08-01 10:32:04 AM,24843.9,450,11179755.0,49773979305.0
2025-08-01 10:32:06 AM,24844.9,150,3726735.0,49777706040.0
2025-08-01 10:32:09 AM,24844.9,75,1863367.5,49779569407.5
2025-08-01 10:32:10 AM,24844.9,225,5590102.5,49785159510.0
2025-08-01 10:32:11 AM,24844.9,75,1863367.5,49787022877.5
2025-08-01 10:32:12 AM,24844.9,75,1863367.5,49788886245.0
2025-08-01 10:32:12 AM,24844.9,75,1863367.5,49790749612.5
2025-08-01 10:32:13 AM,24845.0,0,0.0,49790749612.5
2025-08-01 10:32:14 AM,24845.0,450,11180250.0,49801929862.5
2025-08-01 10:32:15 AM,24847.0,0,0.0,49801929862.5
2025-08-01 10:32:15 AM,24849.0,0,0.0,49801929862.5
2025-08-01 10:32:15 AM,24849.0,3225,80138025.0,49882067887.5
2025-08-01 10:32:17 AM,24847.5,0,0.0,49882067887.5
2025-08-01 10:32:17 AM,24847.5,375,9317812.5,49891385700.0
2025-08-01 10:32:17 AM,24847.2,150,3727080.0,49895112780.0
2025-08-01 10:32:18 AM,24849.0,0,0.0,49895112780.0
2025-08-01 10:32:19 AM,24849.0,525,13045725.0,49908158505.0
2025-08-01 10:32:19 AM,24849.1,0,0.0,49908158505.0
2025-08-01 10:32:20 AM,24849.1,375,9318412.5,49917476917.5
2025-08-01 10:32:21 AM,24848.0,0,0.0,49917476917.5
2025-08-01 10:32:22 AM,24849.0,450,11182050.0,49928658967.5
2025-08-01 10:32:23 AM,24849.1,0,0.0,49928658967.5
2025-08-01 10:32:24 AM,24849.1,75,1863682.5,49930522650.0
2025-08-01 10:32:26 AM,24849.1,525,13045777.5,49943568427.5
2025-08-01 10:32:26 AM,24850.0,0,0.0,49943568427.5
2025-08-01 10:32:27 AM,24850.0,2700,67095000.0,50010663427.5
2025-08-01 10:32:29 AM,24850.0,300,7455000.0,50018118427.5
2025-08-01 10:32:29 AM,24849.0,0,0.0,50018118427.5
2025-08-01 10:32:30 AM,24850.0,0,0.0,50018118427.5
2025-08-01 10:32:31 AM,24850.0,150,3727500.0,50021845927.5
2025-08-01 10:32:32 AM,24849.2,0,0.0,50021845927.5
2025-08-01 10:32:32 AM,24849.2,225,5591070.0,50027436997.5
2025-08-01 10:32:33 AM,24850.0,0,0.0,50027436997.5
2025-08-01 10:32:34 AM,24850.0,225,5591250.0,50033028247.5
2025-08-01 10:32:34 AM,24849.9,0,0.0,50033028247.5
2025-08-01 10:32:35 AM,24849.1,0,0.0,50033028247.5
2025-08-01 10:32:35 AM,24849.2,0,0.0,50033028247.5
2025-08-01 10:32:36 AM,24849.2,900,22364280.0,50055392527.5
2025-08-01 10:32:36 AM,24849.0,0,0.0,50055392527.5
2025-08-01 10:32:37 AM,24849.2,1650,41001180.0,50096393707.5
2025-08-01 10:32:40 AM,24849.1,0,0.0,50096393707.5
2025-08-01 10:32:40 AM,24849.0,0,0.0,50096393707.5
2025-08-01 10:32:41 AM,24849.0,375,9318375.0,50105712082.5
2025-08-01 10:32:42 AM,24849.0,75,1863675.0,50107575757.5
2025-08-01 10:32:42 AM,24850.0,0,0.0,50107575757.5
2025-08-01 10:32:44 AM,24845.9,0,0.0,50107575757.5
2025-08-01 10:32:44 AM,24845.9,975,24224752.5,50131800510.0
2025-08-01 10:32:45 AM,24849.0,0,0.0,50131800510.0
2025-08-01 10:32:45 AM,24849.9,0,0.0,50131800510.0
2025-08-01 10:32:46 AM,24849.9,225,5591227.5,50137391737.5
2025-08-01 10:32:46 AM,24850.0,0,0.0,50137391737.5
2025-08-01 10:32:47 AM,24850.0,1275,31683750.0,50169075487.5
2025-08-01 10:32:49 AM,24850.0,300,7455000.0,50176530487.5
2025-08-01 10:32:51 AM,24850.0,375,9318750.0,50185849237.5
2025-08-01 10:32:52 AM,24845.0,0,0.0,50185849237.5
2025-08-01 10:32:52 AM,24845.0,150,3726750.0,50189575987.5
2025-08-01 10:32:53 AM,24849.8,0,0.0,50189575987.5
2025-08-01 10:32:53 AM,24849.6,0,0.0,50189575987.5
2025-08-01 10:32:54 AM,24849.9,525,13046197.5,50202622185.0
2025-08-01 10:32:59 AM,24850.0,75,1863750.0,50204485935.0
2025-08-01 10:32:59 AM,24849.9,0,0.0,50204485935.0
2025-08-01 10:33:00 AM,24850.0,0,0.0,50204485935.0
2025-08-01 10:33:01 AM,24850.0,225,5591250.0,50210077185.0
2025-08-01 10:33:02 AM,24848.8,525,13045620.0,50223122805.0
2025-08-01 10:33:03 AM,24849.9,0,0.0,50223122805.0
2025-08-01 10:33:04 AM,24850.0,525,13046250.0,50236169055.0
2025-08-01 10:33:06 AM,24850.0,375,9318750.0,50245487805.0
2025-08-01 10:33:06 AM,24850.0,375,9318750.0,50254806555.0
2025-08-01 10:33:07 AM,24849.9,0,0.0,50254806555.0
2025-08-01 10:33:07 AM,24849.9,1650,41002335.0,50295808890.0
2025-08-01 10:33:08 AM,24850.0,0,0.0,50295808890.0
2025-08-01 10:33:09 AM,24850.0,600,14910000.0,50310718890.0
2025-08-01 10:33:11 AM,24850.0,525,13046250.0,50323765140.0
2025-08-01 10:33:12 AM,24845.0,600,14907000.0,50338672140.0
2025-08-01 10:33:13 AM,24848.1,0,0.0,50338672140.0
2025-08-01 10:33:14 AM,24848.7,225,5590957.5,50344263097.5
2025-08-01 10:33:16 AM,24849.6,0,0.0,50344263097.5
2025-08-01 10:33:16 AM,24849.6,225,5591160.0,50349854257.5
2025-08-01 10:33:16 AM,24845.0,0,0.0,50349854257.5
2025-08-01 10:33:17 AM,24845.0,225,5590125.0,50355444382.5
2025-08-01 10:33:18 AM,24848.0,0,0.0,50355444382.5
2025-08-01 10:33:19 AM,24848.0,75,1863600.0,50357307982.5
2025-08-01 10:33:21 AM,24848.0,75,1863600.0,50359171582.5
2025-08-01 10:33:21 AM,24849.9,300,7454970.0,50366626552.5
2025-08-01 10:33:21 AM,24848.0,0,0.0,50366626552.5
2025-08-01 10:33:22 AM,24845.1,0,0.0,50366626552.5
2025-08-01 10:33:22 AM,24845.0,675,16770375.0,50383396927.5
2025-08-01 10:33:23 AM,24850.0,0,0.0,50383396927.5
2025-08-01 10:33:24 AM,24850.0,900,22365000.0,50405761927.5
2025-08-01 10:33:25 AM,24845.0,0,0.0,50405761927.5
2025-08-01 10:33:26 AM,24845.0,675,16770375.0,50422532302.5
2025-08-01 10:33:27 AM,24845.0,75,1863375.0,50424395677.5
2025-08-01 10:33:29 AM,24845.0,75,1863375.0,50426259052.5
2025-08-01 10:33:32 AM,24845.0,225,5590125.0,50431849177.5
2025-08-01 10:33:33 AM,24850.0,0,0.0,50431849177.5
2025-08-01 10:33:33 AM,24849.9,0,0.0,50431849177.5
2025-08-01 10:33:34 AM,24845.0,2325,57764625.0,50489613802.5
2025-08-01 10:33:35 AM,24847.7,0,0.0,50489613802.5
2025-08-01 10:33:36 AM,24847.7,75,1863577.5,50491477380.0
2025-08-01 10:33:36 AM,24844.0,0,0.0,50491477380.0
2025-08-01 10:33:37 AM,24844.0,600,14906400.0,50506383780.0
2025-08-01 10:33:37 AM,24850.0,0,0.0,50506383780.0
2025-08-01 10:33:37 AM,24850.0,75,1863750.0,50508247530.0
2025-08-01 10:33:38 AM,24845.0,0,0.0,50508247530.0
2025-08-01 10:33:39 AM,24845.0,75,1863375.0,50510110905.0
2025-08-01 10:33:41 AM,24848.2,0,0.0,50510110905.0
2025-08-01 10:33:42 AM,24843.1,0,0.0,50510110905.0
2025-08-01 10:33:42 AM,24843.1,525,13042627.5,50523153532.5
2025-08-01 10:33:45 AM,24845.9,0,0.0,50523153532.5
2025-08-01 10:33:45 AM,24842.0,0,0.0,50523153532.5
2025-08-01 10:33:46 AM,24842.0,525,13042050.0,50536195582.5
2025-08-01 10:33:47 AM,24841.5,0,0.0,50536195582.5
2025-08-01 10:33:47 AM,24842.3,300,7452690.0,50543648272.5
2025-08-01 10:33:51 AM,24847.0,0,0.0,50543648272.5
2025-08-01 10:33:52 AM,24847.0,150,3727050.0,50547375322.5
2025-08-01 10:33:54 AM,24847.0,225,5590575.0,50552965897.5
2025-08-01 10:33:56 AM,24847.0,150,3727050.0,50556692947.5
2025-08-01 10:33:57 AM,24847.0,300,7454100.0,50564147047.5
2025-08-01 10:33:58 AM,24849.0,0,0.0,50564147047.5
2025-08-01 10:33:58 AM,24850.0,0,0.0,50564147047.5
2025-08-01 10:33:58 AM,24849.1,0,0.0,50564147047.5
2025-08-01 10:33:59 AM,24848.3,1125,27954337.5,50592101385.0
2025-08-01 10:33:59 AM,24848.3,150,3727245.0,50595828630.0
2025-08-01 10:34:00 AM,24850.0,0,0.0,50595828630.0
2025-08-01 10:34:01 AM,24850.0,150,3727500.0,50599556130.0
2025-08-01 10:34:01 AM,24849.0,0,0.0,50599556130.0
2025-08-01 10:34:02 AM,24849.0,225,5591025.0,50605147155.0
2025-08-01 10:34:07 AM,24847.0,0,0.0,50605147155.0
2025-08-01 10:34:07 AM,24847.0,150,3727050.0,50608874205.0
2025-08-01 10:34:08 AM,24849.0,0,0.0,50608874205.0
2025-08-01 10:34:09 AM,24849.0,75,1863675.0,50610737880.0
2025-08-01 10:34:11 AM,24849.0,75,1863675.0,50612601555.0
2025-08-01 10:34:11 AM,24847.9,0,0.0,50612601555.0
2025-08-01 10:34:12 AM,24849.0,0,0.0,50612601555.0
2025-08-01 10:34:12 AM,24849.0,375,9318375.0,50621919930.0
2025-08-01 10:34:12 AM,24850.0,75,1863750.0,50623783680.0
2025-08-01 10:34:14 AM,24850.0,3600,89460000.0,50713243680.0
2025-08-01 10:34:15 AM,24850.2,0,0.0,50713243680.0
2025-08-01 10:34:16 AM,24850.2,150,3727530.0,50716971210.0
2025-08-01 10:34:16 AM,24850.0,75,1863750.0,50718834960.0
2025-08-01 10:34:17 AM,24848.9,375,9318337.5,50728153297.5
2025-08-01 10:34:20 AM,24850.0,0,0.0,50728153297.5
2025-08-01 10:34:21 AM,24850.0,75,1863750.0,50730017047.5
2025-08-01 10:34:22 AM,24850.0,75,1863750.0,50731880797.5
2025-08-01 10:34:23 AM,24849.8,0,0.0,50731880797.5
2025-08-01 10:34:24 AM,24847.0,0,0.0,50731880797.5
2025-08-01 10:34:24 AM,24847.0,525,13044675.0,50744925472.5
2025-08-01 10:34:25 AM,24848.3,0,0.0,50744925472.5
2025-08-01 10:34:26 AM,24848.3,75,1863622.5,50746789095.0
2025-08-01 10:34:26 AM,24849.8,0,0.0,50746789095.0
2025-08-01 10:34:27 AM,24849.8,150,3727470.0,50750516565.0
2025-08-01 10:34:28 AM,24850.0,0,0.0,50750516565.0
2025-08-01 10:34:29 AM,24850.0,150,3727500.0,50754244065.0
2025-08-01 10:34:30 AM,24848.0,0,0.0,50754244065.0
2025-08-01 10:34:31 AM,24848.0,525,13045200.0,50767289265.0
2025-08-01 10:34:33 AM,24845.7,0,0.0,50767289265.0
2025-08-01 10:34:34 AM,24848.0,0,0.0,50767289265.0
2025-08-01 10:34:34 AM,24848.0,375,9318000.0,50776607265.0
2025-08-01 10:34:39 AM,24853.0,0,0.0,50776607265.0
2025-08-01 10:34:39 AM,24853.0,5775,143526075.0,50920133340.0
2025-08-01 10:34:40 AM,24853.0,375,9319875.0,50929453215.0
2025-08-01 10:34:41 AM,24851.2,75,1863840.0,50931317055.0
2025-08-01 10:34:41 AM,24850.0,0,0.0,50931317055.0
2025-08-01 10:34:42 AM,24850.0,75,1863750.0,50933180805.0
2025-08-01 10:34:43 AM,24852.0,0,0.0,50933180805.0
2025-08-01 10:34:43 AM,24848.0,0,0.0,50933180805.0
2025-08-01 10:34:44 AM,24848.0,300,7454400.0,50940635205.0
2025-08-01 10:34:47 AM,24847.7,0,0.0,50940635205.0
2025-08-01 10:34:47 AM,24847.7,150,3727155.0,50944362360.0
2025-08-01 10:34:49 AM,24852.0,0,0.0,50944362360.0
2025-08-01 10:34:49 AM,24852.0,75,1863900.0,50946226260.0
2025-08-01 10:34:49 AM,24850.0,0,0.0,50946226260.0
2025-08-01 10:34:50 AM,24845.1,0,0.0,50946226260.0
2025-08-01 10:34:50 AM,24845.1,150,3726765.0,50949953025.0
2025-08-01 10:34:51 AM,24851.0,0,0.0,50949953025.0
2025-08-01 10:34:52 AM,24851.0,1800,44731800.0,50994684825.0
2025-08-01 10:34:53 AM,24846.5,0,0.0,50994684825.0
2025-08-01 10:34:54 AM,24846.5,375,9317437.5,51004002262.5
2025-08-01 10:34:55 AM,24850.0,0,0.0,51004002262.5
2025-08-01 10:34:55 AM,24850.0,900,22365000.0,51026367262.5
2025-08-01 10:34:57 AM,24850.0,75,1863750.0,51028231012.5
2025-08-01 10:34:59 AM,24846.1,0,0.0,51028231012.5
2025-08-01 10:35:00 AM,24846.9,0,0.0,51028231012.5
2025-08-01 10:35:00 AM,24851.9,375,9319462.5,51037550475.0
2025-08-01 10:35:02 AM,24846.2,0,0.0,51037550475.0
2025-08-01 10:35:02 AM,24846.2,150,3726930.0,51041277405.0
2025-08-01 10:35:05 AM,24850.7,0,0.0,51041277405.0
2025-08-01 10:35:05 AM,24850.7,150,3727605.0,51045005010.0
2025-08-01 10:35:06 AM,24850.9,0,0.0,51045005010.0
2025-08-01 10:35:07 AM,24850.9,150,3727635.0,51048732645.0
2025-08-01 10:35:10 AM,24847.0,0,0.0,51048732645.0
2025-08-01 10:35:10 AM,24852.0,150,3727800.0,51052460445.0
2025-08-01 10:35:12 AM,24850.9,450,11182905.0,51063643350.0
2025-08-01 10:35:13 AM,24851.3,0,0.0,51063643350.0
2025-08-01 10:35:14 AM,24851.0,0,0.0,51063643350.0
2025-08-01 10:35:14 AM,24851.0,150,3727650.0,51067371000.0
2025-08-01 10:35:17 AM,24848.0,0,0.0,51067371000.0
2025-08-01 10:35:17 AM,24848.0,225,5590800.0,51072961800.0
2025-08-01 10:35:20 AM,24849.0,0,0.0,51072961800.0
2025-08-01 10:35:20 AM,24849.0,225,5591025.0,51078552825.0
2025-08-01 10:35:20 AM,24849.0,150,3727350.0,51082280175.0
2025-08-01 10:35:21 AM,24845.5,0,0.0,51082280175.0
2025-08-01 10:35:21 AM,24848.6,0,0.0,51082280175.0
2025-08-01 10:35:22 AM,24849.8,0,0.0,51082280175.0
2025-08-01 10:35:22 AM,24849.8,375,9318675.0,51091598850.0
2025-08-01 10:35:23 AM,24850.6,0,0.0,51091598850.0
2025-08-01 10:35:24 AM,24850.6,375,9318975.0,51100917825.0
2025-08-01 10:35:25 AM,24845.0,0,0.0,51100917825.0
2025-08-01 10:35:25 AM,24845.0,150,3726750.0,51104644575.0
2025-08-01 10:35:26 AM,24849.4,0,0.0,51104644575.0
2025-08-01 10:35:27 AM,24849.4,450,11182230.0,51115826805.0
2025-08-01 10:35:28 AM,24847.2,0,0.0,51115826805.0
2025-08-01 10:35:29 AM,24847.2,75,1863540.0,51117690345.0
2025-08-01 10:35:29 AM,24845.0,0,0.0,51117690345.0
2025-08-01 10:35:30 AM,24847.9,150,3727185.0,51121417530.0
2025-08-01 10:35:32 AM,24845.0,0,0.0,51121417530.0
2025-08-01 10:35:32 AM,24845.0,225,5590125.0,51127007655.0
2025-08-01 10:35:34 AM,24845.2,0,0.0,51127007655.0
2025-08-01 10:35:34 AM,24845.2,75,1863390.0,51128871045.0
2025-08-01 10:35:36 AM,24847.9,0,0.0,51128871045.0
2025-08-01 10:35:37 AM,24847.6,0,0.0,51128871045.0
2025-08-01 10:35:37 AM,24847.6,225,5590710.0,51134461755.0
2025-08-01 10:35:40 AM,24845.1,0,0.0,51134461755.0
2025-08-01 10:35:40 AM,24845.1,75,1863382.5,51136325137.5
2025-08-01 10:35:41 AM,24843.0,0,0.0,51136325137.5
2025-08-01 10:35:42 AM,24843.0,450,11179350.0,51147504487.5
2025-08-01 10:35:45 AM,24844.1,0,0.0,51147504487.5
2025-08-01 10:35:45 AM,24844.0,26550,659608200.0,51807112687.5
2025-08-01 10:35:47 AM,24845.6,0,0.0,51807112687.5
2025-08-01 10:35:47 AM,24845.6,150,3726840.0,51810839527.5
2025-08-01 10:35:48 AM,24843.0,0,0.0,51810839527.5
2025-08-01 10:35:49 AM,24842.6,0,0.0,51810839527.5
2025-08-01 10:35:49 AM,24846.0,1800,44722800.0,51855562327.5
2025-08-01 10:35:50 AM,24845.0,75,1863375.0,51857425702.5
2025-08-01 10:35:52 AM,24845.2,0,0.0,51857425702.5
2025-08-01 10:35:52 AM,24845.2,75,1863390.0,51859289092.5
2025-08-01 10:35:55 AM,24845.4,0,0.0,51859289092.5
2025-08-01 10:35:55 AM,24845.8,300,7453740.0,51866742832.5
2025-08-01 10:35:57 AM,24843.0,0,0.0,51866742832.5
2025-08-01 10:35:57 AM,24843.0,225,5589675.0,51872332507.5
2025-08-01 10:35:58 AM,24847.8,0,0.0,51872332507.5
2025-08-01 10:35:59 AM,24849.4,0,0.0,51872332507.5
2025-08-01 10:35:59 AM,24849.4,225,5591115.0,51877923622.5
2025-08-01 10:36:00 AM,24849.4,300,7454820.0,51885378442.5
2025-08-01 10:36:01 AM,24845.1,0,0.0,51885378442.5
2025-08-01 10:36:02 AM,24845.0,0,0.0,51885378442.5
2025-08-01 10:36:02 AM,24845.0,150,3726750.0,51889105192.5
2025-08-01 10:36:03 AM,24849.4,0,0.0,51889105192.5
2025-08-01 10:36:04 AM,24849.4,75,1863705.0,51890968897.5
2025-08-01 10:36:04 AM,24848.3,0,0.0,51890968897.5
2025-08-01 10:36:05 AM,24848.3,375,9318112.5,51900287010.0
2025-08-01 10:36:07 AM,24849.4,0,0.0,51900287010.0
2025-08-01 10:36:07 AM,24849.4,75,1863705.0,51902150715.0
2025-08-01 10:36:09 AM,24850.0,0,0.0,51902150715.0
2025-08-01 10:36:09 AM,24850.0,600,14910000.0,51917060715.0
2025-08-01 10:36:11 AM,24850.2,0,0.0,51917060715.0
2025-08-01 10:36:12 AM,24850.5,0,0.0,51917060715.0
2025-08-01 10:36:12 AM,24850.5,675,16774087.5,51933834802.5
2025-08-01 10:36:13 AM,24850.0,0,0.0,51933834802.5
2025-08-01 10:36:14 AM,24850.0,75,1863750.0,51935698552.5
2025-08-01 10:36:16 AM,24849.4,0,0.0,51935698552.5
2025-08-01 10:36:17 AM,24849.4,150,3727410.0,51939425962.5
2025-08-01 10:36:18 AM,24847.0,0,0.0,51939425962.5
2025-08-01 10:36:19 AM,24847.0,300,7454100.0,51946880062.5
2025-08-01 10:36:22 AM,24846.0,525,13044150.0,51959924212.5
2025-08-01 10:36:24 AM,24847.0,0,0.0,51959924212.5
2025-08-01 10:36:24 AM,24847.0,75,1863525.0,51961787737.5
2025-08-01 10:36:25 AM,24846.0,225,5590350.0,51967378087.5
2025-08-01 10:36:27 AM,24846.0,600,14907600.0,51982285687.5
2025-08-01 10:36:31 AM,24850.0,0,0.0,51982285687.5
2025-08-01 10:36:32 AM,24850.0,75,1863750.0,51984149437.5
2025-08-01 10:36:34 AM,24847.0,0,0.0,51984149437.5
2025-08-01 10:36:35 AM,24847.0,75,1863525.0,51986012962.5
2025-08-01 10:36:40 AM,24847.8,0,0.0,51986012962.5
2025-08-01 10:36:40 AM,24849.9,0,0.0,51986012962.5
2025-08-01 10:36:40 AM,24849.9,600,14909940.0,52000922902.5
2025-08-01 10:36:42 AM,24850.0,0,0.0,52000922902.5
2025-08-01 10:36:42 AM,24850.0,75,1863750.0,52002786652.5
2025-08-01 10:36:44 AM,24850.0,375,9318750.0,52012105402.5
2025-08-01 10:36:49 AM,24850.0,750,18637500.0,52030742902.5
2025-08-01 10:36:53 AM,24850.0,75,1863750.0,52032606652.5
2025-08-01 10:36:56 AM,24849.9,0,0.0,52032606652.5
2025-08-01 10:36:57 AM,24849.9,75,1863742.5,52034470395.0
2025-08-01 10:36:58 AM,24849.9,75,1863742.5,52036334137.5
2025-08-01 10:36:59 AM,24850.0,0,0.0,52036334137.5
2025-08-01 10:37:00 AM,24850.0,75,1863750.0,52038197887.5
2025-08-01 10:37:01 AM,24849.9,0,0.0,52038197887.5
2025-08-01 10:37:02 AM,24849.9,450,11182455.0,52049380342.5
2025-08-01 10:37:03 AM,24848.0,0,0.0,52049380342.5
2025-08-01 10:37:03 AM,24849.9,0,0.0,52049380342.5
2025-08-01 10:37:03 AM,24849.9,225,5591227.5,52054971570.0
2025-08-01 10:37:04 AM,24850.0,0,0.0,52054971570.0
2025-08-01 10:37:05 AM,24850.0,3900,96915000.0,52151886570.0
2025-08-01 10:37:08 AM,24850.8,0,0.0,52151886570.0
2025-08-01 10:37:08 AM,24850.0,300,7455000.0,52159341570.0
2025-08-01 10:37:10 AM,24850.0,300,7455000.0,52166796570.0
2025-08-01 10:37:12 AM,24850.8,0,0.0,52166796570.0
2025-08-01 10:37:12 AM,24850.8,75,1863810.0,52168660380.0
2025-08-01 10:37:13 AM,24850.0,0,0.0,52168660380.0
2025-08-01 10:37:13 AM,24850.0,750,18637500.0,52187297880.0
2025-08-01 10:37:13 AM,24850.6,75,1863795.0,52189161675.0
2025-08-01 10:37:14 AM,24850.0,0,0.0,52189161675.0
2025-08-01 10:37:15 AM,24852.0,0,0.0,52189161675.0
2025-08-01 10:37:15 AM,24852.0,375,9319500.0,52198481175.0
2025-08-01 10:37:16 AM,24850.0,0,0.0,52198481175.0
2025-08-01 10:37:17 AM,24850.0,900,22365000.0,52220846175.0
2025-08-01 10:37:17 AM,24850.0,75,1863750.0,52222709925.0
2025-08-01 10:37:17 AM,24849.9,0,0.0,52222709925.0
2025-08-01 10:37:18 AM,24849.9,75,1863742.5,52224573667.5
2025-08-01 10:37:18 AM,24852.0,75,1863900.0,52226437567.5
2025-08-01 10:37:20 AM,24852.0,75,1863900.0,52228301467.5
2025-08-01 10:37:21 AM,24853.0,0,0.0,52228301467.5
2025-08-01 10:37:22 AM,24854.8,0,0.0,52228301467.5
2025-08-01 10:37:22 AM,24854.8,825,20505210.0,52248806677.5
2025-08-01 10:37:24 AM,24854.9,0,0.0,52248806677.5
2025-08-01 10:37:24 AM,24854.8,0,0.0,52248806677.5
2025-08-01 10:37:25 AM,24852.8,0,0.0,52248806677.5
2025-08-01 10:37:25 AM,24854.9,0,0.0,52248806677.5
2025-08-01 10:37:25 AM,24851.1,1125,27957487.5,52276764165.0
2025-08-01 10:37:25 AM,24851.4,75,1863855.0,52278628020.0
2025-08-01 10:37:26 AM,24852.1,0,0.0,52278628020.0
2025-08-01 10:37:27 AM,24852.1,75,1863907.5,52280491927.5
2025-08-01 10:37:28 AM,24854.9,0,0.0,52280491927.5
2025-08-01 10:37:28 AM,24852.0,0,0.0,52280491927.5
2025-08-01 10:37:28 AM,24852.0,150,3727800.0,52284219727.5
2025-08-01 10:37:29 AM,24854.9,0,0.0,52284219727.5
2025-08-01 10:37:30 AM,24854.9,75,1864117.5,52286083845.0
2025-08-01 10:37:32 AM,24852.0,75,1863900.0,52287947745.0
2025-08-01 10:37:32 AM,24853.0,0,0.0,52287947745.0
2025-08-01 10:37:33 AM,24853.0,750,18639750.0,52306587495.0
2025-08-01 10:37:34 AM,24853.3,0,0.0,52306587495.0
2025-08-01 10:37:35 AM,24852.1,0,0.0,52306587495.0
2025-08-01 10:37:35 AM,24852.8,1050,26095440.0,52332682935.0
2025-08-01 10:37:37 AM,24853.2,0,0.0,52332682935.0
2025-08-01 10:37:38 AM,24854.0,0,0.0,52332682935.0
2025-08-01 10:37:38 AM,24853.2,525,13047930.0,52345730865.0
2025-08-01 10:37:39 AM,24854.0,0,0.0,52345730865.0
2025-08-01 10:37:40 AM,24854.0,825,20504550.0,52366235415.0
2025-08-01 10:37:41 AM,24845.7,0,0.0,52366235415.0
2025-08-01 10:37:42 AM,24845.7,2775,68946817.5,52435182232.5
2025-08-01 10:37:44 AM,24851.8,0,0.0,52435182232.5
2025-08-01 10:37:45 AM,24851.8,75,1863885.0,52437046117.5
2025-08-01 10:37:50 AM,24850.0,0,0.0,52437046117.5
2025-08-01 10:37:52 AM,24852.0,0,0.0,52437046117.5
2025-08-01 10:37:52 AM,24852.0,225,5591700.0,52442637817.5
2025-08-01 10:37:53 AM,24848.4,0,0.0,52442637817.5
2025-08-01 10:37:53 AM,24848.4,300,7454520.0,52450092337.5
2025-08-01 10:37:54 AM,24853.2,0,0.0,52450092337.5
2025-08-01 10:37:55 AM,24853.2,750,18639900.0,52468732237.5
2025-08-01 10:37:56 AM,24848.7,0,0.0,52468732237.5
2025-08-01 10:37:57 AM,24848.7,150,3727305.0,52472459542.5
2025-08-01 10:38:01 AM,24852.0,0,0.0,52472459542.5
2025-08-01 10:38:02 AM,24849.7,0,0.0,52472459542.5
2025-08-01 10:38:02 AM,24849.7,150,3727455.0,52476186997.5
2025-08-01 10:38:03 AM,24848.8,0,0.0,52476186997.5
2025-08-01 10:38:03 AM,24848.8,75,1863660.0,52478050657.5
2025-08-01 10:38:05 AM,24852.0,0,0.0,52478050657.5
2025-08-01 10:38:05 AM,24852.0,75,1863900.0,52479914557.5
2025-08-01 10:38:07 AM,24851.9,0,0.0,52479914557.5
2025-08-01 10:38:07 AM,24851.9,1275,31686172.5,52511600730.0
2025-08-01 10:38:08 AM,24852.0,75,1863900.0,52513464630.0
2025-08-01 10:38:08 AM,24849.7,75,1863727.5,52515328357.5
2025-08-01 10:38:14 AM,24852.0,0,0.0,52515328357.5
2025-08-01 10:38:15 AM,24851.0,0,0.0,52515328357.5
2025-08-01 10:38:15 AM,24851.0,225,5591475.0,52520919832.5
2025-08-01 10:38:15 AM,24851.2,75,1863840.0,52522783672.5
2025-08-01 10:38:16 AM,24851.3,0,0.0,52522783672.5
2025-08-01 10:38:17 AM,24852.0,0,0.0,52522783672.5
2025-08-01 10:38:17 AM,24852.0,225,5591700.0,52528375372.5
2025-08-01 10:38:18 AM,24851.8,0,0.0,52528375372.5
2025-08-01 10:38:18 AM,24853.0,300,7455900.0,52535831272.5
2025-08-01 10:38:18 AM,24851.4,75,1863855.0,52537695127.5
2025-08-01 10:38:20 AM,24851.3,0,0.0,52537695127.5
2025-08-01 10:38:20 AM,24851.3,375,9319237.5,52547014365.0
2025-08-01 10:38:22 AM,24851.3,225,5591542.5,52552605907.5
2025-08-01 10:38:22 AM,24852.0,0,0.0,52552605907.5
2025-08-01 10:38:22 AM,24852.0,75,1863900.0,52554469807.5
2025-08-01 10:38:23 AM,24851.3,0,0.0,52554469807.5
2025-08-01 10:38:23 AM,24851.3,75,1863847.5,52556333655.0
2025-08-01 10:38:24 AM,24852.0,0,0.0,52556333655.0
2025-08-01 10:38:25 AM,24852.0,75,1863900.0,52558197555.0
2025-08-01 10:38:26 AM,24852.9,0,0.0,52558197555.0
2025-08-01 10:38:27 AM,24852.0,150,3727800.0,52561925355.0
2025-08-01 10:38:27 AM,24852.9,0,0.0,52561925355.0
2025-08-01 10:38:28 AM,24852.9,75,1863967.5,52563789322.5
2025-08-01 10:38:30 AM,24852.9,150,3727935.0,52567517257.5
2025-08-01 10:38:31 AM,24851.1,0,0.0,52567517257.5
2025-08-01 10:38:32 AM,24852.9,225,5591902.5,52573109160.0
2025-08-01 10:38:33 AM,24851.1,0,0.0,52573109160.0
2025-08-01 10:38:33 AM,24852.9,150,3727935.0,52576837095.0
2025-08-01 10:38:35 AM,24852.9,150,3727935.0,52580565030.0
2025-08-01 10:38:36 AM,24851.1,0,0.0,52580565030.0
2025-08-01 10:38:37 AM,24851.1,150,3727665.0,52584292695.0
2025-08-01 10:38:37 AM,24849.7,0,0.0,52584292695.0
2025-08-01 10:38:37 AM,24849.7,375,9318637.5,52593611332.5
2025-08-01 10:38:38 AM,24852.0,0,0.0,52593611332.5
2025-08-01 10:38:39 AM,24848.9,0,0.0,52593611332.5
2025-08-01 10:38:40 AM,24848.9,300,7454670.0,52601066002.5
2025-08-01 10:38:41 AM,24848.8,0,0.0,52601066002.5
2025-08-01 10:38:42 AM,24850.0,150,3727500.0,52604793502.5
2025-08-01 10:38:43 AM,24849.9,0,0.0,52604793502.5
2025-08-01 10:38:43 AM,24849.9,75,1863742.5,52606657245.0
2025-08-01 10:38:44 AM,24843.5,0,0.0,52606657245.0
2025-08-01 10:38:45 AM,24843.5,1500,37265250.0,52643922495.0
2025-08-01 10:38:50 AM,24844.2,0,0.0,52643922495.0
2025-08-01 10:38:52 AM,24844.2,75,1863315.0,52645785810.0
2025-08-01 10:38:54 AM,24848.8,0,0.0,52645785810.0
2025-08-01 10:38:55 AM,24848.8,75,1863660.0,52647649470.0
2025-08-01 10:38:55 AM,24843.0,0,0.0,52647649470.0
2025-08-01 10:38:57 AM,24843.0,75,1863225.0,52649512695.0
2025-08-01 10:38:58 AM,24843.0,600,14905800.0,52664418495.0
2025-08-01 10:38:59 AM,24842.8,0,0.0,52664418495.0
2025-08-01 10:39:00 AM,24842.8,75,1863210.0,52666281705.0
2025-08-01 10:39:01 AM,24843.0,0,0.0,52666281705.0
2025-08-01 10:39:02 AM,24844.2,150,3726630.0,52670008335.0
2025-08-01 10:39:03 AM,24843.0,0,0.0,52670008335.0
2025-08-01 10:39:03 AM,24843.0,150,3726450.0,52673734785.0
2025-08-01 10:39:04 AM,24841.9,0,0.0,52673734785.0
2025-08-01 10:39:05 AM,24841.9,525,13041997.5,52686776782.5
2025-08-01 10:39:06 AM,24843.1,0,0.0,52686776782.5
2025-08-01 10:39:06 AM,24843.1,75,1863232.5,52688640015.0
2025-08-01 10:39:09 AM,24845.0,0,0.0,52688640015.0
2025-08-01 10:39:09 AM,24842.0,0,0.0,52688640015.0
2025-08-01 10:39:10 AM,24842.0,150,3726300.0,52692366315.0
2025-08-01 10:39:14 AM,24841.0,0,0.0,52692366315.0
2025-08-01 10:39:14 AM,24842.0,0,0.0,52692366315.0
2025-08-01 10:39:15 AM,24842.0,525,13042050.0,52705408365.0
2025-08-01 10:39:15 AM,24844.2,0,0.0,52705408365.0
2025-08-01 10:39:16 AM,24845.6,0,0.0,52705408365.0
2025-08-01 10:39:16 AM,24845.6,225,5590260.0,52710998625.0
2025-08-01 10:39:17 AM,24844.2,0,0.0,52710998625.0
2025-08-01 10:39:18 AM,24844.2,375,9316575.0,52720315200.0
2025-08-01 10:39:19 AM,24844.5,0,0.0,52720315200.0
2025-08-01 10:39:20 AM,24844.5,75,1863337.5,52722178537.5
2025-08-01 10:39:20 AM,24844.0,0,0.0,52722178537.5
2025-08-01 10:39:20 AM,24841.0,0,0.0,52722178537.5
2025-08-01 10:39:21 AM,24841.0,225,5589225.0,52727767762.5
2025-08-01 10:39:22 AM,24840.6,0,0.0,52727767762.5
2025-08-01 10:39:23 AM,24840.0,0,0.0,52727767762.5
2025-08-01 10:39:23 AM,24840.0,600,14904000.0,52742671762.5
2025-08-01 10:39:24 AM,24841.0,0,0.0,52742671762.5
2025-08-01 10:39:25 AM,24841.0,75,1863075.0,52744534837.5
2025-08-01 10:39:26 AM,24840.1,0,0.0,52744534837.5
2025-08-01 10:39:26 AM,24840.1,150,3726015.0,52748260852.5
2025-08-01 10:39:29 AM,24841.1,0,0.0,52748260852.5
2025-08-01 10:39:29 AM,24841.0,0,0.0,52748260852.5
2025-08-01 10:39:30 AM,24841.0,225,5589225.0,52753850077.5
2025-08-01 10:39:31 AM,24840.2,0,0.0,52753850077.5
2025-08-01 10:39:31 AM,24840.0,150,3726000.0,52757576077.5
2025-08-01 10:39:33 AM,24840.0,1800,44712000.0,52802288077.5
2025-08-01 10:39:34 AM,24843.9,0,0.0,52802288077.5
2025-08-01 10:39:35 AM,24841.0,2175,54029175.0,52856317252.5
2025-08-01 10:39:36 AM,24842.2,0,0.0,52856317252.5
2025-08-01 10:39:36 AM,24842.2,75,1863165.0,52858180417.5
2025-08-01 10:39:36 AM,24842.5,1875,46579687.5,52904760105.0
2025-08-01 10:39:38 AM,24845.0,0,0.0,52904760105.0
2025-08-01 10:39:38 AM,24842.5,3225,80117062.5,52984877167.5
2025-08-01 10:39:39 AM,24844.0,0,0.0,52984877167.5
2025-08-01 10:39:40 AM,24844.0,150,3726600.0,52988603767.5
2025-08-01 10:39:43 AM,24842.9,300,7452870.0,52996056637.5
2025-08-01 10:39:43 AM,24842.9,450,11179305.0,53007235942.5
2025-08-01 10:39:44 AM,24842.5,0,0.0,53007235942.5
2025-08-01 10:39:45 AM,24842.9,150,3726435.0,53010962377.5
2025-08-01 10:39:45 AM,24842.9,75,1863217.5,53012825595.0
2025-08-01 10:39:46 AM,24840.3,0,0.0,53012825595.0
2025-08-01 10:39:46 AM,24840.3,75,1863022.5,53014688617.5
2025-08-01 10:39:50 AM,24842.6,0,0.0,53014688617.5
2025-08-01 10:39:51 AM,24840.0,0,0.0,53014688617.5
2025-08-01 10:39:51 AM,24840.1,0,0.0,53014688617.5
2025-08-01 10:39:51 AM,24840.1,2025,50301202.5,53064989820.0
2025-08-01 10:39:56 AM,24840.1,75,1863007.5,53066852827.5
2025-08-01 10:39:58 AM,24840.0,150,3726000.0,53070578827.5
2025-08-01 10:39:59 AM,24840.0,975,24219000.0,53094797827.5
2025-08-01 10:40:01 AM,24840.0,1200,29808000.0,53124605827.5
2025-08-01 10:40:03 AM,24840.0,75,1863000.0,53126468827.5
2025-08-01 10:40:04 AM,24844.0,0,0.0,53126468827.5
2025-08-01 10:40:05 AM,24844.0,75,1863300.0,53128332127.5
2025-08-01 10:40:08 AM,24843.0,0,0.0,53128332127.5
2025-08-01 10:40:09 AM,24842.9,0,0.0,53128332127.5
2025-08-01 10:40:09 AM,24844.0,0,0.0,53128332127.5
2025-08-01 10:40:10 AM,24844.0,225,5589900.0,53133922027.5
2025-08-01 10:40:10 AM,24850.0,0,0.0,53133922027.5
2025-08-01 10:40:11 AM,24850.0,75,1863750.0,53135785777.5
2025-08-01 10:40:14 AM,24843.0,0,0.0,53135785777.5
2025-08-01 10:40:14 AM,24843.0,75,1863225.0,53137649002.5
2025-08-01 10:40:17 AM,24848.1,0,0.0,53137649002.5
2025-08-01 10:40:18 AM,24848.1,225,5590822.5,53143239825.0
2025-08-01 10:40:19 AM,24848.8,0,0.0,53143239825.0
2025-08-01 10:40:19 AM,24848.8,75,1863660.0,53145103485.0
2025-08-01 10:40:21 AM,24844.0,0,0.0,53145103485.0
2025-08-01 10:40:21 AM,24844.0,75,1863300.0,53146966785.0
2025-08-01 10:40:22 AM,24847.5,0,0.0,53146966785.0
2025-08-01 10:40:22 AM,24846.5,0,0.0,53146966785.0
2025-08-01 10:40:23 AM,24846.5,150,3726975.0,53150693760.0
2025-08-01 10:40:23 AM,24848.3,0,0.0,53150693760.0
2025-08-01 10:40:24 AM,24848.3,75,1863622.5,53152557382.5
2025-08-01 10:40:27 AM,24844.0,0,0.0,53152557382.5
2025-08-01 10:40:27 AM,24844.0,225,5589900.0,53158147282.5
2025-08-01 10:40:28 AM,24845.0,0,0.0,53158147282.5
2025-08-01 10:40:29 AM,24845.0,75,1863375.0,53160010657.5
2025-08-01 10:40:30 AM,24841.7,0,0.0,53160010657.5
2025-08-01 10:40:31 AM,24845.0,0,0.0,53160010657.5
2025-08-01 10:40:31 AM,24845.0,150,3726750.0,53163737407.5
2025-08-01 10:40:34 AM,24842.2,0,0.0,53163737407.5
2025-08-01 10:40:34 AM,24842.2,75,1863165.0,53165600572.5
2025-08-01 10:40:37 AM,24845.0,0,0.0,53165600572.5
2025-08-01 10:40:37 AM,24845.0,75,1863375.0,53167463947.5
2025-08-01 10:40:38 AM,24844.0,0,0.0,53167463947.5
2025-08-01 10:40:39 AM,24846.5,0,0.0,53167463947.5
2025-08-01 10:40:39 AM,24846.5,150,3726975.0,53171190922.5
2025-08-01 10:40:40 AM,24847.0,0,0.0,53171190922.5
2025-08-01 10:40:41 AM,24847.0,150,3727050.0,53174917972.5
2025-08-01 10:40:41 AM,24841.8,0,0.0,53174917972.5
2025-08-01 10:40:42 AM,24842.0,0,0.0,53174917972.5
2025-08-01 10:40:42 AM,24842.0,750,18631500.0,53193549472.5
2025-08-01 10:40:48 AM,24845.0,0,0.0,53193549472.5
2025-08-01 10:40:49 AM,24845.0,75,1863375.0,53195412847.5
2025-08-01 10:40:52 AM,24844.8,0,0.0,53195412847.5
2025-08-01 10:40:52 AM,24844.8,75,1863360.0,53197276207.5
2025-08-01 10:40:53 AM,24843.8,0,0.0,53197276207.5
2025-08-01 10:40:53 AM,24847.0,0,0.0,53197276207.5
2025-08-01 10:40:54 AM,24847.0,150,3727050.0,53201003257.5
2025-08-01 10:40:57 AM,24845.7,0,0.0,53201003257.5
2025-08-01 10:40:57 AM,24845.7,75,1863427.5,53202866685.0
2025-08-01 10:40:59 AM,24847.6,75,1863570.0,53204730255.0
2025-08-01 10:41:05 AM,24841.5,0,0.0,53204730255.0
2025-08-01 10:41:06 AM,24845.7,225,5590282.5,53210320537.5
2025-08-01 10:41:07 AM,24845.7,75,1863427.5,53212183965.0
2025-08-01 10:41:08 AM,24840.1,0,0.0,53212183965.0
2025-08-01 10:41:09 AM,24840.0,0,0.0,53212183965.0
2025-08-01 10:41:09 AM,24845.4,0,0.0,53212183965.0
2025-08-01 10:41:09 AM,24845.4,300,7453620.0,53219637585.0
2025-08-01 10:41:19 AM,24842.9,0,0.0,53219637585.0
2025-08-01 10:41:19 AM,24842.9,75,1863217.5,53221500802.5
2025-08-01 10:41:21 AM,24839.0,0,0.0,53221500802.5
2025-08-01 10:41:22 AM,24839.0,900,22355100.0,53243855902.5
2025-08-01 10:41:26 AM,24839.0,75,1862925.0,53245718827.5
2025-08-01 10:41:26 AM,24839.0,150,3725850.0,53249444677.5
2025-08-01 10:41:27 AM,24842.8,0,0.0,53249444677.5
2025-08-01 10:41:27 AM,24842.8,1050,26084940.0,53275529617.5
2025-08-01 10:41:30 AM,24838.1,0,0.0,53275529617.5
2025-08-01 10:41:31 AM,24838.1,75,1862857.5,53277392475.0
2025-08-01 10:41:33 AM,24838.3,0,0.0,53277392475.0
2025-08-01 10:41:33 AM,24838.3,225,5588617.5,53282981092.5
2025-08-01 10:41:34 AM,24839.9,0,0.0,53282981092.5
2025-08-01 10:41:34 AM,24839.9,600,14903940.0,53297885032.5
2025-08-01 10:41:44 AM,24840.0,0,0.0,53297885032.5
2025-08-01 10:41:44 AM,24840.0,150,3726000.0,53301611032.5
2025-08-01 10:41:46 AM,24838.0,450,11177100.0,53312788132.5
2025-08-01 10:41:49 AM,24838.0,150,3725700.0,53316513832.5
2025-08-01 10:41:51 AM,24838.0,150,3725700.0,53320239532.5
2025-08-01 10:41:54 AM,24838.0,75,1862850.0,53322102382.5
2025-08-01 10:41:55 AM,24837.2,0,0.0,53322102382.5
2025-08-01 10:41:56 AM,24837.2,150,3725580.0,53325827962.5
2025-08-01 10:41:59 AM,24838.0,0,0.0,53325827962.5
2025-08-01 10:41:59 AM,24838.0,75,1862850.0,53327690812.5
2025-08-01 10:42:00 AM,24837.0,0,0.0,53327690812.5
2025-08-01 10:42:01 AM,24837.0,75,1862775.0,53329553587.5
2025-08-01 10:42:01 AM,24838.0,0,0.0,53329553587.5
2025-08-01 10:42:02 AM,24836.2,0,0.0,53329553587.5
2025-08-01 10:42:02 AM,24836.2,150,3725430.0,53333279017.5
2025-08-01 10:42:08 AM,24838.0,0,0.0,53333279017.5
2025-08-01 10:42:08 AM,24836.4,0,0.0,53333279017.5
2025-08-01 10:42:09 AM,24836.4,150,3725460.0,53337004477.5
2025-08-01 10:42:10 AM,24836.9,0,0.0,53337004477.5
2025-08-01 10:42:10 AM,24837.0,0,0.0,53337004477.5
2025-08-01 10:42:11 AM,24836.9,0,0.0,53337004477.5
2025-08-01 10:42:11 AM,24836.9,300,7451070.0,53344455547.5
2025-08-01 10:42:13 AM,24836.9,75,1862767.5,53346318315.0
2025-08-01 10:42:13 AM,24836.2,0,0.0,53346318315.0
2025-08-01 10:42:14 AM,24836.0,0,0.0,53346318315.0
2025-08-01 10:42:14 AM,24836.0,150,3725400.0,53350043715.0
2025-08-01 10:42:14 AM,24835.3,75,1862647.5,53351906362.5
2025-08-01 10:42:15 AM,24833.0,0,0.0,53351906362.5
2025-08-01 10:42:16 AM,24833.0,675,16762275.0,53368668637.5
2025-08-01 10:42:18 AM,24833.0,225,5587425.0,53374256062.5
2025-08-01 10:42:19 AM,24831.0,0,0.0,53374256062.5
2025-08-01 10:42:19 AM,24831.0,300,7449300.0,53381705362.5
2025-08-01 10:42:20 AM,24833.0,0,0.0,53381705362.5
2025-08-01 10:42:21 AM,24830.0,0,0.0,53381705362.5
2025-08-01 10:42:21 AM,24830.0,1050,26071500.0,53407776862.5
2025-08-01 10:42:22 AM,24830.0,825,20484750.0,53428261612.5
2025-08-01 10:42:24 AM,24830.0,75,1862250.0,53430123862.5
2025-08-01 10:42:24 AM,24830.5,0,0.0,53430123862.5
2025-08-01 10:42:26 AM,24834.8,0,0.0,53430123862.5
2025-08-01 10:42:26 AM,24834.8,150,3725220.0,53433849082.5
2025-08-01 10:42:27 AM,24830.8,0,0.0,53433849082.5
2025-08-01 10:42:27 AM,24831.0,750,18623250.0,53452472332.5
2025-08-01 10:42:28 AM,24831.1,0,0.0,53452472332.5
2025-08-01 10:42:29 AM,24831.1,225,5586997.5,53458059330.0
2025-08-01 10:42:33 AM,24835.0,0,0.0,53458059330.0
2025-08-01 10:42:34 AM,24835.0,75,1862625.0,53459921955.0
2025-08-01 10:42:36 AM,24831.1,0,0.0,53459921955.0
2025-08-01 10:42:36 AM,24831.1,900,22347990.0,53482269945.0
2025-08-01 10:42:36 AM,24830.5,0,0.0,53482269945.0
2025-08-01 10:42:37 AM,24830.5,150,3724575.0,53485994520.0
2025-08-01 10:42:40 AM,24830.0,0,0.0,53485994520.0
2025-08-01 10:42:41 AM,24830.0,150,3724500.0,53489719020.0
2025-08-01 10:42:41 AM,24833.1,0,0.0,53489719020.0
2025-08-01 10:42:42 AM,24831.0,0,0.0,53489719020.0
2025-08-01 10:42:42 AM,24831.0,150,3724650.0,53493443670.0
2025-08-01 10:42:44 AM,24830.0,0,0.0,53493443670.0
2025-08-01 10:42:46 AM,24830.0,225,5586750.0,53499030420.0
2025-08-01 10:42:46 AM,24830.5,0,0.0,53499030420.0
2025-08-01 10:42:47 AM,24830.5,75,1862287.5,53500892707.5
2025-08-01 10:42:48 AM,24830.0,0,0.0,53500892707.5
2025-08-01 10:42:49 AM,24829.0,450,11173050.0,53512065757.5
2025-08-01 10:42:50 AM,24825.5,0,0.0,53512065757.5
2025-08-01 10:42:50 AM,24825.0,0,0.0,53512065757.5
2025-08-01 10:42:51 AM,24826.8,1125,27930150.0,53539995907.5
2025-08-01 10:42:53 AM,24825.0,0,0.0,53539995907.5
2025-08-01 10:42:54 AM,24823.0,0,0.0,53539995907.5
2025-08-01 10:42:54 AM,24823.0,900,22340700.0,53562336607.5
2025-08-01 10:42:56 AM,24824.3,0,0.0,53562336607.5
2025-08-01 10:42:56 AM,24823.8,0,0.0,53562336607.5
2025-08-01 10:42:57 AM,24825.1,0,0.0,53562336607.5
2025-08-01 10:42:57 AM,24825.0,375,9309375.0,53571645982.5
2025-08-01 10:42:58 AM,24824.1,0,0.0,53571645982.5
2025-08-01 10:42:59 AM,24829.0,0,0.0,53571645982.5
2025-08-01 10:42:59 AM,24829.0,225,5586525.0,53577232507.5
2025-08-01 10:43:00 AM,24823.9,0,0.0,53577232507.5
2025-08-01 10:43:00 AM,24824.4,0,0.0,53577232507.5
2025-08-01 10:43:01 AM,24830.9,375,9311587.5,53586544095.0
2025-08-01 10:43:02 AM,24830.0,0,0.0,53586544095.0
2025-08-01 10:43:04 AM,24829.0,0,0.0,53586544095.0
2025-08-01 10:43:04 AM,24827.3,0,0.0,53586544095.0
2025-08-01 10:43:04 AM,24827.3,300,7448190.0,53593992285.0
2025-08-01 10:43:06 AM,24825.8,75,1861935.0,53595854220.0
2025-08-01 10:43:07 AM,24826.4,0,0.0,53595854220.0
2025-08-01 10:43:07 AM,24826.4,225,5585940.0,53601440160.0
2025-08-01 10:43:08 AM,24829.8,0,0.0,53601440160.0
2025-08-01 10:43:09 AM,24830.9,0,0.0,53601440160.0
2025-08-01 10:43:09 AM,24830.9,1500,37246350.0,53638686510.0
2025-08-01 10:43:10 AM,24826.6,0,0.0,53638686510.0
2025-08-01 10:43:11 AM,24826.6,1350,33515909.999999996,53672202420.0
2025-08-01 10:43:11 AM,24833.1,0,0.0,53672202420.0
2025-08-01 10:43:12 AM,24828.6,0,0.0,53672202420.0
2025-08-01 10:43:12 AM,24828.6,225,5586435.0,53677788855.0
2025-08-01 10:43:14 AM,24828.8,0,0.0,53677788855.0
2025-08-01 10:43:14 AM,24828.8,750,18621600.0,53696410455.0
2025-08-01 10:43:14 AM,24833.1,0,0.0,53696410455.0
2025-08-01 10:43:16 AM,24833.1,150,3724965.0,53700135420.0
2025-08-01 10:43:17 AM,24830.2,0,0.0,53700135420.0
2025-08-01 10:43:17 AM,24830.2,75,1862265.0,53701997685.0
2025-08-01 10:43:18 AM,24830.5,0,0.0,53701997685.0
2025-08-01 10:43:19 AM,24830.5,75,1862287.5,53703859972.5
2025-08-01 10:43:20 AM,24828.3,0,0.0,53703859972.5
2025-08-01 10:43:20 AM,24828.9,0,0.0,53703859972.5
2025-08-01 10:43:21 AM,24828.9,225,5586502.5,53709446475.0
2025-08-01 10:43:21 AM,24828.8,0,0.0,53709446475.0
2025-08-01 10:43:22 AM,24828.8,75,1862160.0,53711308635.0
2025-08-01 10:43:26 AM,24827.9,0,0.0,53711308635.0
2025-08-01 10:43:26 AM,24827.9,150,3724185.0,53715032820.0
2025-08-01 10:43:27 AM,24832.8,0,0.0,53715032820.0
2025-08-01 10:43:27 AM,24832.8,75,1862460.0,53716895280.0
2025-08-01 10:43:29 AM,24826.6,0,0.0,53716895280.0
2025-08-01 10:43:30 AM,24831.4,0,0.0,53716895280.0
2025-08-01 10:43:31 AM,24831.4,150,3724710.0,53720619990.0
2025-08-01 10:43:32 AM,24830.0,0,0.0,53720619990.0
2025-08-01 10:43:32 AM,24830.0,75,1862250.0,53722482240.0
2025-08-01 10:43:33 AM,24830.2,0,0.0,53722482240.0
2025-08-01 10:43:33 AM,24828.5,0,0.0,53722482240.0
2025-08-01 10:43:34 AM,24833.1,0,0.0,53722482240.0
2025-08-01 10:43:34 AM,24833.1,225,5587447.5,53728069687.5
2025-08-01 10:43:40 AM,24831.0,0,0.0,53728069687.5
2025-08-01 10:43:41 AM,24831.0,75,1862325.0,53729932012.5
2025-08-01 10:43:43 AM,24828.6,0,0.0,53729932012.5
2025-08-01 10:43:44 AM,24828.6,75,1862145.0,53731794157.5
2025-08-01 10:43:46 AM,24831.0,0,0.0,53731794157.5
2025-08-01 10:43:47 AM,24831.0,75,1862325.0,53733656482.5
2025-08-01 10:43:51 AM,24830.0,225,5586750.0,53739243232.5
2025-08-01 10:43:51 AM,24830.1,0,0.0,53739243232.5
2025-08-01 10:43:52 AM,24830.1,150,3724515.0,53742967747.5
2025-08-01 10:43:53 AM,24830.0,0,0.0,53742967747.5
2025-08-01 10:43:54 AM,24830.0,450,11173500.0,53754141247.5
2025-08-01 10:43:57 AM,24831.0,0,0.0,53754141247.5
2025-08-01 10:43:57 AM,24831.0,1350,33521850.0,53787663097.5
2025-08-01 10:44:00 AM,24831.0,150,3724650.0,53791387747.5
2025-08-01 10:44:01 AM,24830.9,0,0.0,53791387747.5
2025-08-01 10:44:02 AM,24830.9,75,1862317.5,53793250065.0
2025-08-01 10:44:02 AM,24833.0,0,0.0,53793250065.0
2025-08-01 10:44:03 AM,24833.1,0,0.0,53793250065.0
2025-08-01 10:44:04 AM,24832.9,450,11174805.0,53804424870.0
2025-08-01 10:44:05 AM,24837.3,0,0.0,53804424870.0
2025-08-01 10:44:05 AM,24837.3,1125,27941962.5,53832366832.5
2025-08-01 10:44:06 AM,24836.4,0,0.0,53832366832.5
2025-08-01 10:44:07 AM,24836.4,75,1862730.0,53834229562.5
2025-08-01 10:44:10 AM,24839.0,0,0.0,53834229562.5
2025-08-01 10:44:10 AM,24839.0,75,1862925.0,53836092487.5
2025-08-01 10:44:11 AM,24840.1,0,0.0,53836092487.5
2025-08-01 10:44:11 AM,24842.0,0,0.0,53836092487.5
2025-08-01 10:44:12 AM,24842.0,375,9315750.0,53845408237.5
2025-08-01 10:44:14 AM,24844.8,0,0.0,53845408237.5
2025-08-01 10:44:15 AM,24845.0,0,0.0,53845408237.5
2025-08-01 10:44:15 AM,24845.0,1950,48447750.0,53893855987.5
2025-08-01 10:44:17 AM,24845.0,75,1863375.0,53895719362.5
2025-08-01 10:44:18 AM,24838.2,0,0.0,53895719362.5
2025-08-01 10:44:19 AM,24838.2,75,1862865.0,53897582227.5
2025-08-01 10:44:21 AM,24840.0,0,0.0,53897582227.5
2025-08-01 10:44:21 AM,24842.1,0,0.0,53897582227.5
2025-08-01 10:44:22 AM,24842.1,300,7452630.0,53905034857.5
2025-08-01 10:44:22 AM,24839.0,0,0.0,53905034857.5
2025-08-01 10:44:24 AM,24839.0,75,1862925.0,53906897782.5
2025-08-01 10:44:27 AM,24840.0,0,0.0,53906897782.5
2025-08-01 10:44:29 AM,24840.0,75,1863000.0,53908760782.5
2025-08-01 10:44:32 AM,24840.0,1500,37260000.0,53946020782.5
2025-08-01 10:44:32 AM,24840.1,75,1863007.5,53947883790.0
2025-08-01 10:44:33 AM,24838.0,0,0.0,53947883790.0
2025-08-01 10:44:34 AM,24838.0,150,3725700.0,53951609490.0
2025-08-01 10:44:35 AM,24842.5,150,3726375.0,53955335865.0
2025-08-01 10:44:38 AM,24842.0,0,0.0,53955335865.0
2025-08-01 10:44:39 AM,24842.0,75,1863150.0,53957199015.0
2025-08-01 10:44:40 AM,24842.7,0,0.0,53957199015.0
2025-08-01 10:44:40 AM,24842.7,750,18632025.0,53975831040.0
2025-08-01 10:44:41 AM,24842.5,0,0.0,53975831040.0
2025-08-01 10:44:42 AM,24842.6,0,0.0,53975831040.0
2025-08-01 10:44:42 AM,24842.6,825,20495145.0,53996326185.0
2025-08-01 10:44:46 AM,24842.5,75,1863187.5,53998189372.5
2025-08-01 10:44:46 AM,24843.9,0,0.0,53998189372.5
2025-08-01 10:44:47 AM,24843.9,75,1863292.5,54000052665.0
2025-08-01 10:44:50 AM,24842.6,0,0.0,54000052665.0
2025-08-01 10:44:50 AM,24842.6,75,1863195.0,54001915860.0
2025-08-01 10:44:53 AM,24843.8,0,0.0,54001915860.0
2025-08-01 10:44:54 AM,24843.8,75,1863285.0,54003779145.0
2025-08-01 10:45:03 AM,24842.8,0,0.0,54003779145.0
2025-08-01 10:45:04 AM,24842.8,75,1863210.0,54005642355.0
2025-08-01 10:45:04 AM,24843.9,0,0.0,54005642355.0
2025-08-01 10:45:05 AM,24840.0,0,0.0,54005642355.0
2025-08-01 10:45:05 AM,24840.0,225,5589000.0,54011231355.0
2025-08-01 10:45:10 AM,24842.0,0,0.0,54011231355.0
2025-08-01 10:45:10 AM,24842.0,75,1863150.0,54013094505.0
2025-08-01 10:45:11 AM,24845.0,0,0.0,54013094505.0
2025-08-01 10:45:12 AM,24843.7,0,0.0,54013094505.0
2025-08-01 10:45:12 AM,24843.7,450,11179665.0,54024274170.0
2025-08-01 10:45:14 AM,24845.0,0,0.0,54024274170.0
2025-08-01 10:45:14 AM,24845.0,150,3726750.0,54028000920.0
2025-08-01 10:45:16 AM,24845.0,525,13043625.0,54041044545.0
2025-08-01 10:45:17 AM,24842.6,0,0.0,54041044545.0
2025-08-01 10:45:17 AM,24842.6,525,13042365.0,54054086910.0
2025-08-01 10:45:19 AM,24845.3,0,0.0,54054086910.0
2025-08-01 10:45:19 AM,24845.3,75,1863397.5,54055950307.5
2025-08-01 10:45:21 AM,24843.9,0,0.0,54055950307.5
2025-08-01 10:45:21 AM,24842.8,0,0.0,54055950307.5
2025-08-01 10:45:22 AM,24842.8,150,3726420.0,54059676727.5
2025-08-01 10:45:23 AM,24846.9,0,0.0,54059676727.5
2025-08-01 10:45:24 AM,24846.9,75,1863517.5,54061540245.0
2025-08-01 10:45:26 AM,24843.7,0,0.0,54061540245.0
2025-08-01 10:45:27 AM,24843.7,150,3726555.0,54065266800.0
2025-08-01 10:45:29 AM,24846.0,0,0.0,54065266800.0
2025-08-01 10:45:30 AM,24846.8,0,0.0,54065266800.0
2025-08-01 10:45:30 AM,24846.8,825,20498610.0,54085765410.0
2025-08-01 10:45:33 AM,24846.4,0,0.0,54085765410.0
2025-08-01 10:45:33 AM,24843.0,0,0.0,54085765410.0
2025-08-01 10:45:33 AM,24845.9,0,0.0,54085765410.0
2025-08-01 10:45:34 AM,24845.9,1725,42859177.5,54128624587.5
2025-08-01 10:45:37 AM,24845.8,0,0.0,54128624587.5
2025-08-01 10:45:37 AM,24845.8,75,1863435.0,54130488022.5
2025-08-01 10:45:40 AM,24840.5,0,0.0,54130488022.5
2025-08-01 10:45:40 AM,24840.5,150,3726075.0,54134214097.5
2025-08-01 10:45:44 AM,24840.5,150,3726075.0,54137940172.5
2025-08-01 10:45:47 AM,24845.0,0,0.0,54137940172.5
2025-08-01 10:45:47 AM,24845.0,75,1863375.0,54139803547.5
2025-08-01 10:45:59 AM,24840.0,0,0.0,54139803547.5
2025-08-01 10:46:00 AM,24840.0,525,13041000.0,54152844547.5
2025-08-01 10:46:04 AM,24840.0,450,11178000.0,54164022547.5
2025-08-01 10:46:05 AM,24838.6,0,0.0,54164022547.5
2025-08-01 10:46:05 AM,24838.6,2775,68927115.0,54232949662.5
2025-08-01 10:46:07 AM,24835.0,0,0.0,54232949662.5
2025-08-01 10:46:07 AM,24835.0,300,7450500.0,54240400162.5
2025-08-01 10:46:09 AM,24830.5,0,0.0,54240400162.5
2025-08-01 10:46:09 AM,24830.5,300,7449150.0,54247849312.5
2025-08-01 10:46:10 AM,24830.0,0,0.0,54247849312.5
2025-08-01 10:46:10 AM,24830.0,375,9311250.0,54257160562.5
2025-08-01 10:46:11 AM,24829.0,0,0.0,54257160562.5
2025-08-01 10:46:12 AM,24829.0,300,7448700.0,54264609262.5
2025-08-01 10:46:13 AM,24832.0,0,0.0,54264609262.5
2025-08-01 10:46:13 AM,24832.0,750,18624000.0,54283233262.5
2025-08-01 10:46:15 AM,24829.0,0,0.0,54283233262.5
2025-08-01 10:46:15 AM,24829.0,225,5586525.0,54288819787.5
2025-08-01 10:46:15 AM,24828.3,75,1862122.5,54290681910.0
2025-08-01 10:46:21 AM,24830.5,0,0.0,54290681910.0
2025-08-01 10:46:22 AM,24830.5,75,1862287.5,54292544197.5
2025-08-01 10:46:22 AM,24828.3,0,0.0,54292544197.5
2025-08-01 10:46:23 AM,24828.3,225,5586367.5,54298130565.0
2025-08-01 10:46:25 AM,24825.6,0,0.0,54298130565.0
2025-08-01 10:46:26 AM,24829.0,0,0.0,54298130565.0
2025-08-01 10:46:27 AM,24829.0,300,7448700.0,54305579265.0
2025-08-01 10:46:31 AM,24828.3,0,0.0,54305579265.0
2025-08-01 10:46:32 AM,24828.3,75,1862122.5,54307441387.5
2025-08-01 10:46:32 AM,24826.0,0,0.0,54307441387.5
2025-08-01 10:46:33 AM,24830.0,0,0.0,54307441387.5
2025-08-01 10:46:33 AM,24830.0,150,3724500.0,54311165887.5
2025-08-01 10:46:35 AM,24830.0,75,1862250.0,54313028137.5
2025-08-01 10:46:36 AM,24832.7,0,0.0,54313028137.5
2025-08-01 10:46:37 AM,24832.7,225,5587357.5,54318615495.0
2025-08-01 10:46:37 AM,24830.0,0,0.0,54318615495.0
2025-08-01 10:46:38 AM,24830.0,75,1862250.0,54320477745.0
2025-08-01 10:46:40 AM,24830.0,150,3724500.0,54324202245.0
2025-08-01 10:46:42 AM,24830.0,150,3724500.0,54327926745.0
2025-08-01 10:46:43 AM,24830.0,75,1862250.0,54329788995.0
2025-08-01 10:46:45 AM,24834.5,0,0.0,54329788995.0
2025-08-01 10:46:45 AM,24834.5,75,1862587.5,54331651582.5
2025-08-01 10:46:46 AM,24833.9,0,0.0,54331651582.5
2025-08-01 10:46:47 AM,24833.9,75,1862542.5,54333514125.0
2025-08-01 10:46:52 AM,24836.4,0,0.0,54333514125.0
2025-08-01 10:46:53 AM,24834.9,0,0.0,54333514125.0
2025-08-01 10:46:53 AM,24834.9,375,9313087.5,54342827212.5
2025-08-01 10:46:55 AM,24830.0,0,0.0,54342827212.5
2025-08-01 10:46:55 AM,24830.0,150,3724500.0,54346551712.5
2025-08-01 10:46:55 AM,24833.9,0,0.0,54346551712.5
2025-08-01 10:46:56 AM,24833.9,75,1862542.5,54348414255.0
2025-08-01 10:46:58 AM,24835.9,0,0.0,54348414255.0
2025-08-01 10:46:58 AM,24835.9,75,1862692.5,54350276947.5
2025-08-01 10:47:01 AM,24835.7,150,3725355.0,54354002302.5
2025-08-01 10:47:02 AM,24830.0,0,0.0,54354002302.5
2025-08-01 10:47:03 AM,24830.0,225,5586750.0,54359589052.5
2025-08-01 10:47:03 AM,24834.9,0,0.0,54359589052.5
2025-08-01 10:47:05 AM,24834.9,75,1862617.5,54361451670.0
2025-08-01 10:47:06 AM,24830.1,0,0.0,54361451670.0
2025-08-01 10:47:06 AM,24830.1,150,3724515.0,54365176185.0
2025-08-01 10:47:08 AM,24830.0,225,5586750.0,54370762935.0
2025-08-01 10:47:11 AM,24830.0,2100,52143000.0,54422905935.0
2025-08-01 10:47:12 AM,24833.5,0,0.0,54422905935.0
2025-08-01 10:47:13 AM,24833.5,75,1862512.5,54424768447.5
2025-08-01 10:47:14 AM,24833.8,0,0.0,54424768447.5
2025-08-01 10:47:14 AM,24833.8,300,7450140.0,54432218587.5
2025-08-01 10:47:20 AM,24830.0,0,0.0,54432218587.5
2025-08-01 10:47:21 AM,24830.0,75,1862250.0,54434080837.5
2025-08-01 10:47:25 AM,24834.0,0,0.0,54434080837.5
2025-08-01 10:47:26 AM,24831.6,450,11174220.0,54445255057.5
2025-08-01 10:47:27 AM,24833.0,0,0.0,54445255057.5
2025-08-01 10:47:28 AM,24832.9,375,9312337.5,54454567395.0
2025-08-01 10:47:28 AM,24836.0,75,1862700.0,54456430095.0
2025-08-01 10:47:30 AM,24836.1,0,0.0,54456430095.0
2025-08-01 10:47:31 AM,24836.4,0,0.0,54456430095.0
2025-08-01 10:47:31 AM,24836.4,150,3725460.0,54460155555.0
2025-08-01 10:47:32 AM,24839.9,0,0.0,54460155555.0
2025-08-01 10:47:33 AM,24839.9,75,1862992.5,54462018547.5
2025-08-01 10:47:39 AM,24839.9,75,1862992.5,54463881540.0
2025-08-01 10:47:40 AM,24836.3,0,0.0,54463881540.0
2025-08-01 10:47:41 AM,24839.9,225,5588977.5,54469470517.5
2025-08-01 10:47:43 AM,24842.7,0,0.0,54469470517.5
2025-08-01 10:47:44 AM,24840.0,375,9315000.0,54478785517.5
2025-08-01 10:47:49 AM,24840.0,150,3726000.0,54482511517.5
2025-08-01 10:47:52 AM,24843.0,0,0.0,54482511517.5
2025-08-01 10:47:53 AM,24843.0,75,1863225.0,54484374742.5
2025-08-01 10:47:54 AM,24843.0,300,7452900.0,54491827642.5
2025-08-01 10:47:56 AM,24844.0,0,0.0,54491827642.5
2025-08-01 10:47:56 AM,24844.0,75,1863300.0,54493690942.5
2025-08-01 10:47:56 AM,24843.0,0,0.0,54493690942.5
2025-08-01 10:47:56 AM,24843.0,75,1863225.0,54495554167.5
2025-08-01 10:47:58 AM,24845.0,75,1863375.0,54497417542.5
2025-08-01 10:47:59 AM,24845.0,750,18633750.0,54516051292.5
2025-08-01 10:48:00 AM,24841.9,0,0.0,54516051292.5
2025-08-01 10:48:01 AM,24841.9,225,5589427.5,54521640720.0
2025-08-01 10:48:04 AM,24846.4,0,0.0,54521640720.0
2025-08-01 10:48:04 AM,24846.4,150,3726960.0,54525367680.0
2025-08-01 10:48:05 AM,24840.0,0,0.0,54525367680.0
2025-08-01 10:48:06 AM,24840.0,225,5589000.0,54530956680.0
2025-08-01 10:48:08 AM,24848.0,0,0.0,54530956680.0
2025-08-01 10:48:09 AM,24848.0,75,1863600.0,54532820280.0
2025-08-01 10:48:09 AM,24846.4,75,1863480.0,54534683760.0
2025-08-01 10:48:10 AM,24847.1,0,0.0,54534683760.0
2025-08-01 10:48:11 AM,24840.4,750,18630300.0,54553314060.0
2025-08-01 10:48:14 AM,24845.8,0,0.0,54553314060.0
2025-08-01 10:48:16 AM,24845.8,150,3726870.0,54557040930.0
2025-08-01 10:48:22 AM,24841.5,0,0.0,54557040930.0
2025-08-01 10:48:22 AM,24841.5,225,5589337.5,54562630267.5
2025-08-01 10:48:24 AM,24845.3,75,1863397.5,54564493665.0
2025-08-01 10:48:25 AM,24845.8,0,0.0,54564493665.0
2025-08-01 10:48:26 AM,24845.8,75,1863435.0,54566357100.0
2025-08-01 10:48:29 AM,24845.4,0,0.0,54566357100.0
2025-08-01 10:48:30 AM,24841.6,0,0.0,54566357100.0
2025-08-01 10:48:31 AM,24841.6,225,5589360.0,54571946460.0
2025-08-01 10:48:32 AM,24840.4,150,3726060.0,54575672520.0
2025-08-01 10:48:32 AM,24840.0,0,0.0,54575672520.0
2025-08-01 10:48:34 AM,24840.1,0,0.0,54575672520.0
2025-08-01 10:48:34 AM,24840.1,825,20493082.5,54596165602.5
2025-08-01 10:48:36 AM,24836.9,0,0.0,54596165602.5
2025-08-01 10:48:37 AM,24836.9,1200,29804280.0,54625969882.5
2025-08-01 10:48:38 AM,24837.9,0,0.0,54625969882.5
2025-08-01 10:48:39 AM,24837.9,75,1862842.5,54627832725.0
2025-08-01 10:48:40 AM,24831.0,0,0.0,54627832725.0
2025-08-01 10:48:40 AM,24836.6,0,0.0,54627832725.0
2025-08-01 10:48:41 AM,24836.6,675,16764704.999999998,54644597430.0
2025-08-01 10:48:41 AM,24835.3,0,0.0,54644597430.0
2025-08-01 10:48:42 AM,24835.3,75,1862647.5,54646460077.5
2025-08-01 10:48:49 AM,24831.0,0,0.0,54646460077.5
2025-08-01 10:48:49 AM,24831.0,75,1862325.0,54648322402.5
2025-08-01 10:48:49 AM,24831.0,75,1862325.0,54650184727.5
2025-08-01 10:48:50 AM,24832.2,0,0.0,54650184727.5
2025-08-01 10:48:51 AM,24832.2,975,24211395.0,54674396122.5
2025-08-01 10:48:51 AM,24831.5,0,0.0,54674396122.5
2025-08-01 10:48:52 AM,24831.3,0,0.0,54674396122.5
2025-08-01 10:48:52 AM,24831.3,225,5587042.5,54679983165.0
2025-08-01 10:48:54 AM,24825.2,0,0.0,54679983165.0
2025-08-01 10:48:54 AM,24825.2,600,14895120.0,54694878285.0
2025-08-01 10:48:54 AM,24831.9,150,3724785.0,54698603070.0
2025-08-01 10:48:56 AM,24831.9,75,1862392.5,54700465462.5
2025-08-01 10:48:57 AM,24832.6,0,0.0,54700465462.5
2025-08-01 10:48:57 AM,24832.6,150,3724890.0,54704190352.5
2025-08-01 10:48:59 AM,24826.5,0,0.0,54704190352.5
2025-08-01 10:49:01 AM,24826.5,75,1861987.5,54706052340.0
2025-08-01 10:49:06 AM,24830.0,0,0.0,54706052340.0
2025-08-01 10:49:06 AM,24830.0,75,1862250.0,54707914590.0
2025-08-01 10:49:06 AM,24826.5,150,3723975.0,54711638565.0
2025-08-01 10:49:06 AM,24830.0,0,0.0,54711638565.0
2025-08-01 10:49:07 AM,24830.0,375,9311250.0,54720949815.0
2025-08-01 10:49:07 AM,24831.9,75,1862392.5,54722812207.5
2025-08-01 10:49:08 AM,24833.3,0,0.0,54722812207.5
2025-08-01 10:49:09 AM,24833.3,75,1862497.5,54724674705.0
2025-08-01 10:49:10 AM,24830.0,0,0.0,54724674705.0
2025-08-01 10:49:10 AM,24835.0,0,0.0,54724674705.0
2025-08-01 10:49:11 AM,24835.0,375,9313125.0,54733987830.0
2025-08-01 10:49:12 AM,24835.0,150,3725250.0,54737713080.0
2025-08-01 10:49:21 AM,24830.3,0,0.0,54737713080.0
2025-08-01 10:49:22 AM,24832.5,0,0.0,54737713080.0
2025-08-01 10:49:22 AM,24832.5,225,5587312.5,54743300392.5
2025-08-01 10:49:23 AM,24830.3,0,0.0,54743300392.5
2025-08-01 10:49:24 AM,24830.3,75,1862272.5,54745162665.0
2025-08-01 10:49:28 AM,24831.8,0,0.0,54745162665.0
2025-08-01 10:49:29 AM,24830.3,450,11173635.0,54756336300.0
2025-08-01 10:49:29 AM,24832.2,0,0.0,54756336300.0
2025-08-01 10:49:30 AM,24833.2,0,0.0,54756336300.0
2025-08-01 10:49:31 AM,24833.2,150,3724980.0,54760061280.0
2025-08-01 10:49:31 AM,24830.0,75,1862250.0,54761923530.0
2025-08-01 10:49:32 AM,24832.6,0,0.0,54761923530.0
2025-08-01 10:49:32 AM,24832.6,150,3724890.0,54765648420.0
2025-08-01 10:49:33 AM,24833.7,0,0.0,54765648420.0
2025-08-01 10:49:34 AM,24833.7,75,1862527.5,54767510947.5
2025-08-01 10:49:36 AM,24834.6,0,0.0,54767510947.5
2025-08-01 10:49:37 AM,24834.6,75,1862595.0,54769373542.5
2025-08-01 10:49:42 AM,24834.7,0,0.0,54769373542.5
2025-08-01 10:49:42 AM,24834.6,0,0.0,54769373542.5
2025-08-01 10:49:42 AM,24834.6,150,3725190.0,54773098732.5
2025-08-01 10:49:43 AM,24834.8,0,0.0,54773098732.5
2025-08-01 10:49:44 AM,24834.8,75,1862610.0,54774961342.5
2025-08-01 10:49:46 AM,24834.0,0,0.0,54774961342.5
2025-08-01 10:49:47 AM,24834.0,150,3725100.0,54778686442.5
2025-08-01 10:49:50 AM,24831.0,0,0.0,54778686442.5
2025-08-01 10:49:50 AM,24831.0,75,1862325.0,54780548767.5
2025-08-01 10:49:54 AM,24830.1,0,0.0,54780548767.5
2025-08-01 10:49:54 AM,24830.1,225,5586772.5,54786135540.0
2025-08-01 10:49:54 AM,24831.1,0,0.0,54786135540.0
2025-08-01 10:49:55 AM,24829.0,0,0.0,54786135540.0
2025-08-01 10:49:55 AM,24829.0,900,22346100.0,54808481640.0
2025-08-01 10:49:56 AM,24831.6,0,0.0,54808481640.0
2025-08-01 10:49:57 AM,24826.3,750,18619725.0,54827101365.0
2025-08-01 10:49:57 AM,24831.8,0,0.0,54827101365.0
2025-08-01 10:49:59 AM,24831.8,150,3724770.0,54830826135.0
2025-08-01 10:50:05 AM,24830.0,0,0.0,54830826135.0
2025-08-01 10:50:05 AM,24832.0,0,0.0,54830826135.0
2025-08-01 10:50:05 AM,24832.0,150,3724800.0,54834550935.0
2025-08-01 10:50:09 AM,24834.5,0,0.0,54834550935.0
2025-08-01 10:50:10 AM,24831.8,0,0.0,54834550935.0
2025-08-01 10:50:10 AM,24833.0,300,7449900.0,54842000835.0
2025-08-01 10:50:10 AM,24830.0,0,0.0,54842000835.0
2025-08-01 10:50:11 AM,24826.0,0,0.0,54842000835.0
2025-08-01 10:50:12 AM,24826.0,300,7447800.0,54849448635.0
2025-08-01 10:50:12 AM,24831.7,0,0.0,54849448635.0
2025-08-01 10:50:13 AM,24828.7,0,0.0,54849448635.0
2025-08-01 10:50:13 AM,24828.7,300,7448610.0,54856897245.0
2025-08-01 10:50:14 AM,24828.9,0,0.0,54856897245.0
2025-08-01 10:50:15 AM,24828.9,375,9310837.5,54866208082.5
2025-08-01 10:50:17 AM,24828.9,75,1862167.5,54868070250.0
2025-08-01 10:50:19 AM,24830.0,0,0.0,54868070250.0
2025-08-01 10:50:19 AM,24830.1,0,0.0,54868070250.0
2025-08-01 10:50:20 AM,24830.1,150,3724515.0,54871794765.0
2025-08-01 10:50:20 AM,24825.1,0,0.0,54871794765.0
2025-08-01 10:50:22 AM,24825.1,75,1861882.5,54873656647.5
2025-08-01 10:50:23 AM,24825.1,75,1861882.5,54875518530.0
2025-08-01 10:50:26 AM,24828.6,0,0.0,54875518530.0
2025-08-01 10:50:26 AM,24828.6,150,3724290.0,54879242820.0
2025-08-01 10:50:28 AM,24825.0,300,7447500.0,54886690320.0
2025-08-01 10:50:29 AM,24820.1,0,0.0,54886690320.0
2025-08-01 10:50:30 AM,24820.0,0,0.0,54886690320.0
2025-08-01 10:50:30 AM,24820.0,4125,102382500.0,54989072820.0
2025-08-01 10:50:30 AM,24823.9,0,0.0,54989072820.0
2025-08-01 10:50:31 AM,24826.7,0,0.0,54989072820.0
2025-08-01 10:50:31 AM,24826.7,825,20482027.5,55009554847.5
2025-08-01 10:50:32 AM,24826.6,0,0.0,55009554847.5
2025-08-01 10:50:33 AM,24826.3,375,9309862.5,55018864710.0
2025-08-01 10:50:34 AM,24825.9,0,0.0,55018864710.0
2025-08-01 10:50:35 AM,24820.0,225,5584500.0,55024449210.0
2025-08-01 10:50:36 AM,24821.0,75,1861575.0,55026310785.0
2025-08-01 10:50:37 AM,24823.7,0,0.0,55026310785.0
2025-08-01 10:50:37 AM,24823.7,75,1861777.5,55028172562.5
2025-08-01 10:50:37 AM,24823.8,0,0.0,55028172562.5
2025-08-01 10:50:38 AM,24823.8,75,1861785.0,55030034347.5
2025-08-01 10:50:39 AM,24821.0,0,0.0,55030034347.5
2025-08-01 10:50:39 AM,24820.0,0,0.0,55030034347.5
2025-08-01 10:50:40 AM,24820.0,1125,27922500.0,55057956847.5
2025-08-01 10:50:40 AM,24820.0,75,1861500.0,55059818347.5
2025-08-01 10:50:40 AM,24823.0,0,0.0,55059818347.5
2025-08-01 10:50:41 AM,24825.0,0,0.0,55059818347.5
2025-08-01 10:50:41 AM,24825.0,900,22342500.0,55082160847.5
2025-08-01 10:50:42 AM,24824.8,0,0.0,55082160847.5
2025-08-01 10:50:42 AM,24820.5,0,0.0,55082160847.5
2025-08-01 10:50:43 AM,24823.2,675,16755660.0,55098916507.5
2025-08-01 10:50:45 AM,24820.0,150,3723000.0,55102639507.5
2025-08-01 10:50:45 AM,24821.3,0,0.0,55102639507.5
2025-08-01 10:50:46 AM,24820.0,0,0.0,55102639507.5
2025-08-01 10:50:46 AM,24820.0,1350,33507000.0,55136146507.5
2025-08-01 10:50:47 AM,24821.3,0,0.0,55136146507.5
2025-08-01 10:50:47 AM,24819.0,0,0.0,55136146507.5
2025-08-01 10:50:48 AM,24821.3,2025,50263132.5,55186409640.0
2025-08-01 10:50:49 AM,24820.7,0,0.0,55186409640.0
2025-08-01 10:50:50 AM,24816.0,675,16750800.0,55203160440.0
2025-08-01 10:50:50 AM,24816.0,225,5583600.0,55208744040.0
2025-08-01 10:50:50 AM,24815.3,0,0.0,55208744040.0
2025-08-01 10:50:51 AM,24817.8,0,0.0,55208744040.0
2025-08-01 10:50:51 AM,24817.8,375,9306675.0,55218050715.0
2025-08-01 10:50:52 AM,24819.5,0,0.0,55218050715.0
2025-08-01 10:50:53 AM,24819.5,525,13030237.5,55231080952.5
2025-08-01 10:50:54 AM,24818.7,0,0.0,55231080952.5
2025-08-01 10:50:55 AM,24818.7,75,1861402.5,55232942355.0
2025-08-01 10:50:55 AM,24817.0,0,0.0,55232942355.0
2025-08-01 10:50:56 AM,24816.9,0,0.0,55232942355.0
2025-08-01 10:50:56 AM,24811.0,0,0.0,55232942355.0
2025-08-01 10:50:56 AM,24811.0,1950,48381450.0,55281323805.0
2025-08-01 10:50:57 AM,24816.4,0,0.0,55281323805.0
2025-08-01 10:50:58 AM,24816.6,2025,50253615.0,55331577420.0
2025-08-01 10:50:58 AM,24811.2,0,0.0,55331577420.0
2025-08-01 10:50:58 AM,24811.2,75,1860840.0,55333438260.0
2025-08-01 10:50:59 AM,24817.7,0,0.0,55333438260.0
2025-08-01 10:51:00 AM,24817.7,75,1861327.5,55335299587.5
2025-08-01 10:51:00 AM,24810.9,75,1860817.5,55337160405.0
2025-08-01 10:51:00 AM,24810.0,0,0.0,55337160405.0
2025-08-01 10:51:01 AM,24815.5,0,0.0,55337160405.0
2025-08-01 10:51:01 AM,24815.5,300,7444650.0,55344605055.0
2025-08-01 10:51:02 AM,24810.0,0,0.0,55344605055.0
2025-08-01 10:51:02 AM,24815.6,0,0.0,55344605055.0
2025-08-01 10:51:03 AM,24810.8,900,22329720.0,55366934775.0
2025-08-01 10:51:04 AM,24809.9,0,0.0,55366934775.0
2025-08-01 10:51:04 AM,24814.4,0,0.0,55366934775.0
2025-08-01 10:51:05 AM,24812.7,2325,57689527.5,55424624302.5
2025-08-01 10:51:05 AM,24814.6,0,0.0,55424624302.5
2025-08-01 10:51:06 AM,24808.0,0,0.0,55424624302.5
2025-08-01 10:51:06 AM,24808.0,225,5581800.0,55430206102.5
2025-08-01 10:51:07 AM,24812.0,0,0.0,55430206102.5
2025-08-01 10:51:08 AM,24812.0,75,1860900.0,55432067002.5
2025-08-01 10:51:08 AM,24810.1,0,0.0,55432067002.5
2025-08-01 10:51:09 AM,24812.0,0,0.0,55432067002.5
2025-08-01 10:51:10 AM,24812.0,750,18609000.0,55450676002.5
2025-08-01 10:51:11 AM,24810.0,0,0.0,55450676002.5
2025-08-01 10:51:11 AM,24810.0,450,11164500.0,55461840502.5
2025-08-01 10:51:12 AM,24812.0,0,0.0,55461840502.5
2025-08-01 10:51:12 AM,24807.0,0,0.0,55461840502.5
2025-08-01 10:51:13 AM,24807.0,525,13023675.0,55474864177.5
2025-08-01 10:51:13 AM,24812.0,0,0.0,55474864177.5
2025-08-01 10:51:13 AM,24812.0,150,3721800.0,55478585977.5
2025-08-01 10:51:14 AM,24813.9,0,0.0,55478585977.5
2025-08-01 10:51:15 AM,24806.3,1350,33488505.0,55512074482.5
2025-08-01 10:51:16 AM,24806.0,0,0.0,55512074482.5
2025-08-01 10:51:16 AM,24806.0,75,1860450.0,55513934932.5
2025-08-01 10:51:17 AM,24806.2,75,1860465.0,55515795397.5
2025-08-01 10:51:18 AM,24806.0,150,3720900.0,55519516297.5
2025-08-01 10:51:18 AM,24810.6,0,0.0,55519516297.5
2025-08-01 10:51:18 AM,24810.6,75,1860795.0,55521377092.5
2025-08-01 10:51:19 AM,24809.5,0,0.0,55521377092.5
2025-08-01 10:51:19 AM,24807.0,0,0.0,55521377092.5
2025-08-01 10:51:20 AM,24805.0,1650,40928250.0,55562305342.5
2025-08-01 10:51:20 AM,24810.0,1275,31632750.0,55593938092.5
2025-08-01 10:51:21 AM,24805.0,0,0.0,55593938092.5
2025-08-01 10:51:22 AM,24805.0,150,3720750.0,55597658842.5
2025-08-01 10:51:22 AM,24803.5,1875,46506562.5,55644165405.0
2025-08-01 10:51:22 AM,24802.1,0,0.0,55644165405.0
2025-08-01 10:51:23 AM,24802.1,300,7440630.0,55651606035.0
2025-08-01 10:51:23 AM,24807.7,0,0.0,55651606035.0
2025-08-01 10:51:23 AM,24807.7,75,1860577.5,55653466612.5
2025-08-01 10:51:24 AM,24802.0,0,0.0,55653466612.5
2025-08-01 10:51:25 AM,24802.0,300,7440600.0,55660907212.5
2025-08-01 10:51:27 AM,24807.9,0,0.0,55660907212.5
2025-08-01 10:51:28 AM,24805.2,0,0.0,55660907212.5
2025-08-01 10:51:28 AM,24805.4,225,5581215.0,55666488427.5
2025-08-01 10:51:29 AM,24810.0,0,0.0,55666488427.5
2025-08-01 10:51:29 AM,24810.6,0,0.0,55666488427.5
2025-08-01 10:51:30 AM,24809.5,1050,26049975.0,55692538402.5
2025-08-01 10:51:30 AM,24808.4,0,0.0,55692538402.5
2025-08-01 10:51:32 AM,24808.4,150,3721260.0,55696259662.5
2025-08-01 10:51:32 AM,24810.0,0,0.0,55696259662.5
2025-08-01 10:51:33 AM,24810.0,75,1860750.0,55698120412.5
2025-08-01 10:51:35 AM,24810.0,225,5582250.0,55703702662.5
2025-08-01 10:51:35 AM,24812.0,0,0.0,55703702662.5
2025-08-01 10:51:36 AM,24812.0,150,3721800.0,55707424462.5
2025-08-01 10:51:37 AM,24813.5,0,0.0,55707424462.5
2025-08-01 10:51:38 AM,24819.0,900,22337100.0,55729761562.5
2025-08-01 10:51:41 AM,24815.2,0,0.0,55729761562.5
2025-08-01 10:51:41 AM,24815.2,75,1861140.0,55731622702.5
2025-08-01 10:51:41 AM,24814.7,0,0.0,55731622702.5
2025-08-01 10:51:42 AM,24814.7,75,1861102.5,55733483805.0
2025-08-01 10:51:42 AM,24814.9,0,0.0,55733483805.0
2025-08-01 10:51:43 AM,24820.0,0,0.0,55733483805.0
2025-08-01 10:51:43 AM,24820.0,375,9307500.0,55742791305.0
2025-08-01 10:51:44 AM,24822.1,0,0.0,55742791305.0
2025-08-01 10:51:45 AM,24822.1,225,5584972.5,55748376277.5
2025-08-01 10:51:46 AM,24816.8,0,0.0,55748376277.5
2025-08-01 10:51:46 AM,24816.8,75,1861260.0,55750237537.5
2025-08-01 10:51:47 AM,24816.7,0,0.0,55750237537.5
2025-08-01 10:51:48 AM,24816.7,75,1861252.5,55752098790.0
2025-08-01 10:51:49 AM,24820.0,0,0.0,55752098790.0
2025-08-01 10:51:50 AM,24820.0,75,1861500.0,55753960290.0
2025-08-01 10:51:52 AM,24824.5,0,0.0,55753960290.0
2025-08-01 10:51:53 AM,24824.5,75,1861837.5,55755822127.5
2025-08-01 10:51:55 AM,24820.0,0,0.0,55755822127.5
2025-08-01 10:51:55 AM,24820.0,150,3723000.0,55759545127.5
2025-08-01 10:51:55 AM,24825.0,0,0.0,55759545127.5
2025-08-01 10:51:56 AM,24820.0,0,0.0,55759545127.5
2025-08-01 10:51:56 AM,24820.0,225,5584500.0,55765129627.5
2025-08-01 10:51:57 AM,24824.6,0,0.0,55765129627.5
2025-08-01 10:51:58 AM,24824.6,150,3723690.0,55768853317.5
2025-08-01 10:52:00 AM,24820.0,0,0.0,55768853317.5
2025-08-01 10:52:00 AM,24820.0,600,14892000.0,55783745317.5
2025-08-01 10:52:01 AM,24824.9,0,0.0,55783745317.5
2025-08-01 10:52:01 AM,24824.9,75,1861867.5,55785607185.0
2025-08-01 10:52:03 AM,24825.0,0,0.0,55785607185.0
2025-08-01 10:52:03 AM,24825.0,75,1861875.0,55787469060.0
2025-08-01 10:52:08 AM,24825.0,75,1861875.0,55789330935.0
2025-08-01 10:52:09 AM,24821.2,0,0.0,55789330935.0
2025-08-01 10:52:10 AM,24821.2,75,1861590.0,55791192525.0
2025-08-01 10:52:10 AM,24825.0,0,0.0,55791192525.0
2025-08-01 10:52:11 AM,24821.8,0,0.0,55791192525.0
2025-08-01 10:52:11 AM,24821.8,825,20477985.0,55811670510.0
2025-08-01 10:52:12 AM,24827.8,0,0.0,55811670510.0
2025-08-01 10:52:13 AM,24827.8,75,1862085.0,55813532595.0
2025-08-01 10:52:16 AM,24823.6,0,0.0,55813532595.0
2025-08-01 10:52:16 AM,24823.6,75,1861770.0,55815394365.0
2025-08-01 10:52:17 AM,24829.5,0,0.0,55815394365.0
2025-08-01 10:52:18 AM,24829.5,75,1862212.5,55817256577.5
2025-08-01 10:52:19 AM,24825.0,0,0.0,55817256577.5
2025-08-01 10:52:19 AM,24820.1,0,0.0,55817256577.5
2025-08-01 10:52:20 AM,24820.1,225,5584522.5,55822841100.0
2025-08-01 10:52:22 AM,24827.5,0,0.0,55822841100.0
2025-08-01 10:52:23 AM,24827.5,150,3724125.0,55826565225.0
2025-08-01 10:52:27 AM,24825.6,0,0.0,55826565225.0
2025-08-01 10:52:28 AM,24825.6,150,3723840.0,55830289065.0
2025-08-01 10:52:33 AM,24824.3,75,1861822.5,55832150887.5
2025-08-01 10:52:35 AM,24821.1,0,0.0,55832150887.5
2025-08-01 10:52:36 AM,24825.9,0,0.0,55832150887.5
2025-08-01 10:52:36 AM,24825.9,300,7447770.0,55839598657.5
2025-08-01 10:52:38 AM,24821.0,0,0.0,55839598657.5
2025-08-01 10:52:38 AM,24821.0,150,3723150.0,55843321807.5
2025-08-01 10:52:40 AM,24821.0,150,3723150.0,55847044957.5
2025-08-01 10:52:44 AM,24822.0,0,0.0,55847044957.5
2025-08-01 10:52:45 AM,24822.0,150,3723300.0,55850768257.5
2025-08-01 10:52:46 AM,24823.1,0,0.0,55850768257.5
2025-08-01 10:52:46 AM,24823.1,75,1861732.5,55852629990.0
2025-08-01 10:52:47 AM,24825.0,0,0.0,55852629990.0
2025-08-01 10:52:48 AM,24825.0,525,13033125.0,55865663115.0
2025-08-01 10:52:49 AM,24822.0,0,0.0,55865663115.0
2025-08-01 10:52:50 AM,24822.0,750,18616500.0,55884279615.0
2025-08-01 10:52:55 AM,24822.0,150,3723300.0,55888002915.0
2025-08-01 10:52:55 AM,24822.0,75,1861650.0,55889864565.0
2025-08-01 10:52:56 AM,24822.0,75,1861650.0,55891726215.0
2025-08-01 10:52:58 AM,24822.0,75,1861650.0,55893587865.0
2025-08-01 10:53:00 AM,24822.0,75,1861650.0,55895449515.0
2025-08-01 10:53:02 AM,24824.0,0,0.0,55895449515.0
2025-08-01 10:53:02 AM,24825.0,0,0.0,55895449515.0
2025-08-01 10:53:03 AM,24825.0,150,3723750.0,55899173265.0
2025-08-01 10:53:05 AM,24825.0,150,3723750.0,55902897015.0
2025-08-01 10:53:07 AM,24822.3,0,0.0,55902897015.0
2025-08-01 10:53:08 AM,24822.3,225,5585017.5,55908482032.5
2025-08-01 10:53:09 AM,24828.0,0,0.0,55908482032.5
2025-08-01 10:53:10 AM,24825.0,0,0.0,55908482032.5
2025-08-01 10:53:10 AM,24825.0,150,3723750.0,55912205782.5
2025-08-01 10:53:12 AM,24828.0,0,0.0,55912205782.5
2025-08-01 10:53:13 AM,24828.0,75,1862100.0,55914067882.5
2025-08-01 10:53:16 AM,24826.1,0,0.0,55914067882.5
2025-08-01 10:53:16 AM,24828.0,0,0.0,55914067882.5
2025-08-01 10:53:16 AM,24828.0,1125,27931500.0,55941999382.5
2025-08-01 10:53:20 AM,24825.2,0,0.0,55941999382.5
2025-08-01 10:53:22 AM,24825.2,75,1861890.0,55943861272.5
2025-08-01 10:53:29 AM,24830.5,0,0.0,55943861272.5
2025-08-01 10:53:30 AM,24830.5,450,11173725.0,55955034997.5
2025-08-01 10:53:31 AM,24825.2,0,0.0,55955034997.5
2025-08-01 10:53:32 AM,24825.2,75,1861890.0,55956896887.5
2025-08-01 10:53:33 AM,24825.0,0,0.0,55956896887.5
2025-08-01 10:53:34 AM,24827.2,0,0.0,55956896887.5
2025-08-01 10:53:35 AM,24827.2,375,9310200.0,55966207087.5
2025-08-01 10:53:36 AM,24827.0,0,0.0,55966207087.5
2025-08-01 10:53:37 AM,24827.0,75,1862025.0,55968069112.5
2025-08-01 10:53:39 AM,24828.2,0,0.0,55968069112.5
2025-08-01 10:53:40 AM,24828.2,75,1862115.0,55969931227.5
2025-08-01 10:53:46 AM,24827.0,0,0.0,55969931227.5
2025-08-01 10:53:47 AM,24827.0,150,3724050.0,55973655277.5
2025-08-01 10:53:48 AM,24825.4,0,0.0,55973655277.5
2025-08-01 10:53:48 AM,24825.4,75,1861905.0,55975517182.5
2025-08-01 10:53:50 AM,24825.0,75,1861875.0,55977379057.5
2025-08-01 10:53:53 AM,24825.0,75,1861875.0,55979240932.5
2025-08-01 10:53:53 AM,24827.2,0,0.0,55979240932.5
2025-08-01 10:53:55 AM,24827.2,75,1862040.0,55981102972.5
2025-08-01 10:53:56 AM,24825.0,0,0.0,55981102972.5
2025-08-01 10:53:57 AM,24825.0,375,9309375.0,55990412347.5
2025-08-01 10:53:59 AM,24824.0,0,0.0,55990412347.5
2025-08-01 10:54:00 AM,24824.0,75,1861800.0,55992274147.5
2025-08-01 10:54:01 AM,24823.9,0,0.0,55992274147.5
2025-08-01 10:54:02 AM,24823.9,75,1861792.5,55994135940.0
2025-08-01 10:54:03 AM,24822.0,0,0.0,55994135940.0
2025-08-01 10:54:03 AM,24822.0,150,3723300.0,55997859240.0
2025-08-01 10:54:05 AM,24820.0,0,0.0,55997859240.0
2025-08-01 10:54:05 AM,24820.0,525,13030500.0,56010889740.0
2025-08-01 10:54:06 AM,24815.0,0,0.0,56010889740.0
2025-08-01 10:54:07 AM,24815.0,525,13027875.0,56023917615.0
2025-08-01 10:54:08 AM,24815.6,0,0.0,56023917615.0
2025-08-01 10:54:08 AM,24815.6,75,1861170.0,56025778785.0
2025-08-01 10:54:09 AM,24815.7,0,0.0,56025778785.0
2025-08-01 10:54:10 AM,24815.7,75,1861177.5,56027639962.5
2025-08-01 10:54:13 AM,24815.2,0,0.0,56027639962.5
2025-08-01 10:54:13 AM,24815.2,75,1861140.0,56029501102.5
2025-08-01 10:54:18 AM,24815.0,0,0.0,56029501102.5
2025-08-01 10:54:18 AM,24815.0,1050,26055750.0,56055556852.5
2025-08-01 10:54:20 AM,24816.6,0,0.0,56055556852.5
2025-08-01 10:54:21 AM,24816.6,75,1861245.0,56057418097.5
2025-08-01 10:54:23 AM,24819.9,0,0.0,56057418097.5
2025-08-01 10:54:23 AM,24819.9,75,1861492.5,56059279590.0
2025-08-01 10:54:28 AM,24816.6,0,0.0,56059279590.0
2025-08-01 10:54:28 AM,24816.6,75,1861245.0,56061140835.0
2025-08-01 10:54:29 AM,24815.1,0,0.0,56061140835.0
2025-08-01 10:54:29 AM,24818.3,0,0.0,56061140835.0
2025-08-01 10:54:30 AM,24818.3,150,3722745.0,56064863580.0
2025-08-01 10:54:34 AM,24816.6,0,0.0,56064863580.0
2025-08-01 10:54:34 AM,24816.6,300,7444980.0,56072308560.0
2025-08-01 10:54:35 AM,24817.2,0,0.0,56072308560.0
2025-08-01 10:54:36 AM,24817.2,75,1861290.0,56074169850.0
2025-08-01 10:54:36 AM,24815.0,0,0.0,56074169850.0
2025-08-01 10:54:36 AM,24815.0,75,1861125.0,56076030975.0
2025-08-01 10:54:39 AM,24816.5,0,0.0,56076030975.0
2025-08-01 10:54:39 AM,24816.5,75,1861237.5,56077892212.5
2025-08-01 10:54:40 AM,24816.7,0,0.0,56077892212.5
2025-08-01 10:54:41 AM,24811.0,0,0.0,56077892212.5
2025-08-01 10:54:41 AM,24811.0,600,14886600.0,56092778812.5
2025-08-01 10:54:43 AM,24811.1,0,0.0,56092778812.5
2025-08-01 10:54:43 AM,24815.0,0,0.0,56092778812.5
2025-08-01 10:54:44 AM,24815.0,150,3722250.0,56096501062.5
2025-08-01 10:54:47 AM,24815.0,75,1861125.0,56098362187.5
2025-08-01 10:54:51 AM,24815.0,150,3722250.0,56102084437.5
2025-08-01 10:54:52 AM,24811.3,0,0.0,56102084437.5
2025-08-01 10:54:52 AM,24811.3,150,3721695.0,56105806132.5
2025-08-01 10:54:53 AM,24814.6,0,0.0,56105806132.5
2025-08-01 10:54:53 AM,24817.0,0,0.0,56105806132.5
2025-08-01 10:54:54 AM,24817.0,5175,128427975.0,56234234107.5
2025-08-01 10:54:55 AM,24814.7,0,0.0,56234234107.5
2025-08-01 10:54:56 AM,24814.7,75,1861102.5,56236095210.0
2025-08-01 10:54:57 AM,24811.0,0,0.0,56236095210.0
2025-08-01 10:54:57 AM,24811.0,75,1860825.0,56237956035.0
2025-08-01 10:55:01 AM,24811.0,150,3721650.0,56241677685.0
2025-08-01 10:55:02 AM,24811.0,75,1860825.0,56243538510.0
2025-08-01 10:55:03 AM,24814.0,0,0.0,56243538510.0
2025-08-01 10:55:03 AM,24810.7,0,0.0,56243538510.0
2025-08-01 10:55:04 AM,24810.7,150,3721605.0,56247260115.0
2025-08-01 10:55:07 AM,24813.0,0,0.0,56247260115.0
2025-08-01 10:55:07 AM,24813.0,75,1860975.0,56249121090.0
2025-08-01 10:55:08 AM,24816.5,0,0.0,56249121090.0
2025-08-01 10:55:09 AM,24816.5,75,1861237.5,56250982327.5
2025-08-01 10:55:10 AM,24816.3,0,0.0,56250982327.5
2025-08-01 10:55:10 AM,24811.1,0,0.0,56250982327.5
2025-08-01 10:55:10 AM,24811.1,225,5582497.5,56256564825.0
2025-08-01 10:55:12 AM,24813.0,0,0.0,56256564825.0
2025-08-01 10:55:14 AM,24813.0,75,1860975.0,56258425800.0
2025-08-01 10:55:16 AM,24816.5,0,0.0,56258425800.0
2025-08-01 10:55:17 AM,24816.5,75,1861237.5,56260287037.5
2025-08-01 10:55:18 AM,24812.0,0,0.0,56260287037.5
2025-08-01 10:55:19 AM,24812.0,75,1860900.0,56262147937.5
2025-08-01 10:55:22 AM,24811.1,0,0.0,56262147937.5
2025-08-01 10:55:22 AM,24811.1,750,18608325.0,56280756262.5
2025-08-01 10:55:23 AM,24814.5,0,0.0,56280756262.5
2025-08-01 10:55:24 AM,24814.5,75,1861087.5,56282617350.0
2025-08-01 10:55:26 AM,24814.6,0,0.0,56282617350.0
2025-08-01 10:55:27 AM,24814.6,75,1861095.0,56284478445.0
2025-08-01 10:55:28 AM,24811.1,0,0.0,56284478445.0
2025-08-01 10:55:29 AM,24811.1,75,1860832.5,56286339277.5
2025-08-01 10:55:29 AM,24811.0,0,0.0,56286339277.5
2025-08-01 10:55:29 AM,24811.0,225,5582475.0,56291921752.5
2025-08-01 10:55:30 AM,24810.0,0,0.0,56291921752.5
2025-08-01 10:55:31 AM,24810.0,1950,48379500.0,56340301252.5
2025-08-01 10:55:32 AM,24810.0,525,13025250.0,56353326502.5
2025-08-01 10:55:34 AM,24811.0,0,0.0,56353326502.5
2025-08-01 10:55:35 AM,24806.7,0,0.0,56353326502.5
2025-08-01 10:55:36 AM,24806.7,375,9302512.5,56362629015.0
2025-08-01 10:55:36 AM,24814.4,0,0.0,56362629015.0
2025-08-01 10:55:37 AM,24814.4,375,9305400.0,56371934415.0
2025-08-01 10:55:38 AM,24813.0,0,0.0,56371934415.0
2025-08-01 10:55:38 AM,24810.0,0,0.0,56371934415.0
2025-08-01 10:55:39 AM,24810.0,150,3721500.0,56375655915.0
2025-08-01 10:55:40 AM,24808.5,0,0.0,56375655915.0
2025-08-01 10:55:40 AM,24814.2,0,0.0,56375655915.0
2025-08-01 10:55:41 AM,24814.2,450,11166390.0,56386822305.0
2025-08-01 10:55:43 AM,24808.0,0,0.0,56386822305.0
2025-08-01 10:55:44 AM,24808.0,75,1860600.0,56388682905.0
2025-08-01 10:55:45 AM,24812.2,0,0.0,56388682905.0
2025-08-01 10:55:46 AM,24812.2,150,3721830.0,56392404735.0
2025-08-01 10:55:50 AM,24807.2,0,0.0,56392404735.0
2025-08-01 10:55:51 AM,24807.2,75,1860540.0,56394265275.0
2025-08-01 10:55:55 AM,24812.0,0,0.0,56394265275.0
2025-08-01 10:55:56 AM,24812.0,75,1860900.0,56396126175.0
2025-08-01 10:55:56 AM,24815.0,0,0.0,56396126175.0
2025-08-01 10:55:57 AM,24815.0,375,9305625.0,56405431800.0
2025-08-01 10:55:57 AM,24810.3,75,1860772.5,56407292572.5
2025-08-01 10:56:02 AM,24810.6,0,0.0,56407292572.5
2025-08-01 10:56:02 AM,24810.6,450,11164770.0,56418457342.5
2025-08-01 10:56:03 AM,24815.0,0,0.0,56418457342.5
2025-08-01 10:56:03 AM,24812.6,0,0.0,56418457342.5
2025-08-01 10:56:03 AM,24812.3,0,0.0,56418457342.5
2025-08-01 10:56:04 AM,24812.7,525,13026667.5,56431484010.0
2025-08-01 10:56:05 AM,24811.1,0,0.0,56431484010.0
2025-08-01 10:56:06 AM,24811.1,150,3721665.0,56435205675.0
2025-08-01 10:56:09 AM,24811.3,0,0.0,56435205675.0
2025-08-01 10:56:09 AM,24811.3,75,1860847.5,56437066522.5
2025-08-01 10:56:11 AM,24811.5,75,1860862.5,56438927385.0
2025-08-01 10:56:11 AM,24809.4,0,0.0,56438927385.0
2025-08-01 10:56:12 AM,24809.4,75,1860705.0,56440788090.0
2025-08-01 10:56:17 AM,24811.0,0,0.0,56440788090.0
2025-08-01 10:56:17 AM,24811.0,75,1860825.0,56442648915.0
2025-08-01 10:56:18 AM,24810.2,0,0.0,56442648915.0
2025-08-01 10:56:18 AM,24815.0,0,0.0,56442648915.0
2025-08-01 10:56:19 AM,24815.0,150,3722250.0,56446371165.0
2025-08-01 10:56:24 AM,24811.5,0,0.0,56446371165.0
2025-08-01 10:56:24 AM,24811.5,75,1860862.5,56448232027.5
2025-08-01 10:56:27 AM,24810.0,0,0.0,56448232027.5
2025-08-01 10:56:27 AM,24810.0,150,3721500.0,56451953527.5
2025-08-01 10:56:28 AM,24810.4,0,0.0,56451953527.5
2025-08-01 10:56:29 AM,24810.4,75,1860780.0,56453814307.5
2025-08-01 10:56:29 AM,24810.2,0,0.0,56453814307.5
2025-08-01 10:56:29 AM,24812.1,0,0.0,56453814307.5
2025-08-01 10:56:30 AM,24812.1,150,3721815.0,56457536122.5
2025-08-01 10:56:31 AM,24810.5,75,1860787.5,56459396910.0
2025-08-01 10:56:32 AM,24811.8,0,0.0,56459396910.0
2025-08-01 10:56:32 AM,24811.8,75,1860885.0,56461257795.0
2025-08-01 10:56:36 AM,24815.0,0,0.0,56461257795.0
2025-08-01 10:56:37 AM,24812.3,0,0.0,56461257795.0
2025-08-01 10:56:37 AM,24815.0,300,7444500.0,56468702295.0
2025-08-01 10:56:38 AM,24812.9,0,0.0,56468702295.0
2025-08-01 10:56:39 AM,24812.9,75,1860967.5,56470563262.5
2025-08-01 10:56:39 AM,24811.1,0,0.0,56470563262.5
2025-08-01 10:56:40 AM,24811.1,75,1860832.5,56472424095.0
2025-08-01 10:56:43 AM,24819.5,0,0.0,56472424095.0
2025-08-01 10:56:44 AM,24812.8,0,0.0,56472424095.0
2025-08-01 10:56:44 AM,24812.8,825,20470560.0,56492894655.0
2025-08-01 10:56:44 AM,24811.9,75,1860892.5,56494755547.5
2025-08-01 10:56:46 AM,24812.1,75,1860907.5,56496616455.0
2025-08-01 10:56:48 AM,24811.0,0,0.0,56496616455.0
2025-08-01 10:56:49 AM,24811.0,150,3721650.0,56500338105.0
2025-08-01 10:56:50 AM,24811.0,75,1860825.0,56502198930.0
2025-08-01 10:56:57 AM,24818.7,0,0.0,56502198930.0
2025-08-01 10:56:57 AM,24818.7,75,1861402.5,56504060332.5
2025-08-01 10:57:01 AM,24815.0,0,0.0,56504060332.5
2025-08-01 10:57:01 AM,24815.0,75,1861125.0,56505921457.5
2025-08-01 10:57:02 AM,24815.0,225,5583375.0,56511504832.5
2025-08-01 10:57:02 AM,24814.0,0,0.0,56511504832.5
2025-08-01 10:57:04 AM,24814.0,225,5583150.0,56517087982.5
2025-08-01 10:57:09 AM,24818.1,0,0.0,56517087982.5
2025-08-01 10:57:09 AM,24818.1,75,1861357.5,56518949340.0
2025-08-01 10:57:09 AM,24815.0,0,0.0,56518949340.0
2025-08-01 10:57:10 AM,24815.0,75,1861125.0,56520810465.0
2025-08-01 10:57:11 AM,24815.0,75,1861125.0,56522671590.0
2025-08-01 10:57:13 AM,24818.3,0,0.0,56522671590.0
2025-08-01 10:57:13 AM,24815.0,0,0.0,56522671590.0
2025-08-01 10:57:14 AM,24815.0,225,5583375.0,56528254965.0
2025-08-01 10:57:15 AM,24814.0,0,0.0,56528254965.0
2025-08-01 10:57:15 AM,24814.0,75,1861050.0,56530116015.0
2025-08-01 10:57:16 AM,24815.0,0,0.0,56530116015.0
2025-08-01 10:57:17 AM,24818.0,0,0.0,56530116015.0
2025-08-01 10:57:17 AM,24820.0,375,9307500.0,56539423515.0
2025-08-01 10:57:18 AM,24814.9,0,0.0,56539423515.0
2025-08-01 10:57:18 AM,24815.3,0,0.0,56539423515.0
2025-08-01 10:57:19 AM,24815.6,300,7444680.0,56546868195.0
2025-08-01 10:57:20 AM,24815.8,0,0.0,56546868195.0
2025-08-01 10:57:20 AM,24815.8,75,1861185.0,56548729380.0
2025-08-01 10:57:23 AM,24815.6,0,0.0,56548729380.0
2025-08-01 10:57:24 AM,24815.6,75,1861170.0,56550590550.0
2025-08-01 10:57:28 AM,24814.0,0,0.0,56550590550.0
2025-08-01 10:57:29 AM,24814.0,150,3722100.0,56554312650.0
2025-08-01 10:57:29 AM,24812.0,0,0.0,56554312650.0
2025-08-01 10:57:30 AM,24812.0,75,1860900.0,56556173550.0
2025-08-01 10:57:32 AM,24814.0,0,0.0,56556173550.0
2025-08-01 10:57:32 AM,24814.0,75,1861050.0,56558034600.0
2025-08-01 10:57:33 AM,24812.0,0,0.0,56558034600.0
2025-08-01 10:57:34 AM,24812.0,75,1860900.0,56559895500.0
2025-08-01 10:57:35 AM,24815.5,0,0.0,56559895500.0
2025-08-01 10:57:36 AM,24815.5,150,3722325.0,56563617825.0
2025-08-01 10:57:37 AM,24811.0,0,0.0,56563617825.0
2025-08-01 10:57:37 AM,24816.6,450,11167470.0,56574785295.0
2025-08-01 10:57:39 AM,24811.3,0,0.0,56574785295.0
2025-08-01 10:57:39 AM,24811.3,150,3721695.0,56578506990.0
2025-08-01 10:57:39 AM,24811.2,150,3721680.0,56582228670.0
2025-08-01 10:57:40 AM,24817.0,0,0.0,56582228670.0
2025-08-01 10:57:41 AM,24817.0,300,7445100.0,56589673770.0
2025-08-01 10:57:41 AM,24814.0,0,0.0,56589673770.0
2025-08-01 10:57:42 AM,24814.0,75,1861050.0,56591534820.0
2025-08-01 10:57:43 AM,24814.3,0,0.0,56591534820.0
2025-08-01 10:57:44 AM,24814.3,75,1861072.5,56593395892.5
2025-08-01 10:57:52 AM,24819.0,0,0.0,56593395892.5
2025-08-01 10:57:52 AM,24820.0,150,3723000.0,56597118892.5
2025-08-01 10:57:53 AM,24817.0,0,0.0,56597118892.5
2025-08-01 10:57:54 AM,24820.7,150,3723105.0,56600841997.5
2025-08-01 10:57:55 AM,24819.7,0,0.0,56600841997.5
2025-08-01 10:57:56 AM,24819.7,75,1861477.5,56602703475.0
2025-08-01 10:57:57 AM,24815.1,0,0.0,56602703475.0
2025-08-01 10:57:57 AM,24815.1,75,1861132.5,56604564607.5
2025-08-01 10:58:08 AM,24815.2,0,0.0,56604564607.5
2025-08-01 10:58:08 AM,24815.1,0,0.0,56604564607.5
2025-08-01 10:58:09 AM,24815.1,150,3722265.0,56608286872.5
2025-08-01 10:58:09 AM,24815.1,75,1861132.5,56610148005.0
2025-08-01 10:58:10 AM,24818.8,0,0.0,56610148005.0
2025-08-01 10:58:11 AM,24818.8,75,1861410.0,56612009415.0
2025-08-01 10:58:14 AM,24818.7,0,0.0,56612009415.0
2025-08-01 10:58:14 AM,24818.7,75,1861402.5,56613870817.5
2025-08-01 10:58:17 AM,24817.6,0,0.0,56613870817.5
2025-08-01 10:58:17 AM,24817.6,75,1861320.0,56615732137.5
2025-08-01 10:58:18 AM,24817.1,0,0.0,56615732137.5
2025-08-01 10:58:19 AM,24817.1,75,1861282.5,56617593420.0
2025-08-01 10:58:21 AM,24816.0,0,0.0,56617593420.0
2025-08-01 10:58:21 AM,24815.0,0,0.0,56617593420.0
2025-08-01 10:58:21 AM,24815.0,1200,29778000.0,56647371420.0
2025-08-01 10:58:21 AM,24810.2,0,0.0,56647371420.0
2025-08-01 10:58:22 AM,24810.0,10950,271669500.0,56919040920.0
2025-08-01 10:58:24 AM,24810.0,1875,46518750.0,56965559670.0
2025-08-01 10:58:29 AM,24811.4,0,0.0,56965559670.0
2025-08-01 10:58:29 AM,24811.4,75,1860855.0,56967420525.0
2025-08-01 10:58:29 AM,24810.1,0,0.0,56967420525.0
2025-08-01 10:58:30 AM,24810.0,0,0.0,56967420525.0
2025-08-01 10:58:31 AM,24810.0,150,3721500.0,56971142025.0
2025-08-01 10:58:32 AM,24810.0,150,3721500.0,56974863525.0
2025-08-01 10:58:36 AM,24811.1,0,0.0,56974863525.0
2025-08-01 10:58:37 AM,24811.1,75,1860832.5,56976724357.5
2025-08-01 10:58:37 AM,24814.7,0,0.0,56976724357.5
2025-08-01 10:58:37 AM,24814.7,450,11166615.0,56987890972.5
2025-08-01 10:58:38 AM,24811.1,0,0.0,56987890972.5
2025-08-01 10:58:39 AM,24811.1,75,1860832.5,56989751805.0
2025-08-01 10:58:43 AM,24810.0,0,0.0,56989751805.0
2025-08-01 10:58:44 AM,24810.0,75,1860750.0,56991612555.0
2025-08-01 10:58:45 AM,24812.0,0,0.0,56991612555.0
2025-08-01 10:58:46 AM,24812.0,375,9304500.0,57000917055.0
2025-08-01 10:58:46 AM,24818.2,0,0.0,57000917055.0
2025-08-01 10:58:47 AM,24813.4,900,22332060.0,57023249115.0
2025-08-01 10:58:56 AM,24812.1,0,0.0,57023249115.0
2025-08-01 10:58:56 AM,24818.3,4200,104236860.0,57127485975.0
2025-08-01 10:58:56 AM,24811.0,0,0.0,57127485975.0
2025-08-01 10:58:56 AM,24809.8,0,0.0,57127485975.0
2025-08-01 10:58:57 AM,24809.8,6375,158162475.0,57285648450.0
2025-08-01 10:59:00 AM,24817.2,0,0.0,57285648450.0
2025-08-01 10:59:01 AM,24817.2,150,3722580.0,57289371030.0
2025-08-01 10:59:04 AM,24813.0,150,3721950.0,57293092980.0
2025-08-01 10:59:11 AM,24819.0,0,0.0,57293092980.0
2025-08-01 10:59:12 AM,24819.0,150,3722850.0,57296815830.0
2025-08-01 10:59:14 AM,24812.3,0,0.0,57296815830.0
2025-08-01 10:59:14 AM,24812.3,450,11165535.0,57307981365.0
2025-08-01 10:59:22 AM,24820.0,0,0.0,57307981365.0
2025-08-01 10:59:22 AM,24820.0,75,1861500.0,57309842865.0
2025-08-01 10:59:25 AM,24820.3,0,0.0,57309842865.0
2025-08-01 10:59:26 AM,24820.3,75,1861522.5,57311704387.5
2025-08-01 10:59:28 AM,24815.4,75,1861155.0,57313565542.5
2025-08-01 10:59:28 AM,24815.0,0,0.0,57313565542.5
2025-08-01 10:59:29 AM,24815.0,225,5583375.0,57319148917.5
2025-08-01 10:59:33 AM,24814.3,0,0.0,57319148917.5
2025-08-01 10:59:34 AM,24814.3,75,1861072.5,57321009990.0
2025-08-01 10:59:36 AM,24812.0,0,0.0,57321009990.0
2025-08-01 10:59:36 AM,24812.0,150,3721800.0,57324731790.0
2025-08-01 10:59:39 AM,24815.3,0,0.0,57324731790.0
2025-08-01 10:59:39 AM,24815.3,75,1861147.5,57326592937.5
2025-08-01 10:59:42 AM,24812.0,0,0.0,57326592937.5
2025-08-01 10:59:43 AM,24812.0,150,3721800.0,57330314737.5
2025-08-01 10:59:46 AM,24812.1,0,0.0,57330314737.5
2025-08-01 10:59:46 AM,24812.0,225,5582700.0,57335897437.5
2025-08-01 10:59:46 AM,24813.0,0,0.0,57335897437.5
2025-08-01 10:59:47 AM,24812.0,150,3721800.0,57339619237.5
2025-08-01 10:59:49 AM,24810.1,0,0.0,57339619237.5
2025-08-01 10:59:50 AM,24810.0,0,0.0,57339619237.5
2025-08-01 10:59:51 AM,24810.0,300,7443000.0,57347062237.5
2025-08-01 10:59:52 AM,24815.0,0,0.0,57347062237.5
2025-08-01 10:59:52 AM,24815.0,75,1861125.0,57348923362.5
2025-08-01 10:59:53 AM,24809.9,0,0.0,57348923362.5
2025-08-01 10:59:54 AM,24809.9,150,3721485.0,57352644847.5
2025-08-01 10:59:58 AM,24818.8,0,0.0,57352644847.5
2025-08-01 10:59:58 AM,24821.4,0,0.0,57352644847.5
2025-08-01 10:59:59 AM,24821.6,0,0.0,57352644847.5
2025-08-01 10:59:59 AM,24821.6,4350,107973960.0,57460618807.5
2025-08-01 11:00:00 AM,24822.0,0,0.0,57460618807.5
2025-08-01 11:00:00 AM,24824.0,0,0.0,57460618807.5
2025-08-01 11:00:01 AM,24824.0,1200,29788800.0,57490407607.5
2025-08-01 11:00:03 AM,24823.4,75,1861755.0,57492269362.5
2025-08-01 11:00:04 AM,24818.8,0,0.0,57492269362.5
2025-08-01 11:00:04 AM,24818.8,75,1861410.0,57494130772.5
2025-08-01 11:00:06 AM,24819.3,0,0.0,57494130772.5
2025-08-01 11:00:07 AM,24819.3,75,1861447.5,57495992220.0
2025-08-01 11:00:10 AM,24823.2,0,0.0,57495992220.0
2025-08-01 11:00:10 AM,24822.8,0,0.0,57495992220.0
2025-08-01 11:00:11 AM,24822.8,225,5585130.0,57501577350.0
2025-08-01 11:00:11 AM,24823.1,0,0.0,57501577350.0
2025-08-01 11:00:12 AM,24823.1,75,1861732.5,57503439082.5
2025-08-01 11:00:18 AM,24823.7,0,0.0,57503439082.5
2025-08-01 11:00:18 AM,24822.5,0,0.0,57503439082.5
2025-08-01 11:00:19 AM,24822.5,150,3723375.0,57507162457.5
2025-08-01 11:00:19 AM,24825.0,0,0.0,57507162457.5
2025-08-01 11:00:21 AM,24825.0,4500,111712500.0,57618874957.5
2025-08-01 11:00:21 AM,24829.0,0,0.0,57618874957.5
2025-08-01 11:00:22 AM,24829.0,225,5586525.0,57624461482.5
2025-08-01 11:00:23 AM,24825.1,0,0.0,57624461482.5
2025-08-01 11:00:23 AM,24827.5,0,0.0,57624461482.5
2025-08-01 11:00:24 AM,24822.0,225,5584950.0,57630046432.5
2025-08-01 11:00:28 AM,24827.9,0,0.0,57630046432.5
2025-08-01 11:00:29 AM,24827.9,225,5586277.5,57635632710.0
2025-08-01 11:00:29 AM,24822.0,0,0.0,57635632710.0
2025-08-01 11:00:29 AM,24827.7,0,0.0,57635632710.0
2025-08-01 11:00:30 AM,24827.7,225,5586232.5,57641218942.5
2025-08-01 11:00:31 AM,24820.2,0,0.0,57641218942.5
2025-08-01 11:00:31 AM,24826.6,0,0.0,57641218942.5
2025-08-01 11:00:32 AM,24826.6,150,3723990.0,57644942932.5
2025-08-01 11:00:39 AM,24823.0,0,0.0,57644942932.5
2025-08-01 11:00:39 AM,24822.0,0,0.0,57644942932.5
2025-08-01 11:00:40 AM,24822.0,525,13031550.0,57657974482.5
2025-08-01 11:00:42 AM,24825.6,0,0.0,57657974482.5
2025-08-01 11:00:42 AM,24825.6,75,1861920.0,57659836402.5
2025-08-01 11:00:45 AM,24820.5,0,0.0,57659836402.5
2025-08-01 11:00:45 AM,24820.5,75,1861537.5,57661697940.0
2025-08-01 11:00:48 AM,24824.6,0,0.0,57661697940.0
2025-08-01 11:00:48 AM,24824.6,75,1861845.0,57663559785.0
2025-08-01 11:00:55 AM,24825.0,0,0.0,57663559785.0
2025-08-01 11:00:55 AM,24825.0,75,1861875.0,57665421660.0
2025-08-01 11:00:59 AM,24822.1,0,0.0,57665421660.0
2025-08-01 11:01:00 AM,24822.1,75,1861657.5,57667283317.5
2025-08-01 11:01:03 AM,24820.6,0,0.0,57667283317.5
2025-08-01 11:01:03 AM,24825.9,825,20481367.5,57687764685.0
2025-08-01 11:01:03 AM,24826.0,75,1861950.0,57689626635.0
2025-08-01 11:01:04 AM,24827.3,0,0.0,57689626635.0
2025-08-01 11:01:05 AM,24827.3,75,1862047.5,57691488682.5
2025-08-01 11:01:10 AM,24827.9,0,0.0,57691488682.5
2025-08-01 11:01:12 AM,24827.9,75,1862092.5,57693350775.0
2025-08-01 11:01:15 AM,24828.0,0,0.0,57693350775.0
2025-08-01 11:01:17 AM,24823.6,0,0.0,57693350775.0
2025-08-01 11:01:17 AM,24823.6,675,16755929.999999998,57710106705.0
2025-08-01 11:01:19 AM,24828.1,0,0.0,57710106705.0
2025-08-01 11:01:19 AM,24828.2,0,0.0,57710106705.0
2025-08-01 11:01:20 AM,24827.8,2550,63310890.0,57773417595.0
2025-08-01 11:01:23 AM,24825.5,0,0.0,57773417595.0
2025-08-01 11:01:23 AM,24825.5,150,3723825.0,57777141420.0
2025-08-01 11:01:24 AM,24827.4,0,0.0,57777141420.0
2025-08-01 11:01:25 AM,24822.0,2025,50264550.0,57827405970.0
2025-08-01 11:01:33 AM,24828.0,0,0.0,57827405970.0
2025-08-01 11:01:33 AM,24828.0,150,3724200.0,57831130170.0
2025-08-01 11:01:35 AM,24828.0,75,1862100.0,57832992270.0
2025-08-01 11:01:38 AM,24830.0,0,0.0,57832992270.0
2025-08-01 11:01:38 AM,24830.0,450,11173500.0,57844165770.0
2025-08-01 11:01:40 AM,24830.0,75,1862250.0,57846028020.0
2025-08-01 11:01:42 AM,24828.7,75,1862152.5,57847890172.5
2025-08-01 11:01:45 AM,24831.0,0,0.0,57847890172.5
2025-08-01 11:01:47 AM,24831.0,150,3724650.0,57851614822.5
2025-08-01 11:01:53 AM,24831.0,75,1862325.0,57853477147.5
2025-08-01 11:01:54 AM,24831.8,0,0.0,57853477147.5
2025-08-01 11:01:55 AM,24831.8,150,3724770.0,57857201917.5
2025-08-01 11:01:57 AM,24831.8,75,1862385.0,57859064302.5
2025-08-01 11:02:02 AM,24831.5,0,0.0,57859064302.5
2025-08-01 11:02:02 AM,24831.5,75,1862362.5,57860926665.0
2025-08-01 11:02:06 AM,24834.9,0,0.0,57860926665.0
2025-08-01 11:02:07 AM,24834.9,600,14900940.0,57875827605.0
2025-08-01 11:02:07 AM,24831.0,0,0.0,57875827605.0
2025-08-01 11:02:08 AM,24831.0,75,1862325.0,57877689930.0
2025-08-01 11:02:12 AM,24835.0,0,0.0,57877689930.0
2025-08-01 11:02:13 AM,24836.0,0,0.0,57877689930.0
2025-08-01 11:02:13 AM,24836.0,1425,35391300.0,57913081230.0
2025-08-01 11:02:16 AM,24839.0,0,0.0,57913081230.0
2025-08-01 11:02:17 AM,24839.0,1350,33532650.0,57946613880.0
2025-08-01 11:02:18 AM,24839.0,75,1862925.0,57948476805.0
2025-08-01 11:02:20 AM,24839.1,0,0.0,57948476805.0
2025-08-01 11:02:20 AM,24841.0,0,0.0,57948476805.0
2025-08-01 11:02:20 AM,24841.0,5100,126689100.0,58075165905.0
2025-08-01 11:02:21 AM,24843.0,0,0.0,58075165905.0
2025-08-01 11:02:22 AM,24843.3,0,0.0,58075165905.0
2025-08-01 11:02:22 AM,24843.3,1650,40991445.0,58116157350.0
2025-08-01 11:02:22 AM,24845.0,0,0.0,58116157350.0
2025-08-01 11:02:22 AM,24845.0,300,7453500.0,58123610850.0
2025-08-01 11:02:23 AM,24845.8,0,0.0,58123610850.0
2025-08-01 11:02:23 AM,24845.8,225,5590305.0,58129201155.0
2025-08-01 11:02:24 AM,24843.3,0,0.0,58129201155.0
2025-08-01 11:02:25 AM,24845.8,0,0.0,58129201155.0
2025-08-01 11:02:25 AM,24843.8,300,7453140.0,58136654295.0
2025-08-01 11:02:25 AM,24844.3,300,7453290.0,58144107585.0
2025-08-01 11:02:26 AM,24838.6,0,0.0,58144107585.0
2025-08-01 11:02:27 AM,24844.8,0,0.0,58144107585.0
2025-08-01 11:02:27 AM,24844.8,375,9316800.0,58153424385.0
2025-08-01 11:02:27 AM,24840.0,0,0.0,58153424385.0
2025-08-01 11:02:27 AM,24840.0,150,3726000.0,58157150385.0
2025-08-01 11:02:28 AM,24838.3,0,0.0,58157150385.0
2025-08-01 11:02:28 AM,24838.3,75,1862872.5,58159013257.5
2025-08-01 11:02:29 AM,24835.8,0,0.0,58159013257.5
2025-08-01 11:02:30 AM,24840.0,0,0.0,58159013257.5
2025-08-01 11:02:30 AM,24840.0,225,5589000.0,58164602257.5
2025-08-01 11:02:32 AM,24838.4,0,0.0,58164602257.5
2025-08-01 11:02:32 AM,24838.4,300,7451520.0,58172053777.5
2025-08-01 11:02:32 AM,24843.4,0,0.0,58172053777.5
2025-08-01 11:02:32 AM,24843.4,300,7453020.0,58179506797.5
2025-08-01 11:02:34 AM,24840.0,0,0.0,58179506797.5
2025-08-01 11:02:35 AM,24842.6,225,5589585.0,58185096382.5
2025-08-01 11:02:36 AM,24839.7,0,0.0,58185096382.5
2025-08-01 11:02:37 AM,24839.7,75,1862977.5,58186959360.0
2025-08-01 11:02:37 AM,24840.0,0,0.0,58186959360.0
2025-08-01 11:02:38 AM,24840.0,150,3726000.0,58190685360.0
2025-08-01 11:02:38 AM,24840.0,75,1863000.0,58192548360.0
2025-08-01 11:02:39 AM,24841.5,0,0.0,58192548360.0
2025-08-01 11:02:40 AM,24842.4,150,3726360.0,58196274720.0
2025-08-01 11:02:42 AM,24838.0,0,0.0,58196274720.0
2025-08-01 11:02:43 AM,24838.0,675,16765650.0,58213040370.0
2025-08-01 11:02:44 AM,24835.0,0,0.0,58213040370.0
2025-08-01 11:02:45 AM,24835.0,150,3725250.0,58216765620.0
2025-08-01 11:02:46 AM,24838.9,0,0.0,58216765620.0
2025-08-01 11:02:46 AM,24838.9,150,3725835.0,58220491455.0
2025-08-01 11:02:49 AM,24835.0,0,0.0,58220491455.0
2025-08-01 11:02:49 AM,24831.7,0,0.0,58220491455.0
2025-08-01 11:02:50 AM,24831.7,975,24210907.5,58244702362.5
2025-08-01 11:02:53 AM,24839.0,0,0.0,58244702362.5
2025-08-01 11:02:53 AM,24839.0,75,1862925.0,58246565287.5
2025-08-01 11:03:00 AM,24834.4,0,0.0,58246565287.5
2025-08-01 11:03:01 AM,24834.4,75,1862580.0,58248427867.5
2025-08-01 11:03:03 AM,24838.1,0,0.0,58248427867.5
2025-08-01 11:03:03 AM,24840.0,0,0.0,58248427867.5
2025-08-01 11:03:04 AM,24838.1,0,0.0,58248427867.5
2025-08-01 11:03:05 AM,24840.0,0,0.0,58248427867.5
2025-08-01 11:03:05 AM,24840.0,2550,63342000.0,58311769867.5
2025-08-01 11:03:06 AM,24841.0,0,0.0,58311769867.5
2025-08-01 11:03:06 AM,24841.0,75,1863075.0,58313632942.5
2025-08-01 11:03:10 AM,24842.7,0,0.0,58313632942.5
2025-08-01 11:03:11 AM,24842.7,75,1863202.5,58315496145.0
2025-08-01 11:03:13 AM,24843.5,0,0.0,58315496145.0
2025-08-01 11:03:13 AM,24843.5,300,7453050.0,58322949195.0
2025-08-01 11:03:14 AM,24837.0,0,0.0,58322949195.0
2025-08-01 11:03:15 AM,24837.0,150,3725550.0,58326674745.0
2025-08-01 11:03:22 AM,24836.2,0,0.0,58326674745.0
2025-08-01 11:03:23 AM,24843.0,0,0.0,58326674745.0
2025-08-01 11:03:23 AM,24843.0,1875,46580625.0,58373255370.0
2025-08-01 11:03:28 AM,24840.6,0,0.0,58373255370.0
2025-08-01 11:03:29 AM,24840.6,225,5589135.0,58378844505.0
2025-08-01 11:03:35 AM,24841.0,0,0.0,58378844505.0
2025-08-01 11:03:36 AM,24840.0,0,0.0,58378844505.0
2025-08-01 11:03:36 AM,24840.0,375,9315000.0,58388159505.0
2025-08-01 11:03:38 AM,24838.4,0,0.0,58388159505.0
2025-08-01 11:03:38 AM,24835.0,2325,57741375.0,58445900880.0
2025-08-01 11:03:39 AM,24837.9,0,0.0,58445900880.0
2025-08-01 11:03:39 AM,24837.9,75,1862842.5,58447763722.5
2025-08-01 11:03:40 AM,24837.0,0,0.0,58447763722.5
2025-08-01 11:03:41 AM,24837.0,75,1862775.0,58449626497.5
2025-08-01 11:03:41 AM,24834.1,0,0.0,58449626497.5
2025-08-01 11:03:43 AM,24834.1,750,18625575.0,58468252072.5
2025-08-01 11:03:43 AM,24840.0,0,0.0,58468252072.5
2025-08-01 11:03:44 AM,24839.9,0,0.0,58468252072.5
2025-08-01 11:03:44 AM,24839.9,1875,46574812.5,58514826885.0
2025-08-01 11:03:45 AM,24839.8,0,0.0,58514826885.0
2025-08-01 11:03:46 AM,24834.0,0,0.0,58514826885.0
2025-08-01 11:03:46 AM,24834.0,825,20488050.0,58535314935.0
2025-08-01 11:03:48 AM,24841.8,0,0.0,58535314935.0
2025-08-01 11:03:49 AM,24841.8,1575,39125835.0,58574440770.0
2025-08-01 11:03:50 AM,24836.2,0,0.0,58574440770.0
2025-08-01 11:03:50 AM,24841.7,0,0.0,58574440770.0
2025-08-01 11:03:51 AM,24841.7,150,3726255.0,58578167025.0
2025-08-01 11:03:53 AM,24835.2,0,0.0,58578167025.0
2025-08-01 11:03:54 AM,24835.2,150,3725280.0,58581892305.0
2025-08-01 11:03:55 AM,24837.5,0,0.0,58581892305.0
2025-08-01 11:03:56 AM,24837.5,75,1862812.5,58583755117.5
2025-08-01 11:04:00 AM,24840.5,0,0.0,58583755117.5
2025-08-01 11:04:01 AM,24840.5,75,1863037.5,58585618155.0
2025-08-01 11:04:05 AM,24840.0,0,0.0,58585618155.0
2025-08-01 11:04:06 AM,24840.0,75,1863000.0,58587481155.0
2025-08-01 11:04:09 AM,24840.5,0,0.0,58587481155.0
2025-08-01 11:04:11 AM,24843.0,0,0.0,58587481155.0
2025-08-01 11:04:11 AM,24843.0,150,3726450.0,58591207605.0
2025-08-01 11:04:14 AM,24841.0,0,0.0,58591207605.0
2025-08-01 11:04:16 AM,24841.0,75,1863075.0,58593070680.0
2025-08-01 11:04:20 AM,24843.0,0,0.0,58593070680.0
2025-08-01 11:04:21 AM,24843.0,75,1863225.0,58594933905.0
2025-08-01 11:04:21 AM,24843.0,150,3726450.0,58598660355.0
2025-08-01 11:04:22 AM,24841.0,150,3726150.0,58602386505.0
2025-08-01 11:04:24 AM,24840.0,0,0.0,58602386505.0
2025-08-01 11:04:24 AM,24840.0,75,1863000.0,58604249505.0
2025-08-01 11:04:27 AM,24843.0,0,0.0,58604249505.0
2025-08-01 11:04:27 AM,24843.0,75,1863225.0,58606112730.0
2025-08-01 11:04:28 AM,24841.0,0,0.0,58606112730.0
2025-08-01 11:04:29 AM,24841.0,75,1863075.0,58607975805.0
2025-08-01 11:04:29 AM,24841.1,0,0.0,58607975805.0
2025-08-01 11:04:30 AM,24843.0,0,0.0,58607975805.0
2025-08-01 11:04:31 AM,24841.0,300,7452300.0,58615428105.0
2025-08-01 11:04:35 AM,24843.5,0,0.0,58615428105.0
2025-08-01 11:04:36 AM,24843.5,600,14906100.0,58630334205.0
2025-08-01 11:04:36 AM,24847.3,0,0.0,58630334205.0
2025-08-01 11:04:36 AM,24847.3,1800,44725140.0,58675059345.0
2025-08-01 11:04:37 AM,24841.0,0,0.0,58675059345.0
2025-08-01 11:04:37 AM,24841.0,225,5589225.0,58680648570.0
2025-08-01 11:04:39 AM,24841.9,0,0.0,58680648570.0
2025-08-01 11:04:39 AM,24841.9,75,1863142.5,58682511712.5
2025-08-01 11:04:44 AM,24845.4,0,0.0,58682511712.5
2025-08-01 11:04:46 AM,24845.4,75,1863405.0,58684375117.5
2025-08-01 11:04:47 AM,24846.0,0,0.0,58684375117.5
2025-08-01 11:04:47 AM,24846.0,75,1863450.0,58686238567.5
2025-08-01 11:04:48 AM,24845.0,0,0.0,58686238567.5
2025-08-01 11:04:49 AM,24845.0,75,1863375.0,58688101942.5
2025-08-01 11:04:50 AM,24848.0,0,0.0,58688101942.5
2025-08-01 11:04:51 AM,24848.0,600,14908800.0,58703010742.5
2025-08-01 11:04:51 AM,24845.4,0,0.0,58703010742.5
2025-08-01 11:04:52 AM,24845.4,75,1863405.0,58704874147.5
2025-08-01 11:04:53 AM,24845.0,0,0.0,58704874147.5
2025-08-01 11:04:54 AM,24847.4,0,0.0,58704874147.5
2025-08-01 11:04:54 AM,24847.4,450,11181330.0,58716055477.5
2025-08-01 11:04:55 AM,24842.1,0,0.0,58716055477.5
2025-08-01 11:04:56 AM,24842.1,75,1863157.5,58717918635.0
2025-08-01 11:04:56 AM,24845.7,0,0.0,58717918635.0
2025-08-01 11:04:56 AM,24845.7,75,1863427.5,58719782062.5
2025-08-01 11:04:57 AM,24846.3,0,0.0,58719782062.5
2025-08-01 11:04:57 AM,24846.3,75,1863472.5,58721645535.0
2025-08-01 11:04:58 AM,24842.0,0,0.0,58721645535.0
2025-08-01 11:04:59 AM,24840.0,0,0.0,58721645535.0
2025-08-01 11:04:59 AM,24840.0,600,14904000.0,58736549535.0
2025-08-01 11:05:00 AM,24842.5,0,0.0,58736549535.0
2025-08-01 11:05:01 AM,24842.5,150,3726375.0,58740275910.0
2025-08-01 11:05:02 AM,24842.8,0,0.0,58740275910.0
2025-08-01 11:05:02 AM,24842.8,75,1863210.0,58742139120.0
2025-08-01 11:05:08 AM,24847.8,0,0.0,58742139120.0
2025-08-01 11:05:09 AM,24847.8,1875,46589625.0,58788728745.0
2025-08-01 11:05:10 AM,24840.0,0,0.0,58788728745.0
2025-08-01 11:05:11 AM,24840.0,1050,26082000.0,58814810745.0
2025-08-01 11:05:13 AM,24845.2,0,0.0,58814810745.0
2025-08-01 11:05:14 AM,24845.2,75,1863390.0,58816674135.0
2025-08-01 11:05:16 AM,24839.8,0,0.0,58816674135.0
2025-08-01 11:05:17 AM,24845.0,0,0.0,58816674135.0
2025-08-01 11:05:17 AM,24845.0,150,3726750.0,58820400885.0
2025-08-01 11:05:20 AM,24842.7,0,0.0,58820400885.0
2025-08-01 11:05:21 AM,24842.7,75,1863202.5,58822264087.5
2025-08-01 11:05:22 AM,24841.9,0,0.0,58822264087.5
2025-08-01 11:05:22 AM,24841.9,75,1863142.5,58824127230.0
2025-08-01 11:05:23 AM,24842.8,0,0.0,58824127230.0
2025-08-01 11:05:24 AM,24842.8,300,7452840.0,58831580070.0
2025-08-01 11:05:24 AM,24840.0,0,0.0,58831580070.0
2025-08-01 11:05:24 AM,24840.0,75,1863000.0,58833443070.0
2025-08-01 11:05:25 AM,24837.0,0,0.0,58833443070.0
2025-08-01 11:05:25 AM,24837.0,225,5588325.0,58839031395.0
2025-08-01 11:05:26 AM,24842.2,75,1863165.0,58840894560.0
2025-08-01 11:05:28 AM,24836.5,0,0.0,58840894560.0
2025-08-01 11:05:29 AM,24836.5,75,1862737.5,58842757297.5
2025-08-01 11:05:29 AM,24836.4,0,0.0,58842757297.5
2025-08-01 11:05:30 AM,24836.4,150,3725460.0,58846482757.5
2025-08-01 11:05:35 AM,24834.8,0,0.0,58846482757.5
2025-08-01 11:05:35 AM,24833.8,0,0.0,58846482757.5
2025-08-01 11:05:35 AM,24833.8,675,16762815.0,58863245572.5
2025-08-01 11:05:43 AM,24834.5,0,0.0,58863245572.5
2025-08-01 11:05:44 AM,24834.5,75,1862587.5,58865108160.0
2025-08-01 11:05:46 AM,24838.6,0,0.0,58865108160.0
2025-08-01 11:05:47 AM,24838.6,75,1862895.0,58866971055.0
2025-08-01 11:05:47 AM,24838.3,0,0.0,58866971055.0
2025-08-01 11:05:49 AM,24838.3,75,1862872.5,58868833927.5
2025-08-01 11:05:58 AM,24834.0,0,0.0,58868833927.5
2025-08-01 11:05:59 AM,24834.0,75,1862550.0,58870696477.5
2025-08-01 11:06:01 AM,24835.7,0,0.0,58870696477.5
2025-08-01 11:06:02 AM,24835.7,75,1862677.5,58872559155.0
2025-08-01 11:06:04 AM,24835.6,0,0.0,58872559155.0
2025-08-01 11:06:04 AM,24835.6,75,1862670.0,58874421825.0
2025-08-01 11:06:05 AM,24834.0,0,0.0,58874421825.0
2025-08-01 11:06:05 AM,24834.0,75,1862550.0,58876284375.0
2025-08-01 11:06:06 AM,24832.3,0,0.0,58876284375.0
2025-08-01 11:06:07 AM,24832.3,225,5587267.5,58881871642.5
2025-08-01 11:06:13 AM,24831.1,0,0.0,58881871642.5
2025-08-01 11:06:14 AM,24831.1,150,3724665.0,58885596307.5
2025-08-01 11:06:16 AM,24825.6,0,0.0,58885596307.5
2025-08-01 11:06:17 AM,24825.6,375,9309600.0,58894905907.5
2025-08-01 11:06:18 AM,24825.1,0,0.0,58894905907.5
2025-08-01 11:06:19 AM,24825.1,150,3723765.0,58898629672.5
2025-08-01 11:06:22 AM,24825.0,300,7447500.0,58906077172.5
2025-08-01 11:06:23 AM,24824.8,0,0.0,58906077172.5
2025-08-01 11:06:23 AM,24824.3,0,0.0,58906077172.5
2025-08-01 11:06:24 AM,24821.4,525,13031235.0,58919108407.5
2025-08-01 11:06:24 AM,24821.3,0,0.0,58919108407.5
2025-08-01 11:06:24 AM,24821.3,75,1861597.5,58920970005.0
2025-08-01 11:06:24 AM,24823.7,0,0.0,58920970005.0
2025-08-01 11:06:25 AM,24825.2,0,0.0,58920970005.0
2025-08-01 11:06:25 AM,24825.2,300,7447560.0,58928417565.0
2025-08-01 11:06:25 AM,24823.7,75,1861777.5,58930279342.5
2025-08-01 11:06:27 AM,24825.1,0,0.0,58930279342.5
2025-08-01 11:06:27 AM,24825.1,75,1861882.5,58932141225.0
2025-08-01 11:06:27 AM,24822.0,150,3723300.0,58935864525.0
2025-08-01 11:06:29 AM,24821.5,0,0.0,58935864525.0
2025-08-01 11:06:30 AM,24821.5,75,1861612.5,58937726137.5
2025-08-01 11:06:35 AM,24825.2,75,1861890.0,58939588027.5
2025-08-01 11:06:36 AM,24824.7,0,0.0,58939588027.5
2025-08-01 11:06:37 AM,24824.5,0,0.0,58939588027.5
2025-08-01 11:06:37 AM,24824.5,150,3723675.0,58943311702.5
2025-08-01 11:06:38 AM,24822.2,0,0.0,58943311702.5
2025-08-01 11:06:38 AM,24826.2,150,3723930.0,58947035632.5
2025-08-01 11:06:39 AM,24822.2,75,1861665.0,58948897297.5
2025-08-01 11:06:40 AM,24822.8,0,0.0,58948897297.5
2025-08-01 11:06:40 AM,24822.8,150,3723420.0,58952620717.5
2025-08-01 11:06:51 AM,24829.2,0,0.0,58952620717.5
2025-08-01 11:06:52 AM,24829.2,75,1862190.0,58954482907.5
2025-08-01 11:06:57 AM,24827.6,75,1862070.0,58956344977.5
2025-08-01 11:07:00 AM,24831.7,150,3724755.0,58960069732.5
2025-08-01 11:07:01 AM,24828.0,0,0.0,58960069732.5
2025-08-01 11:07:02 AM,24827.0,225,5586075.0,58965655807.5
2025-08-01 11:07:06 AM,24826.9,0,0.0,58965655807.5
2025-08-01 11:07:07 AM,24826.9,150,3724035.0,58969379842.5
2025-08-01 11:07:09 AM,24826.4,0,0.0,58969379842.5
2025-08-01 11:07:10 AM,24826.4,150,3723960.0,58973103802.5
2025-08-01 11:07:22 AM,24823.1,0,0.0,58973103802.5
2025-08-01 11:07:23 AM,24823.1,75,1861732.5,58974965535.0
2025-08-01 11:07:24 AM,24826.0,0,0.0,58974965535.0
2025-08-01 11:07:25 AM,24826.0,75,1861950.0,58976827485.0
2025-08-01 11:07:25 AM,24828.2,0,0.0,58976827485.0
2025-08-01 11:07:26 AM,24828.2,675,16759035.0,58993586520.0
2025-08-01 11:07:27 AM,24824.2,0,0.0,58993586520.0
2025-08-01 11:07:28 AM,24824.2,75,1861815.0,58995448335.0
2025-08-01 11:07:30 AM,24827.0,0,0.0,58995448335.0
2025-08-01 11:07:30 AM,24827.0,75,1862025.0,58997310360.0
2025-08-01 11:07:31 AM,24824.0,0,0.0,58997310360.0
2025-08-01 11:07:31 AM,24824.0,75,1861800.0,58999172160.0
2025-08-01 11:07:39 AM,24825.0,0,0.0,58999172160.0
2025-08-01 11:07:39 AM,24821.1,225,5584747.5,59004756907.5
2025-08-01 11:07:43 AM,24822.0,0,0.0,59004756907.5
2025-08-01 11:07:43 AM,24822.0,75,1861650.0,59006618557.5
2025-08-01 11:07:44 AM,24821.0,0,0.0,59006618557.5
2025-08-01 11:07:44 AM,24820.0,0,0.0,59006618557.5
2025-08-01 11:07:44 AM,24820.0,525,13030500.0,59019649057.5
2025-08-01 11:07:45 AM,24820.1,75,1861507.5,59021510565.0
2025-08-01 11:07:46 AM,24820.0,0,0.0,59021510565.0
2025-08-01 11:07:46 AM,24820.0,375,9307500.0,59030818065.0
2025-08-01 11:07:47 AM,24821.0,0,0.0,59030818065.0
2025-08-01 11:07:48 AM,24821.0,75,1861575.0,59032679640.0
2025-08-01 11:07:54 AM,24815.2,0,0.0,59032679640.0
2025-08-01 11:07:54 AM,24815.2,1050,26055960.0,59058735600.0
2025-08-01 11:07:55 AM,24816.3,75,1861222.5,59060596822.5
2025-08-01 11:07:55 AM,24817.0,0,0.0,59060596822.5
2025-08-01 11:07:56 AM,24817.0,150,3722550.0,59064319372.5
2025-08-01 11:07:58 AM,24815.8,0,0.0,59064319372.5
2025-08-01 11:07:59 AM,24815.8,150,3722370.0,59068041742.5
2025-08-01 11:08:01 AM,24815.3,0,0.0,59068041742.5
2025-08-01 11:08:01 AM,24815.3,75,1861147.5,59069902890.0
2025-08-01 11:08:03 AM,24815.1,0,0.0,59069902890.0
2025-08-01 11:08:04 AM,24817.0,0,0.0,59069902890.0
2025-08-01 11:08:04 AM,24817.0,150,3722550.0,59073625440.0
2025-08-01 11:08:06 AM,24818.0,0,0.0,59073625440.0
2025-08-01 11:08:06 AM,24818.0,75,1861350.0,59075486790.0
2025-08-01 11:08:09 AM,24815.8,0,0.0,59075486790.0
2025-08-01 11:08:09 AM,24815.8,75,1861185.0,59077347975.0
2025-08-01 11:08:13 AM,24818.1,0,0.0,59077347975.0
2025-08-01 11:08:13 AM,24818.1,75,1861357.5,59079209332.5
2025-08-01 11:08:15 AM,24815.0,0,0.0,59079209332.5
2025-08-01 11:08:15 AM,24814.0,0,0.0,59079209332.5
2025-08-01 11:08:16 AM,24814.0,450,11166300.0,59090375632.5
2025-08-01 11:08:17 AM,24812.7,0,0.0,59090375632.5
2025-08-01 11:08:18 AM,24812.7,150,3721905.0,59094097537.5
2025-08-01 11:08:19 AM,24812.7,375,9304762.5,59103402300.0
2025-08-01 11:08:20 AM,24811.8,0,0.0,59103402300.0
2025-08-01 11:08:21 AM,24811.8,150,3721770.0,59107124070.0
2025-08-01 11:08:21 AM,24811.0,0,0.0,59107124070.0
2025-08-01 11:08:23 AM,24811.0,150,3721650.0,59110845720.0
2025-08-01 11:08:24 AM,24810.3,0,0.0,59110845720.0
2025-08-01 11:08:24 AM,24810.3,150,3721545.0,59114567265.0
2025-08-01 11:08:24 AM,24810.2,75,1860765.0,59116428030.0
2025-08-01 11:08:25 AM,24810.0,0,0.0,59116428030.0
2025-08-01 11:08:26 AM,24811.0,300,7443300.0,59123871330.0
2025-08-01 11:08:29 AM,24810.3,75,1860772.5,59125732102.5
2025-08-01 11:08:31 AM,24810.0,150,3721500.0,59129453602.5
2025-08-01 11:08:34 AM,24813.9,300,7444170.0,59136897772.5
2025-08-01 11:08:35 AM,24805.0,0,0.0,59136897772.5
2025-08-01 11:08:35 AM,24813.0,0,0.0,59136897772.5
2025-08-01 11:08:36 AM,24805.9,10875,269764162.5,59406661935.0
2025-08-01 11:08:37 AM,24813.4,0,0.0,59406661935.0
2025-08-01 11:08:37 AM,24807.2,0,0.0,59406661935.0
2025-08-01 11:08:37 AM,24807.2,1200,29768640.0,59436430575.0
2025-08-01 11:08:38 AM,24807.5,0,0.0,59436430575.0
2025-08-01 11:08:39 AM,24807.5,75,1860562.5,59438291137.5
2025-08-01 11:08:40 AM,24808.7,0,0.0,59438291137.5
2025-08-01 11:08:41 AM,24808.9,150,3721335.0,59442012472.5
2025-08-01 11:08:42 AM,24809.9,0,0.0,59442012472.5
2025-08-01 11:08:42 AM,24809.9,225,5582227.5,59447594700.0
2025-08-01 11:08:45 AM,24810.3,0,0.0,59447594700.0
2025-08-01 11:08:45 AM,24813.0,0,0.0,59447594700.0
2025-08-01 11:08:46 AM,24813.0,225,5582925.0,59453177625.0
2025-08-01 11:08:49 AM,24807.2,0,0.0,59453177625.0
2025-08-01 11:08:49 AM,24807.2,75,1860540.0,59455038165.0
2025-08-01 11:08:50 AM,24806.4,0,0.0,59455038165.0
2025-08-01 11:08:51 AM,24806.4,150,3720960.0,59458759125.0
2025-08-01 11:08:52 AM,24805.0,0,0.0,59458759125.0
2025-08-01 11:08:52 AM,24805.0,75,1860375.0,59460619500.0
2025-08-01 11:08:53 AM,24803.3,0,0.0,59460619500.0
2025-08-01 11:08:53 AM,24800.4,0,0.0,59460619500.0
2025-08-01 11:08:54 AM,24805.9,0,0.0,59460619500.0
2025-08-01 11:08:54 AM,24800.1,0,0.0,59460619500.0
2025-08-01 11:08:54 AM,24800.1,4200,104160420.0,59564779920.0
2025-08-01 11:08:56 AM,24801.5,0,0.0,59564779920.0
2025-08-01 11:08:56 AM,24801.5,1500,37202250.0,59601982170.0
2025-08-01 11:08:57 AM,24805.2,0,0.0,59601982170.0
2025-08-01 11:08:57 AM,24792.3,6900,171066870.0,59773049040.0
2025-08-01 11:08:58 AM,24791.0,1275,31608525.0,59804657565.0
2025-08-01 11:08:59 AM,24794.0,0,0.0,59804657565.0
2025-08-01 11:08:59 AM,24794.0,750,18595500.0,59823253065.0
2025-08-01 11:09:00 AM,24790.1,0,0.0,59823253065.0
2025-08-01 11:09:01 AM,24790.0,1350,33466500.0,59856719565.0
2025-08-01 11:09:02 AM,24790.0,225,5577750.0,59862297315.0
2025-08-01 11:09:03 AM,24790.0,75,1859250.0,59864156565.0
2025-08-01 11:09:03 AM,24790.1,0,0.0,59864156565.0
2025-08-01 11:09:04 AM,24790.0,0,0.0,59864156565.0
2025-08-01 11:09:04 AM,24790.0,750,18592500.0,59882749065.0
2025-08-01 11:09:05 AM,24795.0,0,0.0,59882749065.0
2025-08-01 11:09:06 AM,24795.4,0,0.0,59882749065.0
2025-08-01 11:09:06 AM,24795.4,225,5578965.0,59888328030.0
2025-08-01 11:09:07 AM,24796.0,0,0.0,59888328030.0
2025-08-01 11:09:07 AM,24797.0,1875,46494375.0,59934822405.0
2025-08-01 11:09:08 AM,24798.0,0,0.0,59934822405.0
2025-08-01 11:09:09 AM,24798.0,150,3719700.0,59938542105.0
2025-08-01 11:09:09 AM,24795.0,0,0.0,59938542105.0
2025-08-01 11:09:11 AM,24795.0,375,9298125.0,59947840230.0
2025-08-01 11:09:12 AM,24796.6,0,0.0,59947840230.0
2025-08-01 11:09:12 AM,24791.9,525,13015747.5,59960855977.5
2025-08-01 11:09:13 AM,24795.4,0,0.0,59960855977.5
2025-08-01 11:09:14 AM,24796.0,0,0.0,59960855977.5
2025-08-01 11:09:14 AM,24796.0,150,3719400.0,59964575377.5
2025-08-01 11:09:15 AM,24795.0,0,0.0,59964575377.5
2025-08-01 11:09:15 AM,24797.9,0,0.0,59964575377.5
2025-08-01 11:09:16 AM,24798.9,2100,52077690.0,60016653067.5
2025-08-01 11:09:17 AM,24799.0,0,0.0,60016653067.5
2025-08-01 11:09:17 AM,24799.0,225,5579775.0,60022232842.5
2025-08-01 11:09:19 AM,24795.9,0,0.0,60022232842.5
2025-08-01 11:09:19 AM,24800.0,450,11160000.0,60033392842.5
2025-08-01 11:09:20 AM,24794.4,0,0.0,60033392842.5
2025-08-01 11:09:21 AM,24800.4,600,14880240.0,60048273082.5
2025-08-01 11:09:22 AM,24793.0,0,0.0,60048273082.5
2025-08-01 11:09:22 AM,24793.0,75,1859475.0,60050132557.5
2025-08-01 11:09:23 AM,24795.9,0,0.0,60050132557.5
2025-08-01 11:09:23 AM,24796.4,0,0.0,60050132557.5
2025-08-01 11:09:24 AM,24796.4,1050,26036220.0,60076168777.5
2025-08-01 11:09:25 AM,24792.0,0,0.0,60076168777.5
2025-08-01 11:09:26 AM,24792.0,75,1859400.0,60078028177.5
2025-08-01 11:09:26 AM,24790.1,150,3718515.0,60081746692.5
2025-08-01 11:09:27 AM,24790.0,0,0.0,60081746692.5
2025-08-01 11:09:27 AM,24790.0,150,3718500.0,60085465192.5
2025-08-01 11:09:29 AM,24790.0,150,3718500.0,60089183692.5
2025-08-01 11:09:31 AM,24790.0,75,1859250.0,60091042942.5
2025-08-01 11:09:32 AM,24794.0,0,0.0,60091042942.5
2025-08-01 11:09:32 AM,24795.0,0,0.0,60091042942.5
2025-08-01 11:09:32 AM,24790.0,0,0.0,60091042942.5
2025-08-01 11:09:32 AM,24790.0,375,9296250.0,60100339192.5
2025-08-01 11:09:34 AM,24788.1,0,0.0,60100339192.5
2025-08-01 11:09:34 AM,24788.1,525,13013752.5,60113352945.0
2025-08-01 11:09:34 AM,24788.0,150,3718200.0,60117071145.0
2025-08-01 11:09:35 AM,24788.2,0,0.0,60117071145.0
2025-08-01 11:09:36 AM,24788.5,675,16732237.5,60133803382.5
2025-08-01 11:09:37 AM,24788.1,0,0.0,60133803382.5
2025-08-01 11:09:37 AM,24788.1,375,9295537.5,60143098920.0
2025-08-01 11:09:38 AM,24796.3,0,0.0,60143098920.0
2025-08-01 11:09:39 AM,24791.0,0,0.0,60143098920.0
2025-08-01 11:09:39 AM,24791.0,600,14874600.0,60157973520.0
2025-08-01 11:09:40 AM,24789.3,0,0.0,60157973520.0
2025-08-01 11:09:41 AM,24794.4,1125,27893700.0,60185867220.0
2025-08-01 11:09:42 AM,24788.5,0,0.0,60185867220.0
2025-08-01 11:09:42 AM,24788.1,375,9295537.5,60195162757.5
2025-08-01 11:09:44 AM,24790.0,0,0.0,60195162757.5
2025-08-01 11:09:44 AM,24790.0,75,1859250.0,60197022007.5
2025-08-01 11:09:44 AM,24790.0,75,1859250.0,60198881257.5
2025-08-01 11:09:47 AM,24796.3,0,0.0,60198881257.5
2025-08-01 11:09:47 AM,24796.3,75,1859722.5,60200740980.0
2025-08-01 11:09:48 AM,24794.4,0,0.0,60200740980.0
2025-08-01 11:09:49 AM,24798.4,0,0.0,60200740980.0
2025-08-01 11:09:49 AM,24798.4,225,5579640.0,60206320620.0
2025-08-01 11:09:50 AM,24791.6,0,0.0,60206320620.0
2025-08-01 11:09:51 AM,24791.6,75,1859370.0,60208179990.0
2025-08-01 11:09:52 AM,24795.0,0,0.0,60208179990.0
2025-08-01 11:09:52 AM,24795.0,75,1859625.0,60210039615.0
2025-08-01 11:09:53 AM,24797.5,0,0.0,60210039615.0
2025-08-01 11:09:54 AM,24797.5,225,5579437.5,60215619052.5
2025-08-01 11:09:54 AM,24795.0,0,0.0,60215619052.5
2025-08-01 11:09:56 AM,24795.0,75,1859625.0,60217478677.5
2025-08-01 11:09:57 AM,24799.5,0,0.0,60217478677.5
2025-08-01 11:09:57 AM,24796.3,300,7438890.0,60224917567.5
2025-08-01 11:09:59 AM,24795.0,0,0.0,60224917567.5
2025-08-01 11:09:59 AM,24795.0,75,1859625.0,60226777192.5
2025-08-01 11:10:01 AM,24795.0,75,1859625.0,60228636817.5
2025-08-01 11:10:01 AM,24794.0,0,0.0,60228636817.5
2025-08-01 11:10:02 AM,24795.0,0,0.0,60228636817.5
2025-08-01 11:10:02 AM,24795.0,225,5578875.0,60234215692.5
2025-08-01 11:10:04 AM,24798.8,75,1859910.0,60236075602.5
2025-08-01 11:10:05 AM,24795.0,0,0.0,60236075602.5
2025-08-01 11:10:06 AM,24795.0,75,1859625.0,60237935227.5
2025-08-01 11:10:07 AM,24797.7,0,0.0,60237935227.5
2025-08-01 11:10:07 AM,24797.7,375,9299137.5,60247234365.0
2025-08-01 11:10:09 AM,24792.3,0,0.0,60247234365.0
2025-08-01 11:10:09 AM,24792.3,10425,258459727.5,60505694092.5
2025-08-01 11:10:10 AM,24797.7,0,0.0,60505694092.5
2025-08-01 11:10:10 AM,24798.0,0,0.0,60505694092.5
2025-08-01 11:10:11 AM,24798.0,225,5579550.0,60511273642.5
2025-08-01 11:10:11 AM,24792.1,0,0.0,60511273642.5
2025-08-01 11:10:12 AM,24792.3,0,0.0,60511273642.5
2025-08-01 11:10:12 AM,24792.3,1725,42766717.5,60554040360.0
2025-08-01 11:10:13 AM,24797.7,0,0.0,60554040360.0
2025-08-01 11:10:14 AM,24797.7,75,1859827.5,60555900187.5
2025-08-01 11:10:15 AM,24792.3,0,0.0,60555900187.5
2025-08-01 11:10:16 AM,24792.3,75,1859422.5,60557759610.0
2025-08-01 11:10:21 AM,24793.0,0,0.0,60557759610.0
2025-08-01 11:10:21 AM,24793.0,75,1859475.0,60559619085.0
2025-08-01 11:10:22 AM,24792.0,0,0.0,60559619085.0
2025-08-01 11:10:22 AM,24792.0,150,3718800.0,60563337885.0
2025-08-01 11:10:23 AM,24791.4,0,0.0,60563337885.0
2025-08-01 11:10:23 AM,24791.0,0,0.0,60563337885.0
2025-08-01 11:10:24 AM,24791.0,225,5577975.0,60568915860.0
2025-08-01 11:10:25 AM,24795.9,0,0.0,60568915860.0
2025-08-01 11:10:26 AM,24795.9,150,3719385.0,60572635245.0
2025-08-01 11:10:27 AM,24791.0,0,0.0,60572635245.0
2025-08-01 11:10:28 AM,24791.0,75,1859325.0,60574494570.0
2025-08-01 11:10:29 AM,24791.0,1125,27889875.0,60602384445.0
2025-08-01 11:10:31 AM,24791.0,900,22311900.0,60624696345.0
2025-08-01 11:10:32 AM,24794.2,0,0.0,60624696345.0
2025-08-01 11:10:32 AM,24791.0,0,0.0,60624696345.0
2025-08-01 11:10:33 AM,24791.0,450,11155950.0,60635852295.0
2025-08-01 11:10:34 AM,24791.0,150,3718650.0,60639570945.0
2025-08-01 11:10:36 AM,24794.8,0,0.0,60639570945.0
2025-08-01 11:10:36 AM,24794.8,150,3719220.0,60643290165.0
2025-08-01 11:10:39 AM,24791.0,300,7437300.0,60650727465.0
2025-08-01 11:10:41 AM,24790.0,0,0.0,60650727465.0
2025-08-01 11:10:41 AM,24790.0,525,13014750.0,60663742215.0
2025-08-01 11:10:41 AM,24789.0,0,0.0,60663742215.0
2025-08-01 11:10:42 AM,24788.0,0,0.0,60663742215.0
2025-08-01 11:10:43 AM,24788.0,300,7436400.0,60671178615.0
2025-08-01 11:10:43 AM,24786.0,0,0.0,60671178615.0
2025-08-01 11:10:44 AM,24785.0,0,0.0,60671178615.0
2025-08-01 11:10:44 AM,24785.0,2775,68778375.0,60739956990.0
2025-08-01 11:10:45 AM,24789.9,0,0.0,60739956990.0
2025-08-01 11:10:46 AM,24789.9,75,1859242.5,60741816232.5
2025-08-01 11:10:46 AM,24785.0,0,0.0,60741816232.5
2025-08-01 11:10:48 AM,24785.0,150,3717750.0,60745533982.5
2025-08-01 11:10:49 AM,24788.8,0,0.0,60745533982.5
2025-08-01 11:10:49 AM,24788.8,150,3718320.0,60749252302.5
2025-08-01 11:10:51 AM,24790.0,0,0.0,60749252302.5
2025-08-01 11:10:51 AM,24790.0,225,5577750.0,60754830052.5
2025-08-01 11:10:52 AM,24785.1,0,0.0,60754830052.5
2025-08-01 11:10:53 AM,24790.8,525,13015170.0,60767845222.5
2025-08-01 11:10:54 AM,24785.0,150,3717750.0,60771562972.5
2025-08-01 11:10:57 AM,24790.8,0,0.0,60771562972.5
2025-08-01 11:10:58 AM,24790.8,75,1859310.0,60773422282.5
2025-08-01 11:10:58 AM,24787.3,0,0.0,60773422282.5
2025-08-01 11:10:58 AM,24791.0,0,0.0,60773422282.5
2025-08-01 11:10:59 AM,24795.0,0,0.0,60773422282.5
2025-08-01 11:10:59 AM,24795.0,450,11157750.0,60784580032.5
2025-08-01 11:11:00 AM,24790.8,0,0.0,60784580032.5
2025-08-01 11:11:01 AM,24790.8,75,1859310.0,60786439342.5
2025-08-01 11:11:02 AM,24791.8,0,0.0,60786439342.5
2025-08-01 11:11:02 AM,24794.8,0,0.0,60786439342.5
2025-08-01 11:11:03 AM,24794.8,225,5578830.0,60792018172.5
2025-08-01 11:11:03 AM,24791.5,0,0.0,60792018172.5
2025-08-01 11:11:04 AM,24791.5,75,1859362.5,60793877535.0
2025-08-01 11:11:06 AM,24795.0,0,0.0,60793877535.0
2025-08-01 11:11:06 AM,24795.0,75,1859625.0,60795737160.0
2025-08-01 11:11:11 AM,24796.2,0,0.0,60795737160.0
2025-08-01 11:11:12 AM,24793.2,0,0.0,60795737160.0
2025-08-01 11:11:13 AM,24793.2,150,3718980.0,60799456140.0
2025-08-01 11:11:13 AM,24794.0,0,0.0,60799456140.0
2025-08-01 11:11:14 AM,24794.0,75,1859550.0,60801315690.0
2025-08-01 11:11:15 AM,24796.3,0,0.0,60801315690.0
2025-08-01 11:11:16 AM,24796.3,75,1859722.5,60803175412.5
2025-08-01 11:11:18 AM,24797.9,0,0.0,60803175412.5
2025-08-01 11:11:19 AM,24797.9,150,3719685.0,60806895097.5
2025-08-01 11:11:20 AM,24798.0,0,0.0,60806895097.5
2025-08-01 11:11:21 AM,24796.3,150,3719445.0,60810614542.5
2025-08-01 11:11:22 AM,24796.3,75,1859722.5,60812474265.0
2025-08-01 11:11:24 AM,24797.5,0,0.0,60812474265.0
2025-08-01 11:11:24 AM,24798.4,0,0.0,60812474265.0
2025-08-01 11:11:24 AM,24801.9,0,0.0,60812474265.0
2025-08-01 11:11:24 AM,24801.9,1875,46503562.5,60858977827.5
2025-08-01 11:11:27 AM,24800.0,0,0.0,60858977827.5
2025-08-01 11:11:27 AM,24796.1,0,0.0,60858977827.5
2025-08-01 11:11:27 AM,24796.1,225,5579122.5,60864556950.0
2025-08-01 11:11:28 AM,24802.9,75,1860217.5,60866417167.5
2025-08-01 11:11:28 AM,24803.1,0,0.0,60866417167.5
2025-08-01 11:11:29 AM,24803.1,375,9301162.5,60875718330.0
2025-08-01 11:11:30 AM,24796.1,0,0.0,60875718330.0
2025-08-01 11:11:31 AM,24801.9,0,0.0,60875718330.0
2025-08-01 11:11:31 AM,24801.9,750,18601425.0,60894319755.0
2025-08-01 11:11:31 AM,24800.0,0,0.0,60894319755.0
2025-08-01 11:11:32 AM,24800.0,75,1860000.0,60896179755.0
2025-08-01 11:11:33 AM,24799.0,75,1859925.0,60898039680.0
2025-08-01 11:11:34 AM,24802.1,0,0.0,60898039680.0
2025-08-01 11:11:34 AM,24802.1,75,1860157.5,60899899837.5
2025-08-01 11:11:35 AM,24800.0,0,0.0,60899899837.5
2025-08-01 11:11:36 AM,24800.0,75,1860000.0,60901759837.5
2025-08-01 11:11:37 AM,24800.0,75,1860000.0,60903619837.5
2025-08-01 11:11:39 AM,24799.2,0,0.0,60903619837.5
2025-08-01 11:11:39 AM,24800.0,375,9300000.0,60912919837.5
2025-08-01 11:11:40 AM,24805.0,0,0.0,60912919837.5
2025-08-01 11:11:41 AM,24805.0,75,1860375.0,60914780212.5
2025-08-01 11:11:41 AM,24797.0,0,0.0,60914780212.5
2025-08-01 11:11:42 AM,24797.0,750,18597750.0,60933377962.5
2025-08-01 11:11:44 AM,24802.0,0,0.0,60933377962.5
2025-08-01 11:11:45 AM,24800.0,0,0.0,60933377962.5
2025-08-01 11:11:46 AM,24800.0,225,5580000.0,60938957962.5
2025-08-01 11:11:46 AM,24802.0,0,0.0,60938957962.5
2025-08-01 11:11:47 AM,24802.0,75,1860150.0,60940818112.5
2025-08-01 11:11:47 AM,24800.0,0,0.0,60940818112.5
2025-08-01 11:11:47 AM,24800.0,75,1860000.0,60942678112.5
2025-08-01 11:11:49 AM,24798.0,0,0.0,60942678112.5
2025-08-01 11:11:49 AM,24798.0,225,5579550.0,60948257662.5
2025-08-01 11:11:50 AM,24801.2,0,0.0,60948257662.5
2025-08-01 11:11:51 AM,24801.2,75,1860090.0,60950117752.5
2025-08-01 11:11:51 AM,24801.9,0,0.0,60950117752.5
2025-08-01 11:11:52 AM,24801.9,150,3720285.0,60953838037.5
2025-08-01 11:11:54 AM,24801.9,150,3720285.0,60957558322.5
2025-08-01 11:11:57 AM,24802.4,0,0.0,60957558322.5
2025-08-01 11:11:57 AM,24802.4,525,13021260.0,60970579582.5
2025-08-01 11:11:57 AM,24799.0,225,5579775.0,60976159357.5
2025-08-01 11:11:58 AM,24797.0,0,0.0,60976159357.5
2025-08-01 11:11:58 AM,24798.7,0,0.0,60976159357.5
2025-08-01 11:11:59 AM,24798.7,375,9299512.5,60985458870.0
2025-08-01 11:12:01 AM,24798.0,0,0.0,60985458870.0
2025-08-01 11:12:01 AM,24798.0,75,1859850.0,60987318720.0
2025-08-01 11:12:02 AM,24795.0,0,0.0,60987318720.0
2025-08-01 11:12:02 AM,24798.0,300,7439400.0,60994758120.0
2025-08-01 11:12:02 AM,24799.4,75,1859955.0,60996618075.0
2025-08-01 11:12:04 AM,24795.0,0,0.0,60996618075.0
2025-08-01 11:12:04 AM,24795.0,225,5578875.0,61002196950.0
2025-08-01 11:12:06 AM,24795.0,75,1859625.0,61004056575.0
2025-08-01 11:12:06 AM,24801.0,0,0.0,61004056575.0
2025-08-01 11:12:07 AM,24801.0,300,7440300.0,61011496875.0
2025-08-01 11:12:08 AM,24795.0,0,0.0,61011496875.0
2025-08-01 11:12:09 AM,24795.0,150,3719250.0,61015216125.0
2025-08-01 11:12:10 AM,24798.1,0,0.0,61015216125.0
2025-08-01 11:12:11 AM,24798.1,75,1859857.5,61017075982.5
2025-08-01 11:12:11 AM,24795.0,150,3719250.0,61020795232.5
2025-08-01 11:12:14 AM,24798.0,0,0.0,61020795232.5
2025-08-01 11:12:16 AM,24795.0,0,0.0,61020795232.5
2025-08-01 11:12:16 AM,24795.0,150,3719250.0,61024514482.5
2025-08-01 11:12:19 AM,24797.5,0,0.0,61024514482.5
2025-08-01 11:12:19 AM,24797.5,75,1859812.5,61026374295.0
2025-08-01 11:12:20 AM,24795.0,0,0.0,61026374295.0
2025-08-01 11:12:20 AM,24795.0,225,5578875.0,61031953170.0
2025-08-01 11:12:22 AM,24797.8,0,0.0,61031953170.0
2025-08-01 11:12:22 AM,24797.8,75,1859835.0,61033813005.0
2025-08-01 11:12:23 AM,24795.0,0,0.0,61033813005.0
2025-08-01 11:12:24 AM,24795.0,225,5578875.0,61039391880.0
2025-08-01 11:12:27 AM,24794.0,0,0.0,61039391880.0
2025-08-01 11:12:27 AM,24794.0,1200,29752800.0,61069144680.0
2025-08-01 11:12:27 AM,24792.0,75,1859400.0,61071004080.0
2025-08-01 11:12:29 AM,24790.1,0,0.0,61071004080.0
2025-08-01 11:12:30 AM,24793.9,0,0.0,61071004080.0
2025-08-01 11:12:31 AM,24793.9,600,14876340.0,61085880420.0
2025-08-01 11:12:34 AM,24790.1,150,3718515.0,61089598935.0
2025-08-01 11:12:35 AM,24791.0,0,0.0,61089598935.0
2025-08-01 11:12:36 AM,24791.0,75,1859325.0,61091458260.0
2025-08-01 11:12:37 AM,24793.9,0,0.0,61091458260.0
2025-08-01 11:12:38 AM,24790.5,0,0.0,61091458260.0
2025-08-01 11:12:39 AM,24790.5,225,5577862.5,61097036122.5
2025-08-01 11:12:42 AM,24791.0,0,0.0,61097036122.5
2025-08-01 11:12:42 AM,24791.0,75,1859325.0,61098895447.5
2025-08-01 11:12:49 AM,24795.0,0,0.0,61098895447.5
2025-08-01 11:12:50 AM,24798.0,0,0.0,61098895447.5
2025-08-01 11:12:50 AM,24798.0,1200,29757600.0,61128653047.5
2025-08-01 11:12:52 AM,24791.7,75,1859377.5,61130512425.0
2025-08-01 11:12:58 AM,24795.0,0,0.0,61130512425.0
2025-08-01 11:12:59 AM,24795.0,75,1859625.0,61132372050.0
2025-08-01 11:12:59 AM,24797.6,150,3719640.0,61136091690.0
2025-08-01 11:13:00 AM,24792.0,0,0.0,61136091690.0
2025-08-01 11:13:00 AM,24792.0,150,3718800.0,61139810490.0
2025-08-01 11:13:03 AM,24796.5,0,0.0,61139810490.0
2025-08-01 11:13:04 AM,24797.1,150,3719565.0,61143530055.0
2025-08-01 11:13:05 AM,24796.7,0,0.0,61143530055.0
2025-08-01 11:13:05 AM,24792.2,0,0.0,61143530055.0
2025-08-01 11:13:05 AM,24792.2,150,3718830.0,61147248885.0
2025-08-01 11:13:07 AM,24796.4,0,0.0,61147248885.0
2025-08-01 11:13:07 AM,24796.4,675,16737570.000000002,61163986455.0
2025-08-01 11:13:09 AM,24792.2,0,0.0,61163986455.0
2025-08-01 11:13:09 AM,24792.0,0,0.0,61163986455.0
2025-08-01 11:13:10 AM,24791.9,0,0.0,61163986455.0
2025-08-01 11:13:10 AM,24791.9,525,13015747.5,61177002202.5
2025-08-01 11:13:10 AM,24792.2,75,1859415.0,61178861617.5
2025-08-01 11:13:11 AM,24794.2,0,0.0,61178861617.5
2025-08-01 11:13:12 AM,24792.1,0,0.0,61178861617.5
2025-08-01 11:13:12 AM,24792.1,1725,42766372.5,61221627990.0
2025-08-01 11:13:13 AM,24789.9,0,0.0,61221627990.0
2025-08-01 11:13:14 AM,24787.6,1125,27886050.0,61249514040.0
2025-08-01 11:13:14 AM,24789.9,0,0.0,61249514040.0
2025-08-01 11:13:15 AM,24789.9,375,9296212.5,61258810252.5
2025-08-01 11:13:16 AM,24787.0,0,0.0,61258810252.5
2025-08-01 11:13:16 AM,24789.9,0,0.0,61258810252.5
2025-08-01 11:13:17 AM,24789.9,525,13014697.5,61271824950.0
2025-08-01 11:13:18 AM,24787.0,0,0.0,61271824950.0
2025-08-01 11:13:19 AM,24787.0,150,3718050.0,61275543000.0
2025-08-01 11:13:22 AM,24789.9,0,0.0,61275543000.0
2025-08-01 11:13:22 AM,24789.8,0,0.0,61275543000.0
2025-08-01 11:13:22 AM,24789.8,825,20451585.0,61295994585.0
2025-08-01 11:13:22 AM,24789.8,75,1859235.0,61297853820.0
2025-08-01 11:13:23 AM,24787.2,0,0.0,61297853820.0
2025-08-01 11:13:24 AM,24793.4,375,9297525.0,61307151345.0
2025-08-01 11:13:24 AM,24794.3,150,3719145.0,61310870490.0
2025-08-01 11:13:24 AM,24787.4,0,0.0,61310870490.0
2025-08-01 11:13:25 AM,24789.9,0,0.0,61310870490.0
2025-08-01 11:13:25 AM,24789.9,225,5577727.5,61316448217.5
2025-08-01 11:13:27 AM,24787.8,0,0.0,61316448217.5
2025-08-01 11:13:29 AM,24787.8,1200,29745360.0,61346193577.5
2025-08-01 11:13:30 AM,24792.8,0,0.0,61346193577.5
2025-08-01 11:13:30 AM,24792.8,75,1859460.0,61348053037.5
2025-08-01 11:13:32 AM,24787.8,0,0.0,61348053037.5
2025-08-01 11:13:32 AM,24787.8,75,1859085.0,61349912122.5
2025-08-01 11:13:33 AM,24787.0,0,0.0,61349912122.5
2025-08-01 11:13:33 AM,24785.8,0,0.0,61349912122.5
2025-08-01 11:13:33 AM,24785.8,225,5576805.0,61355488927.5
2025-08-01 11:13:34 AM,24785.9,0,0.0,61355488927.5
2025-08-01 11:13:35 AM,24785.9,1800,44614620.0,61400103547.5
2025-08-01 11:13:36 AM,24790.2,0,0.0,61400103547.5
2025-08-01 11:13:37 AM,24790.2,150,3718530.0,61403822077.5
2025-08-01 11:13:38 AM,24785.9,0,0.0,61403822077.5
2025-08-01 11:13:38 AM,24790.1,0,0.0,61403822077.5
2025-08-01 11:13:38 AM,24790.1,150,3718515.0,61407540592.5
2025-08-01 11:13:42 AM,24789.9,0,0.0,61407540592.5
2025-08-01 11:13:43 AM,24789.9,75,1859242.5,61409399835.0
2025-08-01 11:13:45 AM,24785.0,0,0.0,61409399835.0
2025-08-01 11:13:46 AM,24784.0,0,0.0,61409399835.0
2025-08-01 11:13:46 AM,24784.4,0,0.0,61409399835.0
2025-08-01 11:13:47 AM,24784.9,4800,118967520.0,61528367355.0
2025-08-01 11:13:48 AM,24784.0,0,0.0,61528367355.0
2025-08-01 11:13:48 AM,24784.0,75,1858800.0,61530226155.0
2025-08-01 11:13:49 AM,24785.2,0,0.0,61530226155.0
2025-08-01 11:13:50 AM,24783.0,0,0.0,61530226155.0
2025-08-01 11:13:50 AM,24783.0,675,16728525.0,61546954680.0
2025-08-01 11:13:51 AM,24782.4,0,0.0,61546954680.0
2025-08-01 11:13:52 AM,24782.4,225,5576040.0,61552530720.0
2025-08-01 11:13:53 AM,24780.6,0,0.0,61552530720.0
2025-08-01 11:13:53 AM,24780.6,1350,33453809.999999996,61585984530.0
2025-08-01 11:13:54 AM,24780.5,675,16726837.5,61602711367.5
2025-08-01 11:13:54 AM,24782.4,0,0.0,61602711367.5
2025-08-01 11:13:55 AM,24780.5,0,0.0,61602711367.5
2025-08-01 11:13:55 AM,24780.2,0,0.0,61602711367.5
2025-08-01 11:13:55 AM,24780.2,675,16726635.0,61619438002.5
2025-08-01 11:13:57 AM,24788.6,975,24168885.0,61643606887.5
2025-08-01 11:13:58 AM,24783.1,0,0.0,61643606887.5
2025-08-01 11:13:58 AM,24782.8,750,18587100.0,61662193987.5
2025-08-01 11:13:59 AM,24782.3,0,0.0,61662193987.5
2025-08-01 11:14:00 AM,24785.0,0,0.0,61662193987.5
2025-08-01 11:14:00 AM,24785.0,150,3717750.0,61665911737.5
2025-08-01 11:14:01 AM,24781.5,0,0.0,61665911737.5
2025-08-01 11:14:01 AM,24781.8,0,0.0,61665911737.5
2025-08-01 11:14:02 AM,24786.9,1875,46475437.5,61712387175.0
2025-08-01 11:14:02 AM,24782.4,0,0.0,61712387175.0
2025-08-01 11:14:03 AM,24780.0,2475,61330500.0,61773717675.0
2025-08-01 11:14:04 AM,24780.0,75,1858500.0,61775576175.0
2025-08-01 11:14:05 AM,24780.0,225,5575500.0,61781151675.0
2025-08-01 11:14:06 AM,24785.0,0,0.0,61781151675.0
2025-08-01 11:14:07 AM,24785.0,225,5576625.0,61786728300.0
2025-08-01 11:14:08 AM,24787.0,0,0.0,61786728300.0
2025-08-01 11:14:08 AM,24780.7,225,5575657.5,61792303957.5
2025-08-01 11:14:10 AM,24786.5,0,0.0,61792303957.5
2025-08-01 11:14:10 AM,24786.5,75,1858987.5,61794162945.0
2025-08-01 11:14:13 AM,24784.2,0,0.0,61794162945.0
2025-08-01 11:14:13 AM,24781.0,0,0.0,61794162945.0
2025-08-01 11:14:13 AM,24781.0,150,3717150.0,61797880095.0
2025-08-01 11:14:15 AM,24781.0,75,1858575.0,61799738670.0
2025-08-01 11:14:17 AM,24781.0,75,1858575.0,61801597245.0
2025-08-01 11:14:17 AM,24784.3,150,3717645.0,61805314890.0
2025-08-01 11:14:17 AM,24781.2,0,0.0,61805314890.0
2025-08-01 11:14:18 AM,24780.2,0,0.0,61805314890.0
2025-08-01 11:14:18 AM,24785.0,300,7435500.0,61812750390.0
2025-08-01 11:14:18 AM,24785.3,150,3717795.0,61816468185.0
2025-08-01 11:14:20 AM,24780.0,0,0.0,61816468185.0
2025-08-01 11:14:20 AM,24780.0,75,1858500.0,61818326685.0
2025-08-01 11:14:21 AM,24782.0,0,0.0,61818326685.0
2025-08-01 11:14:22 AM,24781.2,225,5575770.0,61823902455.0
2025-08-01 11:14:22 AM,24780.0,0,0.0,61823902455.0
2025-08-01 11:14:23 AM,24778.0,0,0.0,61823902455.0
2025-08-01 11:14:23 AM,24778.0,2925,72475650.0,61896378105.0
2025-08-01 11:14:23 AM,24777.0,450,11149650.0,61907527755.0
2025-08-01 11:14:25 AM,24778.0,0,0.0,61907527755.0
2025-08-01 11:14:25 AM,24778.0,75,1858350.0,61909386105.0
2025-08-01 11:14:26 AM,24779.0,0,0.0,61909386105.0
2025-08-01 11:14:27 AM,24779.9,150,3716985.0,61913103090.0
2025-08-01 11:14:27 AM,24780.0,0,0.0,61913103090.0
2025-08-01 11:14:28 AM,24780.0,975,24160500.0,61937263590.0
2025-08-01 11:14:28 AM,24780.0,75,1858500.0,61939122090.0
2025-08-01 11:14:29 AM,24781.9,0,0.0,61939122090.0
2025-08-01 11:14:30 AM,24780.0,0,0.0,61939122090.0
2025-08-01 11:14:30 AM,24780.0,300,7434000.0,61946556090.0
2025-08-01 11:14:32 AM,24778.0,0,0.0,61946556090.0
2025-08-01 11:14:32 AM,24778.0,1350,33450300.0,61980006390.0
2025-08-01 11:14:32 AM,24778.0,150,3716700.0,61983723090.0
2025-08-01 11:14:33 AM,24777.1,0,0.0,61983723090.0
2025-08-01 11:14:33 AM,24780.0,0,0.0,61983723090.0
2025-08-01 11:14:33 AM,24780.0,150,3717000.0,61987440090.0
2025-08-01 11:14:33 AM,24777.0,150,3716550.0,61991156640.0
2025-08-01 11:14:37 AM,24780.0,0,0.0,61991156640.0
2025-08-01 11:14:37 AM,24780.0,75,1858500.0,61993015140.0
2025-08-01 11:14:39 AM,24778.2,0,0.0,61993015140.0
2025-08-01 11:14:40 AM,24779.6,0,0.0,61993015140.0
2025-08-01 11:14:40 AM,24779.6,150,3716940.0,61996732080.0
2025-08-01 11:14:44 AM,24779.6,75,1858470.0,61998590550.0
2025-08-01 11:14:45 AM,24780.0,0,0.0,61998590550.0
2025-08-01 11:14:46 AM,24778.0,0,0.0,61998590550.0
2025-08-01 11:14:46 AM,24779.6,0,0.0,61998590550.0
2025-08-01 11:14:47 AM,24777.2,450,11149740.0,62009740290.0
2025-08-01 11:14:47 AM,24781.0,150,3717150.0,62013457440.0
2025-08-01 11:14:49 AM,24787.3,0,0.0,62013457440.0
2025-08-01 11:14:50 AM,24787.3,150,3718095.0,62017175535.0
2025-08-01 11:14:51 AM,24785.9,0,0.0,62017175535.0
2025-08-01 11:14:51 AM,24780.1,0,0.0,62017175535.0
2025-08-01 11:14:52 AM,24779.6,450,11150820.0,62028326355.0
2025-08-01 11:14:53 AM,24775.6,0,0.0,62028326355.0
2025-08-01 11:14:53 AM,24775.6,11325,280583670.0,62308910025.0
2025-08-01 11:14:54 AM,24783.6,0,0.0,62308910025.0
2025-08-01 11:14:55 AM,24783.6,375,9293850.0,62318203875.0
2025-08-01 11:14:57 AM,24782.3,0,0.0,62318203875.0
2025-08-01 11:14:58 AM,24782.3,75,1858672.5,62320062547.5
2025-08-01 11:14:59 AM,24777.0,0,0.0,62320062547.5
2025-08-01 11:15:00 AM,24777.0,75,1858275.0,62321920822.5
2025-08-01 11:15:00 AM,24777.1,0,0.0,62321920822.5
2025-08-01 11:15:00 AM,24777.1,150,3716565.0,62325637387.5
2025-08-01 11:15:02 AM,24781.0,300,7434300.0,62333071687.5
2025-08-01 11:15:03 AM,24776.6,0,0.0,62333071687.5
2025-08-01 11:15:03 AM,24776.6,450,11149470.0,62344221157.5
2025-08-01 11:15:05 AM,24780.0,75,1858500.0,62346079657.5
2025-08-01 11:15:05 AM,24780.0,150,3717000.0,62349796657.5
2025-08-01 11:15:06 AM,24783.5,0,0.0,62349796657.5
2025-08-01 11:15:07 AM,24783.5,150,3717525.0,62353514182.5
2025-08-01 11:15:07 AM,24783.6,75,1858770.0,62355372952.5
2025-08-01 11:15:08 AM,24780.0,0,0.0,62355372952.5
2025-08-01 11:15:08 AM,24780.0,300,7434000.0,62362806952.5
2025-08-01 11:15:09 AM,24777.3,0,0.0,62362806952.5
2025-08-01 11:15:10 AM,24777.3,375,9291487.5,62372098440.0
2025-08-01 11:15:10 AM,24782.0,0,0.0,62372098440.0
2025-08-01 11:15:10 AM,24782.0,150,3717300.0,62375815740.0
2025-08-01 11:15:11 AM,24783.4,0,0.0,62375815740.0
2025-08-01 11:15:12 AM,24783.4,600,14870040.0,62390685780.0
2025-08-01 11:15:13 AM,24780.0,0,0.0,62390685780.0
2025-08-01 11:15:13 AM,24780.0,150,3717000.0,62394402780.0
2025-08-01 11:15:16 AM,24782.3,0,0.0,62394402780.0
2025-08-01 11:15:16 AM,24776.6,0,0.0,62394402780.0
2025-08-01 11:15:17 AM,24776.6,450,11149470.0,62405552250.0
2025-08-01 11:15:18 AM,24781.4,0,0.0,62405552250.0
2025-08-01 11:15:18 AM,24782.7,0,0.0,62405552250.0
2025-08-01 11:15:18 AM,24776.9,0,0.0,62405552250.0
2025-08-01 11:15:18 AM,24776.9,225,5574802.5,62411127052.5
2025-08-01 11:15:20 AM,24776.9,150,3716535.0,62414843587.5
2025-08-01 11:15:21 AM,24782.2,0,0.0,62414843587.5
2025-08-01 11:15:22 AM,24782.2,75,1858665.0,62416702252.5
2025-08-01 11:15:22 AM,24777.3,0,0.0,62416702252.5
2025-08-01 11:15:23 AM,24776.6,0,0.0,62416702252.5
2025-08-01 11:15:23 AM,24776.6,300,7432980.0,62424135232.5
2025-08-01 11:15:24 AM,24776.9,0,0.0,62424135232.5
2025-08-01 11:15:25 AM,24776.9,75,1858267.5,62425993500.0
2025-08-01 11:15:25 AM,24782.9,0,0.0,62425993500.0
2025-08-01 11:15:27 AM,24782.9,225,5576152.5,62431569652.5
2025-08-01 11:15:29 AM,24781.3,0,0.0,62431569652.5
2025-08-01 11:15:30 AM,24781.3,75,1858597.5,62433428250.0
2025-08-01 11:15:30 AM,24776.9,225,5574802.5,62439003052.5
2025-08-01 11:15:31 AM,24776.6,0,0.0,62439003052.5
2025-08-01 11:15:31 AM,24776.6,225,5574735.0,62444577787.5
2025-08-01 11:15:32 AM,24781.0,0,0.0,62444577787.5
2025-08-01 11:15:33 AM,24781.0,75,1858575.0,62446436362.5
2025-08-01 11:15:34 AM,24776.6,0,0.0,62446436362.5
2025-08-01 11:15:35 AM,24776.6,225,5574735.0,62452011097.5
2025-08-01 11:15:37 AM,24780.3,0,0.0,62452011097.5
2025-08-01 11:15:37 AM,24780.3,150,3717045.0,62455728142.5
2025-08-01 11:15:37 AM,24783.0,0,0.0,62455728142.5
2025-08-01 11:15:37 AM,24779.6,0,0.0,62455728142.5
2025-08-01 11:15:38 AM,24778.0,2175,53892150.0,62509620292.5
2025-08-01 11:15:39 AM,24783.7,0,0.0,62509620292.5
2025-08-01 11:15:40 AM,24783.7,75,1858777.5,62511479070.0
2025-08-01 11:15:40 AM,24784.3,0,0.0,62511479070.0
2025-08-01 11:15:41 AM,24780.0,0,0.0,62511479070.0
2025-08-01 11:15:41 AM,24780.0,750,18585000.0,62530064070.0
2025-08-01 11:15:42 AM,24778.3,0,0.0,62530064070.0
2025-08-01 11:15:43 AM,24778.9,600,14867340.0,62544931410.0
2025-08-01 11:15:44 AM,24782.0,0,0.0,62544931410.0
2025-08-01 11:15:45 AM,24779.1,150,3716865.0,62548648275.0
2025-08-01 11:15:46 AM,24778.3,0,0.0,62548648275.0
2025-08-01 11:15:46 AM,24778.3,75,1858372.5,62550506647.5
2025-08-01 11:15:48 AM,24784.9,0,0.0,62550506647.5
2025-08-01 11:15:48 AM,24785.4,375,9294525.0,62559801172.5
2025-08-01 11:15:48 AM,24785.3,0,0.0,62559801172.5
2025-08-01 11:15:48 AM,24785.3,75,1858897.5,62561660070.0
2025-08-01 11:15:51 AM,24784.3,0,0.0,62561660070.0
2025-08-01 11:15:51 AM,24784.3,150,3717645.0,62565377715.0
2025-08-01 11:15:53 AM,24784.0,0,0.0,62565377715.0
2025-08-01 11:15:55 AM,24784.0,75,1858800.0,62567236515.0
2025-08-01 11:15:56 AM,24780.0,0,0.0,62567236515.0
2025-08-01 11:15:56 AM,24778.3,0,0.0,62567236515.0
2025-08-01 11:15:56 AM,24776.6,1425,35306655.0,62602543170.0
2025-08-01 11:15:56 AM,24776.6,225,5574735.0,62608117905.0
2025-08-01 11:15:57 AM,24778.9,0,0.0,62608117905.0
2025-08-01 11:15:58 AM,24778.9,150,3716835.0,62611834740.0
2025-08-01 11:15:59 AM,24779.2,0,0.0,62611834740.0
2025-08-01 11:16:00 AM,24779.2,225,5575320.0,62617410060.0
2025-08-01 11:16:00 AM,24776.0,0,0.0,62617410060.0
2025-08-01 11:16:01 AM,24776.0,900,22298400.0,62639708460.0
2025-08-01 11:16:03 AM,24781.2,0,0.0,62639708460.0
2025-08-01 11:16:05 AM,24781.2,75,1858590.0,62641567050.0
2025-08-01 11:16:06 AM,24780.0,0,0.0,62641567050.0
2025-08-01 11:16:06 AM,24780.0,75,1858500.0,62643425550.0
2025-08-01 11:16:07 AM,24783.4,0,0.0,62643425550.0
2025-08-01 11:16:08 AM,24783.4,75,1858755.0,62645284305.0
2025-08-01 11:16:09 AM,24780.4,0,0.0,62645284305.0
2025-08-01 11:16:10 AM,24780.4,150,3717060.0,62649001365.0
2025-08-01 11:16:10 AM,24785.9,0,0.0,62649001365.0
2025-08-01 11:16:11 AM,24785.1,0,0.0,62649001365.0
2025-08-01 11:16:11 AM,24785.1,675,16729942.499999998,62665731307.5
2025-08-01 11:16:12 AM,24783.5,0,0.0,62665731307.5
2025-08-01 11:16:13 AM,24783.5,150,3717525.0,62669448832.5
2025-08-01 11:16:13 AM,24783.9,0,0.0,62669448832.5
2025-08-01 11:16:15 AM,24783.9,75,1858792.5,62671307625.0
2025-08-01 11:16:16 AM,24783.4,0,0.0,62671307625.0
2025-08-01 11:16:16 AM,24783.4,75,1858755.0,62673166380.0
2025-08-01 11:16:20 AM,24790.0,0,0.0,62673166380.0
2025-08-01 11:16:21 AM,24790.0,150,3718500.0,62676884880.0
2025-08-01 11:16:24 AM,24785.2,0,0.0,62676884880.0
2025-08-01 11:16:24 AM,24783.9,0,0.0,62676884880.0
2025-08-01 11:16:24 AM,24789.8,225,5577705.0,62682462585.0
2025-08-01 11:16:25 AM,24785.8,0,0.0,62682462585.0
2025-08-01 11:16:26 AM,24790.0,0,0.0,62682462585.0
2025-08-01 11:16:26 AM,24790.0,150,3718500.0,62686181085.0
2025-08-01 11:16:27 AM,24789.9,0,0.0,62686181085.0
2025-08-01 11:16:27 AM,24790.0,0,0.0,62686181085.0
2025-08-01 11:16:28 AM,24790.0,300,7437000.0,62693618085.0
2025-08-01 11:16:29 AM,24785.0,0,0.0,62693618085.0
2025-08-01 11:16:29 AM,24785.0,75,1858875.0,62695476960.0
2025-08-01 11:16:30 AM,24784.7,0,0.0,62695476960.0
2025-08-01 11:16:31 AM,24790.0,0,0.0,62695476960.0
2025-08-01 11:16:31 AM,24790.0,225,5577750.0,62701054710.0
2025-08-01 11:16:32 AM,24790.3,0,0.0,62701054710.0
2025-08-01 11:16:33 AM,24790.0,225,5577750.0,62706632460.0
2025-08-01 11:16:36 AM,24786.6,0,0.0,62706632460.0
2025-08-01 11:16:36 AM,24786.6,75,1858995.0,62708491455.0
2025-08-01 11:16:37 AM,24791.8,0,0.0,62708491455.0
2025-08-01 11:16:38 AM,24793.4,150,3719010.0,62712210465.0
2025-08-01 11:16:42 AM,24793.0,0,0.0,62712210465.0
2025-08-01 11:16:42 AM,24788.1,0,0.0,62712210465.0
2025-08-01 11:16:43 AM,24787.8,225,5577255.0,62717787720.0
2025-08-01 11:16:47 AM,24788.1,0,0.0,62717787720.0
2025-08-01 11:16:48 AM,24791.7,225,5578132.5,62723365852.5
2025-08-01 11:16:53 AM,24791.8,0,0.0,62723365852.5
2025-08-01 11:16:55 AM,24791.8,150,3718770.0,62727084622.5
2025-08-01 11:16:55 AM,24793.9,0,0.0,62727084622.5
2025-08-01 11:16:56 AM,24793.9,375,9297712.5,62736382335.0
2025-08-01 11:17:00 AM,24794.0,750,18595500.0,62754977835.0
2025-08-01 11:17:01 AM,24791.5,0,0.0,62754977835.0
2025-08-01 11:17:01 AM,24791.5,225,5578087.5,62760555922.5
2025-08-01 11:17:01 AM,24791.5,75,1859362.5,62762415285.0
2025-08-01 11:17:03 AM,24791.0,150,3718650.0,62766133935.0
2025-08-01 11:17:06 AM,24789.7,75,1859227.5,62767993162.5
2025-08-01 11:17:07 AM,24789.4,0,0.0,62767993162.5
2025-08-01 11:17:08 AM,24789.4,75,1859205.0,62769852367.5
2025-08-01 11:17:09 AM,24786.0,0,0.0,62769852367.5
2025-08-01 11:17:10 AM,24786.0,150,3717900.0,62773570267.5
2025-08-01 11:17:13 AM,24786.0,450,11153700.0,62784723967.5
2025-08-01 11:17:13 AM,24786.0,225,5576850.0,62790300817.5
2025-08-01 11:17:13 AM,24785.0,0,0.0,62790300817.5
2025-08-01 11:17:15 AM,24785.0,225,5576625.0,62795877442.5
2025-08-01 11:17:18 AM,24785.0,75,1858875.0,62797736317.5
2025-08-01 11:17:19 AM,24786.8,0,0.0,62797736317.5
2025-08-01 11:17:19 AM,24780.8,0,0.0,62797736317.5
2025-08-01 11:17:19 AM,24780.8,525,13009920.0,62810746237.5
2025-08-01 11:17:21 AM,24784.7,0,0.0,62810746237.5
2025-08-01 11:17:23 AM,24784.7,150,3717705.0,62814463942.5
2025-08-01 11:17:24 AM,24780.0,0,0.0,62814463942.5
2025-08-01 11:17:24 AM,24780.0,75,1858500.0,62816322442.5
2025-08-01 11:17:28 AM,24780.6,0,0.0,62816322442.5
2025-08-01 11:17:28 AM,24780.4,150,3717060.0,62820039502.5
2025-08-01 11:17:29 AM,24781.0,0,0.0,62820039502.5
2025-08-01 11:17:29 AM,24787.4,0,0.0,62820039502.5
2025-08-01 11:17:29 AM,24787.4,450,11154330.0,62831193832.5
2025-08-01 11:17:35 AM,24788.0,0,0.0,62831193832.5
2025-08-01 11:17:36 AM,24788.0,75,1859100.0,62833052932.5
2025-08-01 11:17:39 AM,24788.0,75,1859100.0,62834912032.5
2025-08-01 11:17:51 AM,24788.0,75,1859100.0,62836771132.5
2025-08-01 11:17:53 AM,24788.0,525,13013700.0,62849784832.5
2025-08-01 11:17:53 AM,24784.8,0,0.0,62849784832.5
2025-08-01 11:17:54 AM,24784.8,225,5576580.0,62855361412.5
2025-08-01 11:17:56 AM,24788.9,75,1859167.5,62857220580.0
2025-08-01 11:17:59 AM,24787.6,0,0.0,62857220580.0
2025-08-01 11:17:59 AM,24787.6,75,1859070.0,62859079650.0
2025-08-01 11:18:02 AM,24780.4,0,0.0,62859079650.0
2025-08-01 11:18:02 AM,24780.0,0,0.0,62859079650.0
2025-08-01 11:18:03 AM,24780.0,225,5575500.0,62864655150.0
2025-08-01 11:18:05 AM,24777.0,0,0.0,62864655150.0
2025-08-01 11:18:05 AM,24778.0,0,0.0,62864655150.0
2025-08-01 11:18:06 AM,24777.9,1875,46458562.5,62911113712.5
2025-08-01 11:18:09 AM,24775.0,0,0.0,62911113712.5
2025-08-01 11:18:09 AM,24775.0,2850,70608750.0,62981722462.5
2025-08-01 11:18:11 AM,24776.5,0,0.0,62981722462.5
2025-08-01 11:18:11 AM,24774.0,0,0.0,62981722462.5
2025-08-01 11:18:12 AM,24772.0,0,0.0,62981722462.5
2025-08-01 11:18:13 AM,24772.0,2625,65026500.0,63046748962.5
2025-08-01 11:18:13 AM,24773.9,0,0.0,63046748962.5
2025-08-01 11:18:14 AM,24773.9,225,5574127.5,63052323090.0
2025-08-01 11:18:14 AM,24772.0,0,0.0,63052323090.0
2025-08-01 11:18:14 AM,24772.0,150,3715800.0,63056038890.0
2025-08-01 11:18:15 AM,24773.2,0,0.0,63056038890.0
2025-08-01 11:18:16 AM,24773.2,150,3715980.0,63059754870.0
2025-08-01 11:18:16 AM,24772.0,0,0.0,63059754870.0
2025-08-01 11:18:16 AM,24771.4,0,0.0,63059754870.0
2025-08-01 11:18:17 AM,24771.3,0,0.0,63059754870.0
2025-08-01 11:18:18 AM,24770.1,1500,37155150.0,63096910020.0
2025-08-01 11:18:18 AM,24770.0,0,0.0,63096910020.0
2025-08-01 11:18:19 AM,24770.0,2025,50159250.0,63147069270.0
2025-08-01 11:18:20 AM,24770.4,0,0.0,63147069270.0
2025-08-01 11:18:21 AM,24770.0,1725,42728250.0,63189797520.0
2025-08-01 11:18:21 AM,24771.9,525,13005247.5,63202802767.5
2025-08-01 11:18:22 AM,24773.8,0,0.0,63202802767.5
2025-08-01 11:18:23 AM,24773.9,300,7432170.0,63210234937.5
2025-08-01 11:18:24 AM,24770.0,0,0.0,63210234937.5
2025-08-01 11:18:24 AM,24770.0,225,5573250.0,63215808187.5
2025-08-01 11:18:24 AM,24770.0,75,1857750.0,63217665937.5
2025-08-01 11:18:26 AM,24770.0,150,3715500.0,63221381437.5
2025-08-01 11:18:27 AM,24770.1,0,0.0,63221381437.5
2025-08-01 11:18:27 AM,24770.1,225,5573272.5,63226954710.0
2025-08-01 11:18:28 AM,24773.9,1500,37160850.0,63264115560.0
2025-08-01 11:18:28 AM,24770.0,0,0.0,63264115560.0
2025-08-01 11:18:29 AM,24770.0,375,9288750.0,63273404310.0
2025-08-01 11:18:30 AM,24771.9,0,0.0,63273404310.0
2025-08-01 11:18:31 AM,24771.9,75,1857892.5,63275262202.5
2025-08-01 11:18:31 AM,24770.0,0,0.0,63275262202.5
2025-08-01 11:18:32 AM,24771.4,0,0.0,63275262202.5
2025-08-01 11:18:32 AM,24770.0,0,0.0,63275262202.5
2025-08-01 11:18:32 AM,24770.0,900,22293000.0,63297555202.5
2025-08-01 11:18:33 AM,24768.0,0,0.0,63297555202.5
2025-08-01 11:18:34 AM,24766.0,0,0.0,63297555202.5
2025-08-01 11:18:34 AM,24766.0,600,14859600.0,63312414802.5
2025-08-01 11:18:36 AM,24766.0,150,3714900.0,63316129702.5
2025-08-01 11:18:37 AM,24768.9,0,0.0,63316129702.5
2025-08-01 11:18:37 AM,24770.4,1200,29724480.0,63345854182.5
2025-08-01 11:18:38 AM,24771.8,75,1857885.0,63347712067.5
2025-08-01 11:18:38 AM,24771.9,0,0.0,63347712067.5
2025-08-01 11:18:39 AM,24771.4,0,0.0,63347712067.5
2025-08-01 11:18:39 AM,24771.4,150,3715710.0,63351427777.5
2025-08-01 11:18:40 AM,24766.0,0,0.0,63351427777.5
2025-08-01 11:18:41 AM,24767.9,375,9287962.5,63360715740.0
2025-08-01 11:18:42 AM,24766.0,0,0.0,63360715740.0
2025-08-01 11:18:42 AM,24767.9,0,0.0,63360715740.0
2025-08-01 11:18:42 AM,24764.1,1950,48289995.0,63409005735.0
2025-08-01 11:18:43 AM,24765.0,2100,52006500.0,63461012235.0
2025-08-01 11:18:43 AM,24767.9,0,0.0,63461012235.0
2025-08-01 11:18:44 AM,24763.2,0,0.0,63461012235.0
2025-08-01 11:18:44 AM,24763.4,1350,33430590.000000004,63494442825.0
2025-08-01 11:18:45 AM,24766.0,0,0.0,63494442825.0
2025-08-01 11:18:45 AM,24760.7,0,0.0,63494442825.0
2025-08-01 11:18:46 AM,24760.7,7350,181991145.0,63676433970.0
2025-08-01 11:18:47 AM,24767.0,0,0.0,63676433970.0
2025-08-01 11:18:47 AM,24767.0,75,1857525.0,63678291495.0
2025-08-01 11:18:48 AM,24769.0,0,0.0,63678291495.0
2025-08-01 11:18:49 AM,24769.7,0,0.0,63678291495.0
2025-08-01 11:18:49 AM,24769.7,900,22292730.0,63700584225.0
2025-08-01 11:18:50 AM,24771.9,0,0.0,63700584225.0
2025-08-01 11:18:51 AM,24767.0,1050,26005350.0,63726589575.0
2025-08-01 11:18:51 AM,24767.0,75,1857525.0,63728447100.0
2025-08-01 11:18:52 AM,24770.0,0,0.0,63728447100.0
2025-08-01 11:18:53 AM,24770.5,750,18577875.0,63747024975.0
2025-08-01 11:18:53 AM,24769.0,0,0.0,63747024975.0
2025-08-01 11:18:54 AM,24764.1,0,0.0,63747024975.0
2025-08-01 11:18:54 AM,24764.1,375,9286537.5,63756311512.5
2025-08-01 11:18:55 AM,24767.7,0,0.0,63756311512.5
2025-08-01 11:18:56 AM,24762.0,300,7428600.0,63763740112.5
2025-08-01 11:18:56 AM,24765.2,0,0.0,63763740112.5
2025-08-01 11:18:57 AM,24760.7,0,0.0,63763740112.5
2025-08-01 11:18:58 AM,24760.7,600,14856420.0,63778596532.5
2025-08-01 11:18:58 AM,24760.5,525,12999262.5,63791595795.0
2025-08-01 11:18:58 AM,24760.1,0,0.0,63791595795.0
2025-08-01 11:18:59 AM,24762.0,2400,59428800.0,63851024595.0
2025-08-01 11:18:59 AM,24760.0,0,0.0,63851024595.0
2025-08-01 11:19:01 AM,24760.0,4725,116991000.0,63968015595.0
2025-08-01 11:19:01 AM,24760.7,225,5571157.5,63973586752.5
2025-08-01 11:19:01 AM,24759.7,0,0.0,63973586752.5
2025-08-01 11:19:02 AM,24762.6,0,0.0,63973586752.5
2025-08-01 11:19:03 AM,24762.0,5025,124429050.0,64098015802.5
2025-08-01 11:19:03 AM,24767.8,0,0.0,64098015802.5
2025-08-01 11:19:04 AM,24762.0,0,0.0,64098015802.5
2025-08-01 11:19:04 AM,24762.0,300,7428600.0,64105444402.5
2025-08-01 11:19:06 AM,24767.8,525,13003095.0,64118447497.5
2025-08-01 11:19:07 AM,24762.6,0,0.0,64118447497.5
2025-08-01 11:19:08 AM,24762.6,75,1857195.0,64120304692.5
2025-08-01 11:19:08 AM,24767.8,0,0.0,64120304692.5
2025-08-01 11:19:09 AM,24767.9,0,0.0,64120304692.5
2025-08-01 11:19:09 AM,24767.9,225,5572777.5,64125877470.0
2025-08-01 11:19:10 AM,24763.0,0,0.0,64125877470.0
2025-08-01 11:19:11 AM,24763.0,150,3714450.0,64129591920.0
2025-08-01 11:19:11 AM,24767.8,225,5572755.0,64135164675.0
2025-08-01 11:19:12 AM,24767.0,0,0.0,64135164675.0
2025-08-01 11:19:13 AM,24767.0,225,5572575.0,64140737250.0
2025-08-01 11:19:13 AM,24765.0,0,0.0,64140737250.0
2025-08-01 11:19:14 AM,24767.0,0,0.0,64140737250.0
2025-08-01 11:19:14 AM,24767.0,2025,50153175.0,64190890425.0
2025-08-01 11:19:15 AM,24767.9,0,0.0,64190890425.0
2025-08-01 11:19:16 AM,24762.8,1650,40858620.0,64231749045.0
2025-08-01 11:19:17 AM,24762.6,0,0.0,64231749045.0
2025-08-01 11:19:18 AM,24762.6,1800,44572680.0,64276321725.0
2025-08-01 11:19:18 AM,24762.4,0,0.0,64276321725.0
2025-08-01 11:19:19 AM,24768.0,0,0.0,64276321725.0
2025-08-01 11:19:19 AM,24768.0,1425,35294400.0,64311616125.0
2025-08-01 11:19:20 AM,24769.2,0,0.0,64311616125.0
2025-08-01 11:19:20 AM,24765.0,0,0.0,64311616125.0
2025-08-01 11:19:21 AM,24765.0,1950,48291750.0,64359907875.0
2025-08-01 11:19:22 AM,24767.9,0,0.0,64359907875.0
2025-08-01 11:19:22 AM,24769.0,0,0.0,64359907875.0
2025-08-01 11:19:23 AM,24769.0,300,7430700.0,64367338575.0
2025-08-01 11:19:23 AM,24764.0,0,0.0,64367338575.0
2025-08-01 11:19:24 AM,24764.0,75,1857300.0,64369195875.0
2025-08-01 11:19:25 AM,24764.3,0,0.0,64369195875.0
2025-08-01 11:19:26 AM,24770.0,0,0.0,64369195875.0
2025-08-01 11:19:26 AM,24770.0,1350,33439500.0,64402635375.0
2025-08-01 11:19:26 AM,24771.4,1800,44588520.0,64447223895.0
2025-08-01 11:19:27 AM,24770.0,0,0.0,64447223895.0
2025-08-01 11:19:28 AM,24770.0,75,1857750.0,64449081645.0
2025-08-01 11:19:28 AM,24770.6,150,3715590.0,64452797235.0
2025-08-01 11:19:28 AM,24770.0,0,0.0,64452797235.0
2025-08-01 11:19:29 AM,24769.5,0,0.0,64452797235.0
2025-08-01 11:19:29 AM,24769.5,150,3715425.0,64456512660.0
2025-08-01 11:19:30 AM,24769.9,0,0.0,64456512660.0
2025-08-01 11:19:31 AM,24769.9,75,1857742.5,64458370402.5
2025-08-01 11:19:32 AM,24765.0,0,0.0,64458370402.5
2025-08-01 11:19:32 AM,24770.0,0,0.0,64458370402.5
2025-08-01 11:19:33 AM,24770.0,150,3715500.0,64462085902.5
2025-08-01 11:19:35 AM,24765.1,0,0.0,64462085902.5
2025-08-01 11:19:36 AM,24769.7,225,5573182.5,64467659085.0
2025-08-01 11:19:36 AM,24769.7,75,1857727.5,64469516812.5
2025-08-01 11:19:38 AM,24769.8,0,0.0,64469516812.5
2025-08-01 11:19:39 AM,24769.8,1500,37154700.0,64506671512.5
2025-08-01 11:19:40 AM,24769.9,0,0.0,64506671512.5
2025-08-01 11:19:41 AM,24765.1,225,5572147.5,64512243660.0
2025-08-01 11:19:44 AM,24769.9,0,0.0,64512243660.0
2025-08-01 11:19:44 AM,24769.9,75,1857742.5,64514101402.5
2025-08-01 11:19:46 AM,24770.0,0,0.0,64514101402.5
2025-08-01 11:19:46 AM,24770.0,150,3715500.0,64517816902.5
2025-08-01 11:19:48 AM,24765.2,0,0.0,64517816902.5
2025-08-01 11:19:49 AM,24765.2,75,1857390.0,64519674292.5
2025-08-01 11:19:51 AM,24770.0,0,0.0,64519674292.5
2025-08-01 11:19:51 AM,24765.8,1950,48293310.0,64567967602.5
2025-08-01 11:19:57 AM,24767.1,0,0.0,64567967602.5
2025-08-01 11:19:58 AM,24767.1,3750,92876625.0,64660844227.5
2025-08-01 11:20:00 AM,24765.0,0,0.0,64660844227.5
2025-08-01 11:20:00 AM,24770.0,0,0.0,64660844227.5
2025-08-01 11:20:00 AM,24764.0,0,0.0,64660844227.5
2025-08-01 11:20:01 AM,24764.1,2175,53861917.5,64714706145.0
2025-08-01 11:20:01 AM,24765.0,0,0.0,64714706145.0
2025-08-01 11:20:03 AM,24765.0,375,9286875.0,64723993020.0
2025-08-01 11:20:03 AM,24770.7,0,0.0,64723993020.0
2025-08-01 11:20:03 AM,24765.8,0,0.0,64723993020.0
2025-08-01 11:20:04 AM,24765.8,150,3714870.0,64727707890.0
2025-08-01 11:20:08 AM,24765.1,0,0.0,64727707890.0
2025-08-01 11:20:08 AM,24765.1,150,3714765.0,64731422655.0
2025-08-01 11:20:08 AM,24770.7,0,0.0,64731422655.0
2025-08-01 11:20:09 AM,24770.8,0,0.0,64731422655.0
2025-08-01 11:20:09 AM,24770.8,150,3715620.0,64735138275.0
2025-08-01 11:20:10 AM,24765.7,0,0.0,64735138275.0
2025-08-01 11:20:11 AM,24765.7,300,7429710.0,64742567985.0
2025-08-01 11:20:11 AM,24765.4,0,0.0,64742567985.0
2025-08-01 11:20:12 AM,24770.9,0,0.0,64742567985.0
2025-08-01 11:20:12 AM,24770.5,0,0.0,64742567985.0
2025-08-01 11:20:12 AM,24770.5,375,9288937.5,64751856922.5
2025-08-01 11:20:13 AM,24770.6,0,0.0,64751856922.5
2025-08-01 11:20:14 AM,24768.8,0,0.0,64751856922.5
2025-08-01 11:20:14 AM,24768.8,375,9288300.0,64761145222.5
2025-08-01 11:20:16 AM,24769.7,0,0.0,64761145222.5
2025-08-01 11:20:16 AM,24765.0,0,0.0,64761145222.5
2025-08-01 11:20:17 AM,24769.7,0,0.0,64761145222.5
2025-08-01 11:20:17 AM,24765.0,450,11144250.0,64772289472.5
2025-08-01 11:20:18 AM,24769.2,0,0.0,64772289472.5
2025-08-01 11:20:19 AM,24769.2,225,5573070.0,64777862542.5
2025-08-01 11:20:21 AM,24765.8,0,0.0,64777862542.5
2025-08-01 11:20:21 AM,24765.8,75,1857435.0,64779719977.5
2025-08-01 11:20:24 AM,24767.0,0,0.0,64779719977.5
2025-08-01 11:20:24 AM,24767.0,75,1857525.0,64781577502.5
2025-08-01 11:20:29 AM,24770.0,300,7431000.0,64789008502.5
2025-08-01 11:20:30 AM,24767.0,0,0.0,64789008502.5
2025-08-01 11:20:31 AM,24767.0,225,5572575.0,64794581077.5
2025-08-01 11:20:32 AM,24770.0,0,0.0,64794581077.5
2025-08-01 11:20:32 AM,24770.0,75,1857750.0,64796438827.5
2025-08-01 11:20:34 AM,24770.0,225,5573250.0,64802012077.5
2025-08-01 11:20:35 AM,24769.2,0,0.0,64802012077.5
2025-08-01 11:20:36 AM,24770.0,225,5573250.0,64807585327.5
2025-08-01 11:20:36 AM,24767.0,0,0.0,64807585327.5
2025-08-01 11:20:37 AM,24770.0,0,0.0,64807585327.5
2025-08-01 11:20:37 AM,24770.0,375,9288750.0,64816874077.5
2025-08-01 11:20:39 AM,24770.0,75,1857750.0,64818731827.5
2025-08-01 11:20:41 AM,24770.0,225,5573250.0,64824305077.5
2025-08-01 11:20:44 AM,24770.0,300,7431000.0,64831736077.5
2025-08-01 11:20:47 AM,24771.1,0,0.0,64831736077.5
2025-08-01 11:20:47 AM,24771.1,75,1857832.5,64833593910.0
2025-08-01 11:20:49 AM,24768.0,0,0.0,64833593910.0
2025-08-01 11:20:49 AM,24768.0,75,1857600.0,64835451510.0
2025-08-01 11:20:51 AM,24770.5,0,0.0,64835451510.0
2025-08-01 11:20:51 AM,24770.0,0,0.0,64835451510.0
2025-08-01 11:20:52 AM,24770.0,150,3715500.0,64839167010.0
2025-08-01 11:20:54 AM,24770.0,225,5573250.0,64844740260.0
2025-08-01 11:20:56 AM,24767.1,75,1857532.5,64846597792.5
2025-08-01 11:20:57 AM,24767.9,0,0.0,64846597792.5
2025-08-01 11:20:57 AM,24772.4,0,0.0,64846597792.5
2025-08-01 11:20:57 AM,24772.4,600,14863440.0,64861461232.5
2025-08-01 11:21:00 AM,24772.9,0,0.0,64861461232.5
2025-08-01 11:21:01 AM,24772.9,75,1857967.5,64863319200.0
2025-08-01 11:21:01 AM,24770.6,0,0.0,64863319200.0
2025-08-01 11:21:01 AM,24770.6,75,1857795.0,64865176995.0
2025-08-01 11:21:01 AM,24772.9,0,0.0,64865176995.0
2025-08-01 11:21:03 AM,24772.9,375,9289837.5,64874466832.5
2025-08-01 11:21:04 AM,24770.0,0,0.0,64874466832.5
2025-08-01 11:21:04 AM,24770.0,150,3715500.0,64878182332.5
2025-08-01 11:21:05 AM,24770.6,0,0.0,64878182332.5
2025-08-01 11:21:06 AM,24770.6,150,3715590.0,64881897922.5
2025-08-01 11:21:06 AM,24768.0,0,0.0,64881897922.5
2025-08-01 11:21:06 AM,24768.0,150,3715200.0,64885613122.5
2025-08-01 11:21:06 AM,24767.0,0,0.0,64885613122.5
2025-08-01 11:21:08 AM,24767.0,750,18575250.0,64904188372.5
2025-08-01 11:21:08 AM,24770.6,0,0.0,64904188372.5
2025-08-01 11:21:09 AM,24770.6,825,20435745.0,64924624117.5
2025-08-01 11:21:10 AM,24766.7,0,0.0,64924624117.5
2025-08-01 11:21:11 AM,24767.2,750,18575400.0,64943199517.5
2025-08-01 11:21:12 AM,24770.6,0,0.0,64943199517.5
2025-08-01 11:21:12 AM,24770.6,75,1857795.0,64945057312.5
2025-08-01 11:21:13 AM,24772.9,525,13005772.5,64958063085.0
2025-08-01 11:21:14 AM,24772.9,900,22295610.0,64980358695.0
2025-08-01 11:21:16 AM,24770.6,0,0.0,64980358695.0
2025-08-01 11:21:17 AM,24770.6,150,3715590.0,64984074285.0
2025-08-01 11:21:18 AM,24771.8,0,0.0,64984074285.0
2025-08-01 11:21:19 AM,24771.8,150,3715770.0,64987790055.0
2025-08-01 11:21:21 AM,24771.8,75,1857885.0,64989647940.0
2025-08-01 11:21:24 AM,24772.0,0,0.0,64989647940.0
2025-08-01 11:21:24 AM,24771.9,1575,39015742.5,65028663682.5
2025-08-01 11:21:25 AM,24773.9,0,0.0,65028663682.5
2025-08-01 11:21:26 AM,24773.9,375,9290212.5,65037953895.0
2025-08-01 11:21:26 AM,24773.4,0,0.0,65037953895.0
2025-08-01 11:21:27 AM,24773.9,0,0.0,65037953895.0
2025-08-01 11:21:27 AM,24773.9,225,5574127.5,65043528022.5
2025-08-01 11:21:29 AM,24770.6,0,0.0,65043528022.5
2025-08-01 11:21:29 AM,24770.6,375,9288975.0,65052816997.5
2025-08-01 11:21:29 AM,24770.0,300,7431000.0,65060247997.5
2025-08-01 11:21:30 AM,24768.9,0,0.0,65060247997.5
2025-08-01 11:21:31 AM,24768.9,150,3715335.0,65063963332.5
2025-08-01 11:21:31 AM,24768.0,0,0.0,65063963332.5
2025-08-01 11:21:32 AM,24770.9,0,0.0,65063963332.5
2025-08-01 11:21:32 AM,24770.9,300,7431270.0,65071394602.5
2025-08-01 11:21:33 AM,24770.0,0,0.0,65071394602.5
2025-08-01 11:21:34 AM,24771.4,150,3715710.0,65075110312.5
2025-08-01 11:21:34 AM,24767.1,300,7430130.0,65082540442.5
2025-08-01 11:21:35 AM,24772.5,0,0.0,65082540442.5
2025-08-01 11:21:36 AM,24768.9,375,9288337.5,65091828780.0
2025-08-01 11:21:37 AM,24771.4,0,0.0,65091828780.0
2025-08-01 11:21:37 AM,24771.4,150,3715710.0,65095544490.0
2025-08-01 11:21:44 AM,24771.4,75,1857855.0,65097402345.0
2025-08-01 11:21:46 AM,24772.7,0,0.0,65097402345.0
2025-08-01 11:21:46 AM,24772.7,75,1857952.5,65099260297.5
2025-08-01 11:21:49 AM,24771.4,0,0.0,65099260297.5
2025-08-01 11:21:49 AM,24771.4,75,1857855.0,65101118152.5
2025-08-01 11:21:52 AM,24771.4,75,1857855.0,65102976007.5
2025-08-01 11:21:55 AM,24772.9,0,0.0,65102976007.5
2025-08-01 11:21:55 AM,24773.0,0,0.0,65102976007.5
2025-08-01 11:21:56 AM,24773.0,150,3715950.0,65106691957.5
2025-08-01 11:21:57 AM,24772.0,0,0.0,65106691957.5
2025-08-01 11:21:57 AM,24772.0,75,1857900.0,65108549857.5
2025-08-01 11:21:58 AM,24773.0,0,0.0,65108549857.5
2025-08-01 11:21:59 AM,24773.0,300,7431900.0,65115981757.5
2025-08-01 11:22:00 AM,24774.4,0,0.0,65115981757.5
2025-08-01 11:22:01 AM,24774.4,75,1858080.0,65117839837.5
2025-08-01 11:22:04 AM,24775.0,0,0.0,65117839837.5
2025-08-01 11:22:06 AM,24778.0,5550,137517900.0,65255357737.5
2025-08-01 11:22:07 AM,24777.0,0,0.0,65255357737.5
2025-08-01 11:22:07 AM,24777.0,75,1858275.0,65257216012.5
2025-08-01 11:22:08 AM,24778.9,0,0.0,65257216012.5
2025-08-01 11:22:09 AM,24778.9,75,1858417.5,65259074430.0
2025-08-01 11:22:11 AM,24778.9,75,1858417.5,65260932847.5
2025-08-01 11:22:12 AM,24778.9,75,1858417.5,65262791265.0
2025-08-01 11:22:12 AM,24778.9,75,1858417.5,65264649682.5
2025-08-01 11:22:13 AM,24780.0,0,0.0,65264649682.5
2025-08-01 11:22:14 AM,24780.0,300,7434000.0,65272083682.5
2025-08-01 11:22:14 AM,24779.0,75,1858425.0,65273942107.5
2025-08-01 11:22:15 AM,24780.0,0,0.0,65273942107.5
2025-08-01 11:22:15 AM,24784.3,0,0.0,65273942107.5
2025-08-01 11:22:15 AM,24782.3,675,16728052.5,65290670160.0
2025-08-01 11:22:19 AM,24783.5,0,0.0,65290670160.0
2025-08-01 11:22:19 AM,24783.5,1125,27881437.5,65318551597.5
2025-08-01 11:22:22 AM,24780.0,0,0.0,65318551597.5
2025-08-01 11:22:22 AM,24780.0,75,1858500.0,65320410097.5
2025-08-01 11:22:24 AM,24781.0,0,0.0,65320410097.5
2025-08-01 11:22:24 AM,24781.0,75,1858575.0,65322268672.5
2025-08-01 11:22:25 AM,24782.0,0,0.0,65322268672.5
2025-08-01 11:22:25 AM,24782.0,75,1858650.0,65324127322.5
2025-08-01 11:22:29 AM,24782.0,150,3717300.0,65327844622.5
2025-08-01 11:22:29 AM,24782.0,75,1858650.0,65329703272.5
2025-08-01 11:22:29 AM,24781.0,0,0.0,65329703272.5
2025-08-01 11:22:29 AM,24781.7,0,0.0,65329703272.5
2025-08-01 11:22:30 AM,24781.0,300,7434300.0,65337137572.5
2025-08-01 11:22:33 AM,24782.0,0,0.0,65337137572.5
2025-08-01 11:22:33 AM,24781.0,0,0.0,65337137572.5
2025-08-01 11:22:34 AM,24782.0,225,5575950.0,65342713522.5
2025-08-01 11:22:35 AM,24782.0,75,1858650.0,65344572172.5
2025-08-01 11:22:40 AM,24781.0,0,0.0,65344572172.5
2025-08-01 11:22:40 AM,24781.0,75,1858575.0,65346430747.5
2025-08-01 11:22:43 AM,24780.1,0,0.0,65346430747.5
2025-08-01 11:22:44 AM,24780.1,75,1858507.5,65348289255.0
2025-08-01 11:22:45 AM,24782.0,0,0.0,65348289255.0
2025-08-01 11:22:45 AM,24781.8,0,0.0,65348289255.0
2025-08-01 11:22:45 AM,24781.8,300,7434540.0,65355723795.0
2025-08-01 11:22:47 AM,24781.8,75,1858635.0,65357582430.0
2025-08-01 11:22:52 AM,24781.0,0,0.0,65357582430.0
2025-08-01 11:22:52 AM,24780.0,0,0.0,65357582430.0
2025-08-01 11:22:52 AM,24780.0,300,7434000.0,65365016430.0
2025-08-01 11:22:53 AM,24781.8,0,0.0,65365016430.0
2025-08-01 11:22:54 AM,24781.8,1050,26020890.0,65391037320.0
2025-08-01 11:22:54 AM,24780.0,0,0.0,65391037320.0
2025-08-01 11:22:55 AM,24781.0,0,0.0,65391037320.0
2025-08-01 11:22:55 AM,24781.0,150,3717150.0,65394754470.0
2025-08-01 11:22:58 AM,24780.8,0,0.0,65394754470.0
2025-08-01 11:22:59 AM,24780.8,7575,187714560.0,65582469030.0
2025-08-01 11:23:00 AM,24777.9,0,0.0,65582469030.0
2025-08-01 11:23:00 AM,24778.4,0,0.0,65582469030.0
2025-08-01 11:23:00 AM,24778.4,1125,27875700.0,65610344730.0
2025-08-01 11:23:01 AM,24774.0,0,0.0,65610344730.0
2025-08-01 11:23:02 AM,24778.9,450,11150505.0,65621495235.0
2025-08-01 11:23:04 AM,24778.9,150,3716835.0,65625212070.0
2025-08-01 11:23:05 AM,24774.7,0,0.0,65625212070.0
2025-08-01 11:23:06 AM,24774.7,750,18581025.0,65643793095.0
2025-08-01 11:23:06 AM,24772.2,0,0.0,65643793095.0
2025-08-01 11:23:07 AM,24778.8,600,14867280.0,65658660375.0
2025-08-01 11:23:13 AM,24778.6,0,0.0,65658660375.0
2025-08-01 11:23:14 AM,24778.6,75,1858395.0,65660518770.0
2025-08-01 11:23:18 AM,24778.0,0,0.0,65660518770.0
2025-08-01 11:23:19 AM,24778.9,0,0.0,65660518770.0
2025-08-01 11:23:19 AM,24778.9,150,3716835.0,65664235605.0
2025-08-01 11:23:25 AM,24773.5,0,0.0,65664235605.0
2025-08-01 11:23:25 AM,24778.9,0,0.0,65664235605.0
2025-08-01 11:23:25 AM,24778.9,225,5575252.5,65669810857.5
2025-08-01 11:23:29 AM,24778.9,3600,89204040.0,65759014897.5
2025-08-01 11:23:31 AM,24778.5,0,0.0,65759014897.5
2025-08-01 11:23:32 AM,24778.5,150,3716775.0,65762731672.5
2025-08-01 11:23:39 AM,24774.0,0,0.0,65762731672.5
2025-08-01 11:23:40 AM,24774.0,300,7432200.0,65770163872.5
2025-08-01 11:23:44 AM,24779.9,0,0.0,65770163872.5
2025-08-01 11:23:45 AM,24779.9,75,1858492.5,65772022365.0
2025-08-01 11:23:47 AM,24776.0,0,0.0,65772022365.0
2025-08-01 11:23:47 AM,24776.0,225,5574600.0,65777596965.0
2025-08-01 11:23:47 AM,24772.0,0,0.0,65777596965.0
2025-08-01 11:23:48 AM,24772.0,3600,89179200.0,65866776165.0
2025-08-01 11:23:49 AM,24778.9,0,0.0,65866776165.0
2025-08-01 11:23:50 AM,24778.9,75,1858417.5,65868634582.5
2025-08-01 11:23:54 AM,24773.0,0,0.0,65868634582.5
2025-08-01 11:23:55 AM,24778.9,150,3716835.0,65872351417.5
2025-08-01 11:24:11 AM,24777.6,75,1858320.0,65874209737.5
2025-08-01 11:24:13 AM,24778.0,0,0.0,65874209737.5
2025-08-01 11:24:14 AM,24776.2,0,0.0,65874209737.5
2025-08-01 11:24:15 AM,24779.0,900,22301100.0,65896510837.5
2025-08-01 11:24:16 AM,24782.2,0,0.0,65896510837.5
2025-08-01 11:24:16 AM,24782.2,375,9293325.0,65905804162.5
2025-08-01 11:24:21 AM,24783.0,0,0.0,65905804162.5
2025-08-01 11:24:21 AM,24783.0,150,3717450.0,65909521612.5
2025-08-01 11:24:22 AM,24779.0,0,0.0,65909521612.5
2025-08-01 11:24:23 AM,24776.1,2325,57604432.5,65967126045.0
2025-08-01 11:24:23 AM,24782.2,1500,37173300.0,66004299345.0
2025-08-01 11:24:24 AM,24775.3,0,0.0,66004299345.0
2025-08-01 11:24:25 AM,24775.3,75,1858147.5,66006157492.5
2025-08-01 11:24:29 AM,24775.5,0,0.0,66006157492.5
2025-08-01 11:24:30 AM,24780.0,0,0.0,66006157492.5
2025-08-01 11:24:30 AM,24780.0,150,3717000.0,66009874492.5
2025-08-01 11:24:30 AM,24780.7,0,0.0,66009874492.5
2025-08-01 11:24:31 AM,24780.7,75,1858552.5,66011733045.0
2025-08-01 11:24:32 AM,24775.3,0,0.0,66011733045.0
2025-08-01 11:24:33 AM,24775.3,150,3716295.0,66015449340.0
2025-08-01 11:24:33 AM,24781.4,0,0.0,66015449340.0
2025-08-01 11:24:34 AM,24780.7,0,0.0,66015449340.0
2025-08-01 11:24:35 AM,24780.7,300,7434210.0,66022883550.0
2025-08-01 11:24:36 AM,24775.1,0,0.0,66022883550.0
2025-08-01 11:24:36 AM,24775.1,75,1858132.5,66024741682.5
2025-08-01 11:24:39 AM,24783.6,0,0.0,66024741682.5
2025-08-01 11:24:40 AM,24783.6,150,3717540.0,66028459222.5
2025-08-01 11:24:40 AM,24782.8,0,0.0,66028459222.5
2025-08-01 11:24:41 AM,24782.8,75,1858710.0,66030317932.5
2025-08-01 11:24:43 AM,24778.0,0,0.0,66030317932.5
2025-08-01 11:24:43 AM,24778.0,75,1858350.0,66032176282.5
2025-08-01 11:24:45 AM,24777.0,0,0.0,66032176282.5
2025-08-01 11:24:45 AM,24777.0,75,1858275.0,66034034557.5
2025-08-01 11:25:04 AM,24780.6,0,0.0,66034034557.5
2025-08-01 11:25:05 AM,24781.3,225,5575792.5,66039610350.0
2025-08-01 11:25:08 AM,24780.6,0,0.0,66039610350.0
2025-08-01 11:25:08 AM,24780.6,75,1858545.0,66041468895.0
2025-08-01 11:25:10 AM,24780.6,225,5575635.0,66047044530.0
2025-08-01 11:25:14 AM,24781.8,0,0.0,66047044530.0
2025-08-01 11:25:15 AM,24781.8,75,1858635.0,66048903165.0
2025-08-01 11:25:16 AM,24781.3,0,0.0,66048903165.0
2025-08-01 11:25:16 AM,24781.3,75,1858597.5,66050761762.5
2025-08-01 11:25:17 AM,24781.8,0,0.0,66050761762.5
2025-08-01 11:25:18 AM,24781.8,75,1858635.0,66052620397.5
2025-08-01 11:25:21 AM,24781.8,75,1858635.0,66054479032.5
2025-08-01 11:25:22 AM,24782.0,0,0.0,66054479032.5
2025-08-01 11:25:23 AM,24781.7,0,0.0,66054479032.5
2025-08-01 11:25:23 AM,24781.7,825,20444902.5,66074923935.0
2025-08-01 11:25:24 AM,24782.1,0,0.0,66074923935.0
2025-08-01 11:25:25 AM,24782.1,900,22303890.0,66097227825.0
2025-08-01 11:25:25 AM,24784.0,0,0.0,66097227825.0
2025-08-01 11:25:26 AM,24784.0,75,1858800.0,66099086625.0
2025-08-01 11:25:29 AM,24780.6,0,0.0,66099086625.0
2025-08-01 11:25:30 AM,24780.6,375,9292725.0,66108379350.0
2025-08-01 11:25:31 AM,24782.0,0,0.0,66108379350.0
2025-08-01 11:25:31 AM,24782.0,150,3717300.0,66112096650.0
2025-08-01 11:25:32 AM,24784.0,0,0.0,66112096650.0
2025-08-01 11:25:33 AM,24784.0,75,1858800.0,66113955450.0
2025-08-01 11:25:37 AM,24782.7,0,0.0,66113955450.0
2025-08-01 11:25:38 AM,24782.9,225,5576152.5,66119531602.5
2025-08-01 11:25:44 AM,24780.2,0,0.0,66119531602.5
2025-08-01 11:25:44 AM,24780.0,0,0.0,66119531602.5
2025-08-01 11:25:44 AM,24777.0,0,0.0,66119531602.5
2025-08-01 11:25:45 AM,24777.0,1050,26015850.0,66145547452.5
2025-08-01 11:25:45 AM,24778.9,0,0.0,66145547452.5
2025-08-01 11:25:46 AM,24778.9,150,3716835.0,66149264287.5
2025-08-01 11:25:48 AM,24775.1,0,0.0,66149264287.5
2025-08-01 11:25:48 AM,24778.9,0,0.0,66149264287.5
2025-08-01 11:25:49 AM,24778.9,225,5575252.5,66154839540.0
2025-08-01 11:25:54 AM,24779.8,0,0.0,66154839540.0
2025-08-01 11:25:54 AM,24779.9,150,3716985.0,66158556525.0
2025-08-01 11:25:56 AM,24781.4,75,1858605.0,66160415130.0
2025-08-01 11:25:58 AM,24782.1,0,0.0,66160415130.0
2025-08-01 11:25:58 AM,24782.1,300,7434630.0,66167849760.0
2025-08-01 11:26:00 AM,24779.0,0,0.0,66167849760.0
2025-08-01 11:26:00 AM,24775.0,0,0.0,66167849760.0
2025-08-01 11:26:01 AM,24775.0,525,13006875.0,66180856635.0
2025-08-01 11:26:03 AM,24774.5,300,7432350.0,66188288985.0
2025-08-01 11:26:06 AM,24777.6,0,0.0,66188288985.0
2025-08-01 11:26:07 AM,24775.0,0,0.0,66188288985.0
2025-08-01 11:26:08 AM,24775.0,150,3716250.0,66192005235.0
2025-08-01 11:26:10 AM,24774.0,0,0.0,66192005235.0
2025-08-01 11:26:11 AM,24774.0,75,1858050.0,66193863285.0
2025-08-01 11:26:12 AM,24774.5,0,0.0,66193863285.0
2025-08-01 11:26:13 AM,24774.5,150,3716175.0,66197579460.0
2025-08-01 11:26:13 AM,24774.0,0,0.0,66197579460.0
2025-08-01 11:26:14 AM,24772.1,300,7431630.0,66205011090.0
2025-08-01 11:26:15 AM,24776.9,0,0.0,66205011090.0
2025-08-01 11:26:16 AM,24774.4,150,3716160.0,66208727250.0
2025-08-01 11:26:18 AM,24776.9,0,0.0,66208727250.0
2025-08-01 11:26:19 AM,24773.1,0,0.0,66208727250.0
2025-08-01 11:26:19 AM,24773.1,300,7431930.0,66216159180.0
2025-08-01 11:26:20 AM,24776.9,0,0.0,66216159180.0
2025-08-01 11:26:20 AM,24773.1,0,0.0,66216159180.0
2025-08-01 11:26:21 AM,24773.1,1950,48307545.0,66264466725.0
2025-08-01 11:26:21 AM,24773.3,0,0.0,66264466725.0
2025-08-01 11:26:22 AM,24773.4,0,0.0,66264466725.0
2025-08-01 11:26:22 AM,24773.1,0,0.0,66264466725.0
2025-08-01 11:26:23 AM,24773.1,4200,104047020.0,66368513745.0
2025-08-01 11:26:24 AM,24776.9,0,0.0,66368513745.0
2025-08-01 11:26:24 AM,24776.9,75,1858267.5,66370372012.5
2025-08-01 11:26:26 AM,24779.7,0,0.0,66370372012.5
2025-08-01 11:26:26 AM,24779.7,225,5575432.5,66375947445.0
2025-08-01 11:26:27 AM,24774.6,0,0.0,66375947445.0
2025-08-01 11:26:28 AM,24774.6,75,1858095.0,66377805540.0
2025-08-01 11:26:28 AM,24779.8,0,0.0,66377805540.0
2025-08-01 11:26:29 AM,24774.6,150,3716190.0,66381521730.0
2025-08-01 11:26:35 AM,24779.8,0,0.0,66381521730.0
2025-08-01 11:26:36 AM,24779.8,75,1858485.0,66383380215.0
2025-08-01 11:26:43 AM,24775.0,0,0.0,66383380215.0
2025-08-01 11:26:44 AM,24775.0,75,1858125.0,66385238340.0
2025-08-01 11:26:49 AM,24775.0,75,1858125.0,66387096465.0
2025-08-01 11:26:53 AM,24775.0,75,1858125.0,66388954590.0
2025-08-01 11:26:53 AM,24777.9,0,0.0,66388954590.0
2025-08-01 11:26:54 AM,24775.0,0,0.0,66388954590.0
2025-08-01 11:26:54 AM,24775.0,150,3716250.0,66392670840.0
2025-08-01 11:26:57 AM,24777.9,0,0.0,66392670840.0
2025-08-01 11:26:58 AM,24777.9,75,1858342.5,66394529182.5
2025-08-01 11:27:11 AM,24775.1,0,0.0,66394529182.5
2025-08-01 11:27:12 AM,24776.9,0,0.0,66394529182.5
2025-08-01 11:27:13 AM,24776.9,150,3716535.0,66398245717.5
2025-08-01 11:27:15 AM,24775.0,0,0.0,66398245717.5
2025-08-01 11:27:16 AM,24775.0,750,18581250.0,66416826967.5
2025-08-01 11:27:17 AM,24773.1,0,0.0,66416826967.5
2025-08-01 11:27:18 AM,24775.6,375,9290850.0,66426117817.5
2025-08-01 11:27:18 AM,24773.1,0,0.0,66426117817.5
2025-08-01 11:27:19 AM,24773.1,75,1857982.5,66427975800.0
2025-08-01 11:27:22 AM,24774.0,0,0.0,66427975800.0
2025-08-01 11:27:23 AM,24774.0,75,1858050.0,66429833850.0
2025-08-01 11:27:24 AM,24773.1,0,0.0,66429833850.0
2025-08-01 11:27:24 AM,24773.1,300,7431930.0,66437265780.0
2025-08-01 11:27:26 AM,24773.1,1575,39017632.5,66476283412.5
2025-08-01 11:27:31 AM,24773.1,375,9289912.5,66485573325.0
2025-08-01 11:27:32 AM,24773.1,150,3715965.0,66489289290.0
2025-08-01 11:27:42 AM,24772.0,0,0.0,66489289290.0
2025-08-01 11:27:42 AM,24771.4,0,0.0,66489289290.0
2025-08-01 11:27:42 AM,24771.4,675,16720695.000000002,66506009985.0
2025-08-01 11:27:47 AM,24772.6,0,0.0,66506009985.0
2025-08-01 11:27:47 AM,24772.6,1050,26011230.0,66532021215.0
2025-08-01 11:27:50 AM,24777.3,0,0.0,66532021215.0
2025-08-01 11:27:51 AM,24777.3,750,18582975.0,66550604190.0
2025-08-01 11:27:52 AM,24773.1,0,0.0,66550604190.0
2025-08-01 11:27:52 AM,24773.1,75,1857982.5,66552462172.5
2025-08-01 11:27:54 AM,24773.1,450,11147895.0,66563610067.5
2025-08-01 11:27:54 AM,24777.9,0,0.0,66563610067.5
2025-08-01 11:27:56 AM,24777.9,375,9291712.5,66572901780.0
2025-08-01 11:28:07 AM,24772.9,0,0.0,66572901780.0
2025-08-01 11:28:07 AM,24772.9,75,1857967.5,66574759747.5
2025-08-01 11:28:09 AM,24772.9,150,3715935.0,66578475682.5
2025-08-01 11:28:10 AM,24772.0,0,0.0,66578475682.5
2025-08-01 11:28:10 AM,24772.0,75,1857900.0,66580333582.5
2025-08-01 11:28:11 AM,24772.9,0,0.0,66580333582.5
2025-08-01 11:28:12 AM,24772.9,75,1857967.5,66582191550.0
2025-08-01 11:28:12 AM,24771.4,0,0.0,66582191550.0
2025-08-01 11:28:13 AM,24770.0,0,0.0,66582191550.0
2025-08-01 11:28:14 AM,24770.0,2100,52017000.0,66634208550.0
2025-08-01 11:28:14 AM,24771.7,0,0.0,66634208550.0
2025-08-01 11:28:15 AM,24771.7,75,1857877.5,66636066427.5
2025-08-01 11:28:17 AM,24771.7,75,1857877.5,66637924305.0
2025-08-01 11:28:18 AM,24770.0,0,0.0,66637924305.0
2025-08-01 11:28:18 AM,24771.0,0,0.0,66637924305.0
2025-08-01 11:28:19 AM,24771.0,375,9289125.0,66647213430.0
2025-08-01 11:28:21 AM,24769.9,0,0.0,66647213430.0
2025-08-01 11:28:22 AM,24768.0,975,24148800.0,66671362230.0
2025-08-01 11:28:24 AM,24768.0,75,1857600.0,66673219830.0
2025-08-01 11:28:27 AM,24768.2,150,3715230.0,66676935060.0
2025-08-01 11:28:29 AM,24768.2,75,1857615.0,66678792675.0
2025-08-01 11:28:29 AM,24767.0,0,0.0,66678792675.0
2025-08-01 11:28:30 AM,24767.0,225,5572575.0,66684365250.0
2025-08-01 11:28:32 AM,24768.1,0,0.0,66684365250.0
2025-08-01 11:28:32 AM,24768.1,1125,27864112.5,66712229362.5
2025-08-01 11:28:34 AM,24766.0,0,0.0,66712229362.5
2025-08-01 11:28:35 AM,24767.8,0,0.0,66712229362.5
2025-08-01 11:28:35 AM,24767.8,300,7430340.0,66719659702.5
2025-08-01 11:28:36 AM,24767.6,0,0.0,66719659702.5
2025-08-01 11:28:37 AM,24767.6,150,3715140.0,66723374842.5
2025-08-01 11:28:42 AM,24767.6,150,3715140.0,66727089982.5
2025-08-01 11:28:42 AM,24768.2,825,20433765.0,66747523747.5
2025-08-01 11:28:43 AM,24766.0,0,0.0,66747523747.5
2025-08-01 11:28:44 AM,24766.0,1125,27861750.0,66775385497.5
2025-08-01 11:28:47 AM,24766.0,675,16717050.0,66792102547.5
2025-08-01 11:28:49 AM,24766.0,150,3714900.0,66795817447.5
2025-08-01 11:28:50 AM,24766.0,150,3714900.0,66799532347.5
2025-08-01 11:28:52 AM,24766.0,675,16717050.0,66816249397.5
2025-08-01 11:28:52 AM,24765.8,75,1857435.0,66818106832.5
2025-08-01 11:28:53 AM,24766.0,0,0.0,66818106832.5
2025-08-01 11:28:54 AM,24765.0,1500,37147500.0,66855254332.5
2025-08-01 11:28:55 AM,24765.0,75,1857375.0,66857111707.5
2025-08-01 11:28:56 AM,24766.0,0,0.0,66857111707.5
2025-08-01 11:28:57 AM,24766.0,375,9287250.0,66866398957.5
2025-08-01 11:28:58 AM,24765.8,0,0.0,66866398957.5
2025-08-01 11:28:59 AM,24765.8,150,3714870.0,66870113827.5
2025-08-01 11:29:00 AM,24766.0,0,0.0,66870113827.5
2025-08-01 11:29:00 AM,24766.0,1350,33434100.0,66903547927.5
2025-08-01 11:29:02 AM,24765.0,0,0.0,66903547927.5
2025-08-01 11:29:02 AM,24765.0,1800,44577000.0,66948124927.5
2025-08-01 11:29:04 AM,24766.0,0,0.0,66948124927.5
2025-08-01 11:29:04 AM,24766.0,525,13002150.0,66961127077.5
2025-08-01 11:29:05 AM,24765.0,0,0.0,66961127077.5
2025-08-01 11:29:05 AM,24766.0,1125,27861750.0,66988988827.5
2025-08-01 11:29:07 AM,24766.0,75,1857450.0,66990846277.5
2025-08-01 11:29:09 AM,24766.0,75,1857450.0,66992703727.5
2025-08-01 11:29:09 AM,24766.0,75,1857450.0,66994561177.5
2025-08-01 11:29:10 AM,24769.1,0,0.0,66994561177.5
2025-08-01 11:29:10 AM,24769.3,0,0.0,66994561177.5
2025-08-01 11:29:10 AM,24770.2,5700,141190140.0,67135751317.5
2025-08-01 11:29:10 AM,24769.9,150,3715485.0,67139466802.5
2025-08-01 11:29:11 AM,24770.0,0,0.0,67139466802.5
2025-08-01 11:29:11 AM,24769.0,0,0.0,67139466802.5
2025-08-01 11:29:12 AM,24768.5,0,0.0,67139466802.5
2025-08-01 11:29:12 AM,24768.0,0,0.0,67139466802.5
2025-08-01 11:29:12 AM,24767.6,7275,180184290.0,67319651092.5
2025-08-01 11:29:12 AM,24767.6,750,18575700.0,67338226792.5
2025-08-01 11:29:14 AM,24773.1,0,0.0,67338226792.5
2025-08-01 11:29:15 AM,24773.1,150,3715965.0,67341942757.5
2025-08-01 11:29:17 AM,24769.9,0,0.0,67341942757.5
2025-08-01 11:29:17 AM,24769.9,1425,35297107.5,67377239865.0
2025-08-01 11:29:21 AM,24768.0,0,0.0,67377239865.0
2025-08-01 11:29:22 AM,24769.9,150,3715485.0,67380955350.0
2025-08-01 11:29:25 AM,24769.6,0,0.0,67380955350.0
2025-08-01 11:29:25 AM,24769.6,75,1857720.0,67382813070.0
2025-08-01 11:29:27 AM,24769.8,0,0.0,67382813070.0
2025-08-01 11:29:27 AM,24769.8,75,1857735.0,67384670805.0
2025-08-01 11:29:28 AM,24768.0,0,0.0,67384670805.0
2025-08-01 11:29:29 AM,24768.0,75,1857600.0,67386528405.0
2025-08-01 11:29:32 AM,24767.3,0,0.0,67386528405.0
2025-08-01 11:29:32 AM,24769.8,0,0.0,67386528405.0
2025-08-01 11:29:32 AM,24769.8,525,13004145.0,67399532550.0
2025-08-01 11:29:33 AM,24769.9,0,0.0,67399532550.0
2025-08-01 11:29:33 AM,24766.0,0,0.0,67399532550.0
2025-08-01 11:29:34 AM,24766.0,225,5572350.0,67405104900.0
2025-08-01 11:29:35 AM,24766.0,150,3714900.0,67408819800.0
2025-08-01 11:29:40 AM,24766.1,0,0.0,67408819800.0
2025-08-01 11:29:40 AM,24766.1,75,1857457.5,67410677257.5
2025-08-01 11:29:46 AM,24766.0,0,0.0,67410677257.5
2025-08-01 11:29:47 AM,24769.9,0,0.0,67410677257.5
2025-08-01 11:29:47 AM,24769.8,0,0.0,67410677257.5
2025-08-01 11:29:47 AM,24769.8,1200,29723760.0,67440401017.5
2025-08-01 11:29:50 AM,24766.0,0,0.0,67440401017.5
2025-08-01 11:29:50 AM,24766.0,75,1857450.0,67442258467.5
2025-08-01 11:29:52 AM,24769.9,0,0.0,67442258467.5
2025-08-01 11:29:52 AM,24769.9,75,1857742.5,67444116210.0
2025-08-01 11:29:55 AM,24769.5,0,0.0,67444116210.0
2025-08-01 11:29:55 AM,24769.5,225,5573137.5,67449689347.5
2025-08-01 11:29:56 AM,24769.9,0,0.0,67449689347.5
2025-08-01 11:29:57 AM,24767.0,0,0.0,67449689347.5
2025-08-01 11:29:57 AM,24766.3,225,5572417.5,67455261765.0
2025-08-01 11:29:58 AM,24770.0,1200,29724000.0,67484985765.0
2025-08-01 11:29:59 AM,24767.9,300,7430370.0,67492416135.0
2025-08-01 11:30:00 AM,24766.7,0,0.0,67492416135.0
2025-08-01 11:30:00 AM,24766.7,1050,26005035.0,67518421170.0
2025-08-01 11:30:01 AM,24769.8,0,0.0,67518421170.0
2025-08-01 11:30:01 AM,24766.3,0,0.0,67518421170.0
2025-08-01 11:30:02 AM,24766.3,225,5572417.5,67523993587.5
2025-08-01 11:30:03 AM,24766.6,0,0.0,67523993587.5
2025-08-01 11:30:03 AM,24766.6,825,20432445.0,67544426032.5
2025-08-01 11:30:04 AM,24768.0,0,0.0,67544426032.5
2025-08-01 11:30:05 AM,24766.6,225,5572485.0,67549998517.5
2025-08-01 11:30:07 AM,24766.3,0,0.0,67549998517.5
2025-08-01 11:30:07 AM,24766.3,75,1857472.5,67551855990.0
2025-08-01 11:30:10 AM,24767.8,0,0.0,67551855990.0
2025-08-01 11:30:10 AM,24766.0,375,9287250.0,67561143240.0
2025-08-01 11:30:12 AM,24766.0,750,18574500.0,67579717740.0
2025-08-01 11:30:13 AM,24766.5,0,0.0,67579717740.0
2025-08-01 11:30:13 AM,24766.5,600,14859900.0,67594577640.0
2025-08-01 11:30:16 AM,24766.0,0,0.0,67594577640.0
2025-08-01 11:30:17 AM,24766.0,75,1857450.0,67596435090.0
2025-08-01 11:30:18 AM,24766.0,225,5572350.0,67602007440.0
2025-08-01 11:30:20 AM,24766.5,0,0.0,67602007440.0
2025-08-01 11:30:20 AM,24766.0,450,11144700.0,67613152140.0
2025-08-01 11:30:22 AM,24765.0,0,0.0,67613152140.0
2025-08-01 11:30:23 AM,24763.5,0,0.0,67613152140.0
2025-08-01 11:30:23 AM,24763.5,750,18572625.0,67631724765.0
2025-08-01 11:30:24 AM,24763.0,0,0.0,67631724765.0
2025-08-01 11:30:25 AM,24762.0,0,0.0,67631724765.0
2025-08-01 11:30:25 AM,24762.0,600,14857200.0,67646581965.0
2025-08-01 11:30:27 AM,24765.0,75,1857375.0,67648439340.0
2025-08-01 11:30:28 AM,24762.0,0,0.0,67648439340.0
2025-08-01 11:30:28 AM,24762.0,75,1857150.0,67650296490.0
2025-08-01 11:30:29 AM,24762.1,0,0.0,67650296490.0
2025-08-01 11:30:30 AM,24762.1,2175,53857567.5,67704154057.5
2025-08-01 11:30:31 AM,24762.0,0,0.0,67704154057.5
2025-08-01 11:30:32 AM,24762.0,525,13000050.0,67717154107.5
2025-08-01 11:30:33 AM,24762.0,150,3714300.0,67720868407.5
2025-08-01 11:30:34 AM,24761.9,75,1857142.5,67722725550.0
2025-08-01 11:30:35 AM,24761.9,75,1857142.5,67724582692.5
2025-08-01 11:30:37 AM,24761.9,75,1857142.5,67726439835.0
2025-08-01 11:30:38 AM,24760.0,0,0.0,67726439835.0
2025-08-01 11:30:38 AM,24760.0,2100,51996000.0,67778435835.0
2025-08-01 11:30:40 AM,24760.0,150,3714000.0,67782149835.0
2025-08-01 11:30:42 AM,24760.0,225,5571000.0,67787720835.0
2025-08-01 11:30:43 AM,24759.4,0,0.0,67787720835.0
2025-08-01 11:30:43 AM,24760.0,2550,63138000.0,67850858835.0
2025-08-01 11:30:45 AM,24759.4,0,0.0,67850858835.0
2025-08-01 11:30:45 AM,24759.4,75,1856955.0,67852715790.0
2025-08-01 11:30:47 AM,24759.4,225,5570865.0,67858286655.0
2025-08-01 11:30:48 AM,24759.1,0,0.0,67858286655.0
2025-08-01 11:30:48 AM,24759.4,0,0.0,67858286655.0
2025-08-01 11:30:48 AM,24759.4,1050,25997370.0,67884284025.0
2025-08-01 11:30:49 AM,24759.2,75,1856940.0,67886140965.0
2025-08-01 11:30:50 AM,24759.4,0,0.0,67886140965.0
2025-08-01 11:30:50 AM,24759.4,75,1856955.0,67887997920.0
2025-08-01 11:30:52 AM,24759.1,525,12998527.5,67900996447.5
2025-08-01 11:30:53 AM,24759.4,0,0.0,67900996447.5
2025-08-01 11:30:53 AM,24759.1,375,9284662.5,67910281110.0
2025-08-01 11:30:55 AM,24759.1,150,3713865.0,67913994975.0
2025-08-01 11:30:56 AM,24759.4,0,0.0,67913994975.0
2025-08-01 11:30:57 AM,24759.4,450,11141730.0,67925136705.0
2025-08-01 11:30:58 AM,24759.4,75,1856955.0,67926993660.0
2025-08-01 11:31:00 AM,24759.4,150,3713910.0,67930707570.0
2025-08-01 11:31:01 AM,24759.2,0,0.0,67930707570.0
2025-08-01 11:31:02 AM,24759.1,900,22283190.0,67952990760.0
2025-08-01 11:31:08 AM,24759.1,75,1856932.5,67954847692.5
2025-08-01 11:31:10 AM,24759.1,150,3713865.0,67958561557.5
2025-08-01 11:31:12 AM,24759.1,150,3713865.0,67962275422.5
2025-08-01 11:31:15 AM,24759.0,0,0.0,67962275422.5
2025-08-01 11:31:17 AM,24759.0,525,12998475.0,67975273897.5
2025-08-01 11:31:17 AM,24758.7,0,0.0,67975273897.5
2025-08-01 11:31:18 AM,24758.4,0,0.0,67975273897.5
2025-08-01 11:31:18 AM,24758.4,1875,46422000.0,68021695897.5
2025-08-01 11:31:20 AM,24759.1,0,0.0,68021695897.5
2025-08-01 11:31:20 AM,24760.0,0,0.0,68021695897.5
2025-08-01 11:31:20 AM,24759.5,4425,109560787.5,68131256685.0
2025-08-01 11:31:24 AM,24761.6,0,0.0,68131256685.0
2025-08-01 11:31:25 AM,24761.8,0,0.0,68131256685.0
2025-08-01 11:31:25 AM,24761.8,825,20428485.0,68151685170.0
2025-08-01 11:31:26 AM,24764.0,0,0.0,68151685170.0
2025-08-01 11:31:27 AM,24761.2,0,0.0,68151685170.0
2025-08-01 11:31:27 AM,24761.2,2175,53855610.0,68205540780.0
2025-08-01 11:31:29 AM,24758.7,0,0.0,68205540780.0
2025-08-01 11:31:30 AM,24758.7,225,5570707.5,68211111487.5
2025-08-01 11:31:31 AM,24762.1,0,0.0,68211111487.5
2025-08-01 11:31:32 AM,24762.1,75,1857157.5,68212968645.0
2025-08-01 11:31:32 AM,24761.3,0,0.0,68212968645.0
2025-08-01 11:31:33 AM,24758.4,0,0.0,68212968645.0
2025-08-01 11:31:33 AM,24762.1,225,5571472.5,68218540117.5
2025-08-01 11:31:36 AM,24758.4,0,0.0,68218540117.5
2025-08-01 11:31:37 AM,24762.1,0,0.0,68218540117.5
2025-08-01 11:31:37 AM,24762.1,1725,42714622.5,68261254740.0
2025-08-01 11:31:38 AM,24762.1,75,1857157.5,68263111897.5
2025-08-01 11:31:42 AM,24759.0,0,0.0,68263111897.5
2025-08-01 11:31:43 AM,24758.8,0,0.0,68263111897.5
2025-08-01 11:31:43 AM,24758.8,225,5570730.0,68268682627.5
2025-08-01 11:31:44 AM,24760.0,0,0.0,68268682627.5
2025-08-01 11:31:45 AM,24758.5,0,0.0,68268682627.5
2025-08-01 11:31:45 AM,24758.5,375,9284437.5,68277967065.0
2025-08-01 11:31:48 AM,24762.1,0,0.0,68277967065.0
2025-08-01 11:31:48 AM,24762.1,75,1857157.5,68279824222.5
2025-08-01 11:31:49 AM,24758.8,0,0.0,68279824222.5
2025-08-01 11:31:50 AM,24758.8,75,1856910.0,68281681132.5
2025-08-01 11:31:53 AM,24765.0,0,0.0,68281681132.5
2025-08-01 11:31:53 AM,24765.0,75,1857375.0,68283538507.5
2025-08-01 11:31:57 AM,24765.0,225,5572125.0,68289110632.5
2025-08-01 11:31:58 AM,24768.9,0,0.0,68289110632.5
2025-08-01 11:31:58 AM,24765.0,300,7429500.0,68296540132.5
2025-08-01 11:32:00 AM,24765.0,300,7429500.0,68303969632.5
2025-08-01 11:32:02 AM,24765.0,75,1857375.0,68305827007.5
2025-08-01 11:32:03 AM,24765.0,75,1857375.0,68307684382.5
2025-08-01 11:32:04 AM,24764.7,0,0.0,68307684382.5
2025-08-01 11:32:05 AM,24764.8,0,0.0,68307684382.5
2025-08-01 11:32:05 AM,24764.8,225,5572080.0,68313256462.5
2025-08-01 11:32:07 AM,24765.0,0,0.0,68313256462.5
2025-08-01 11:32:07 AM,24765.0,75,1857375.0,68315113837.5
2025-08-01 11:32:11 AM,24762.2,0,0.0,68315113837.5
2025-08-01 11:32:12 AM,24762.2,75,1857165.0,68316971002.5
2025-08-01 11:32:12 AM,24760.9,0,0.0,68316971002.5
2025-08-01 11:32:12 AM,24760.9,375,9285337.5,68326256340.0
2025-08-01 11:32:16 AM,24759.4,0,0.0,68326256340.0
2025-08-01 11:32:17 AM,24759.4,75,1856955.0,68328113295.0
2025-08-01 11:32:17 AM,24761.6,75,1857120.0,68329970415.0
2025-08-01 11:32:19 AM,24760.9,0,0.0,68329970415.0
2025-08-01 11:32:20 AM,24760.9,75,1857067.5,68331827482.5
2025-08-01 11:32:23 AM,24759.0,0,0.0,68331827482.5
2025-08-01 11:32:24 AM,24759.0,225,5570775.0,68337398257.5
2025-08-01 11:32:25 AM,24758.8,0,0.0,68337398257.5
2025-08-01 11:32:25 AM,24758.8,225,5570730.0,68342968987.5
2025-08-01 11:32:26 AM,24758.3,0,0.0,68342968987.5
2025-08-01 11:32:27 AM,24759.5,1050,25997475.0,68368966462.5
2025-08-01 11:32:28 AM,24759.9,0,0.0,68368966462.5
2025-08-01 11:32:29 AM,24759.9,150,3713985.0,68372680447.5
2025-08-01 11:32:29 AM,24758.3,0,0.0,68372680447.5
2025-08-01 11:32:30 AM,24758.1,0,0.0,68372680447.5
2025-08-01 11:32:30 AM,24759.6,1950,48281220.0,68420961667.5
2025-08-01 11:32:32 AM,24758.1,0,0.0,68420961667.5
2025-08-01 11:32:32 AM,24758.1,900,22282290.0,68443243957.5
2025-08-01 11:32:32 AM,24758.1,450,11141145.0,68454385102.5
2025-08-01 11:32:33 AM,24758.0,0,0.0,68454385102.5
2025-08-01 11:32:34 AM,24758.0,525,12997950.0,68467383052.5
2025-08-01 11:32:36 AM,24759.0,0,0.0,68467383052.5
2025-08-01 11:32:37 AM,24758.0,0,0.0,68467383052.5
2025-08-01 11:32:37 AM,24758.0,150,3713700.0,68471096752.5
2025-08-01 11:32:38 AM,24760.0,0,0.0,68471096752.5
2025-08-01 11:32:39 AM,24760.0,225,5571000.0,68476667752.5
2025-08-01 11:32:40 AM,24759.9,0,0.0,68476667752.5
2025-08-01 11:32:40 AM,24759.9,75,1856992.5,68478524745.0
2025-08-01 11:32:43 AM,24759.5,0,0.0,68478524745.0
2025-08-01 11:32:44 AM,24759.5,75,1856962.5,68480381707.5
2025-08-01 11:32:44 AM,24760.0,0,0.0,68480381707.5
2025-08-01 11:32:45 AM,24760.0,75,1857000.0,68482238707.5
2025-08-01 11:32:49 AM,24760.4,0,0.0,68482238707.5
2025-08-01 11:32:50 AM,24758.0,0,0.0,68482238707.5
2025-08-01 11:32:50 AM,24757.7,0,0.0,68482238707.5
2025-08-01 11:32:50 AM,24756.7,10800,267372360.0,68749611067.5
2025-08-01 11:32:52 AM,24756.7,975,24137782.5,68773748850.0
2025-08-01 11:32:54 AM,24756.7,375,9283762.5,68783032612.5
2025-08-01 11:32:54 AM,24756.8,0,0.0,68783032612.5
2025-08-01 11:32:55 AM,24756.8,225,5570280.0,68788602892.5
2025-08-01 11:32:56 AM,24756.6,0,0.0,68788602892.5
2025-08-01 11:32:57 AM,24756.6,75,1856745.0,68790459637.5
2025-08-01 11:32:57 AM,24757.0,0,0.0,68790459637.5
2025-08-01 11:32:58 AM,24756.6,0,0.0,68790459637.5
2025-08-01 11:32:59 AM,24756.6,600,14853960.0,68805313597.5
2025-08-01 11:33:00 AM,24757.4,1725,42706515.0,68848020112.5
2025-08-01 11:33:01 AM,24756.6,0,0.0,68848020112.5
2025-08-01 11:33:02 AM,24756.4,0,0.0,68848020112.5
2025-08-01 11:33:02 AM,24756.4,2025,50131710.0,68898151822.5
2025-08-01 11:33:03 AM,24756.7,0,0.0,68898151822.5
2025-08-01 11:33:04 AM,24756.6,1425,35278155.0,68933429977.5
2025-08-01 11:33:05 AM,24756.7,0,0.0,68933429977.5
2025-08-01 11:33:05 AM,24758.0,825,20425350.0,68953855327.5
2025-08-01 11:33:06 AM,24756.3,0,0.0,68953855327.5
2025-08-01 11:33:07 AM,24756.3,75,1856722.5,68955712050.0
2025-08-01 11:33:08 AM,24756.1,0,0.0,68955712050.0
2025-08-01 11:33:09 AM,24756.1,150,3713415.0,68959425465.0
2025-08-01 11:33:11 AM,24757.0,0,0.0,68959425465.0
2025-08-01 11:33:12 AM,24757.0,75,1856775.0,68961282240.0
2025-08-01 11:33:13 AM,24759.8,0,0.0,68961282240.0
2025-08-01 11:33:13 AM,24759.8,75,1856985.0,68963139225.0
2025-08-01 11:33:13 AM,24759.8,75,1856985.0,68964996210.0
2025-08-01 11:33:18 AM,24759.3,0,0.0,68964996210.0
2025-08-01 11:33:20 AM,24759.3,75,1856947.5,68966853157.5
2025-08-01 11:33:20 AM,24756.1,0,0.0,68966853157.5
2025-08-01 11:33:22 AM,24756.1,75,1856707.5,68968709865.0
2025-08-01 11:33:26 AM,24759.0,0,0.0,68968709865.0
2025-08-01 11:33:27 AM,24759.0,75,1856925.0,68970566790.0
2025-08-01 11:33:28 AM,24759.1,75,1856932.5,68972423722.5
2025-08-01 11:33:29 AM,24757.0,0,0.0,68972423722.5
2025-08-01 11:33:30 AM,24757.0,75,1856775.0,68974280497.5
2025-08-01 11:33:33 AM,24757.0,150,3713550.0,68977994047.5
2025-08-01 11:33:36 AM,24758.0,0,0.0,68977994047.5
2025-08-01 11:33:36 AM,24758.0,300,7427400.0,68985421447.5
2025-08-01 11:33:38 AM,24759.0,0,0.0,68985421447.5
2025-08-01 11:33:40 AM,24759.0,75,1856925.0,68987278372.5
2025-08-01 11:33:41 AM,24759.6,0,0.0,68987278372.5
2025-08-01 11:33:41 AM,24759.9,0,0.0,68987278372.5
2025-08-01 11:33:41 AM,24759.9,300,7427970.0,68994706342.5
2025-08-01 11:33:42 AM,24759.0,0,0.0,68994706342.5
2025-08-01 11:33:43 AM,24759.0,150,3713850.0,68998420192.5
2025-08-01 11:33:43 AM,24760.0,0,0.0,68998420192.5
2025-08-01 11:33:44 AM,24759.0,0,0.0,68998420192.5
2025-08-01 11:33:44 AM,24759.0,375,9284625.0,69007704817.5
2025-08-01 11:33:48 AM,24760.0,0,0.0,69007704817.5
2025-08-01 11:33:49 AM,24757.1,0,0.0,69007704817.5
2025-08-01 11:33:49 AM,24757.1,1500,37135650.0,69044840467.5
2025-08-01 11:33:53 AM,24759.2,0,0.0,69044840467.5
2025-08-01 11:33:53 AM,24759.2,450,11141640.0,69055982107.5
2025-08-01 11:33:59 AM,24757.1,0,0.0,69055982107.5
2025-08-01 11:33:59 AM,24757.1,75,1856782.5,69057838890.0
2025-08-01 11:34:00 AM,24758.9,0,0.0,69057838890.0
2025-08-01 11:34:01 AM,24757.1,150,3713565.0,69061552455.0
2025-08-01 11:34:03 AM,24757.5,75,1856812.5,69063409267.5
2025-08-01 11:34:05 AM,24758.9,0,0.0,69063409267.5
2025-08-01 11:34:06 AM,24758.9,75,1856917.5,69065266185.0
2025-08-01 11:34:07 AM,24759.0,0,0.0,69065266185.0
2025-08-01 11:34:08 AM,24759.0,75,1856925.0,69067123110.0
2025-08-01 11:34:09 AM,24757.5,225,5570437.5,69072693547.5
2025-08-01 11:34:11 AM,24757.5,75,1856812.5,69074550360.0
2025-08-01 11:34:13 AM,24759.0,0,0.0,69074550360.0
2025-08-01 11:34:14 AM,24757.5,0,0.0,69074550360.0
2025-08-01 11:34:14 AM,24757.5,225,5570437.5,69080120797.5
2025-08-01 11:34:20 AM,24759.0,0,0.0,69080120797.5
2025-08-01 11:34:20 AM,24759.0,75,1856925.0,69081977722.5
2025-08-01 11:34:23 AM,24759.3,0,0.0,69081977722.5
2025-08-01 11:34:24 AM,24758.0,450,11141100.0,69093118822.5
2025-08-01 11:34:25 AM,24759.3,0,0.0,69093118822.5
2025-08-01 11:34:25 AM,24759.3,1350,33425055.0,69126543877.5
2025-08-01 11:34:27 AM,24759.3,300,7427790.0,69133971667.5
2025-08-01 11:34:28 AM,24762.0,0,0.0,69133971667.5
2025-08-01 11:34:29 AM,24762.9,225,5571652.5,69139543320.0
2025-08-01 11:34:30 AM,24759.0,0,0.0,69139543320.0
2025-08-01 11:34:30 AM,24759.0,75,1856925.0,69141400245.0
2025-08-01 11:34:36 AM,24760.0,0,0.0,69141400245.0
2025-08-01 11:34:36 AM,24757.5,0,0.0,69141400245.0
2025-08-01 11:34:37 AM,24760.8,0,0.0,69141400245.0
2025-08-01 11:34:37 AM,24760.8,2850,70568280.0,69211968525.0
2025-08-01 11:34:38 AM,24758.9,0,0.0,69211968525.0
2025-08-01 11:34:39 AM,24758.9,75,1856917.5,69213825442.5
2025-08-01 11:34:39 AM,24757.5,225,5570437.5,69219395880.0
2025-08-01 11:34:40 AM,24759.5,0,0.0,69219395880.0
2025-08-01 11:34:40 AM,24759.5,75,1856962.5,69221252842.5
2025-08-01 11:34:42 AM,24759.8,0,0.0,69221252842.5
2025-08-01 11:34:42 AM,24759.8,225,5570955.0,69226823797.5
2025-08-01 11:34:43 AM,24758.0,0,0.0,69226823797.5
2025-08-01 11:34:43 AM,24758.0,600,14854800.0,69241678597.5
2025-08-01 11:34:46 AM,24759.0,0,0.0,69241678597.5
2025-08-01 11:34:47 AM,24760.9,2025,50140822.5,69291819420.0
2025-08-01 11:34:48 AM,24759.1,0,0.0,69291819420.0
2025-08-01 11:34:48 AM,24758.0,150,3713700.0,69295533120.0
2025-08-01 11:34:50 AM,24758.0,150,3713700.0,69299246820.0
2025-08-01 11:34:50 AM,24758.0,150,3713700.0,69302960520.0
2025-08-01 11:34:52 AM,24759.1,0,0.0,69302960520.0
2025-08-01 11:34:52 AM,24759.1,75,1856932.5,69304817452.5
2025-08-01 11:34:53 AM,24759.4,0,0.0,69304817452.5
2025-08-01 11:34:53 AM,24759.4,75,1856955.0,69306674407.5
2025-08-01 11:34:56 AM,24758.0,0,0.0,69306674407.5
2025-08-01 11:34:57 AM,24758.0,225,5570550.0,69312244957.5
2025-08-01 11:34:58 AM,24758.0,150,3713700.0,69315958657.5
2025-08-01 11:34:59 AM,24757.9,0,0.0,69315958657.5
2025-08-01 11:35:00 AM,24757.9,1050,25995795.0,69341954452.5
2025-08-01 11:35:01 AM,24758.0,0,0.0,69341954452.5
2025-08-01 11:35:02 AM,24758.0,75,1856850.0,69343811302.5
2025-08-01 11:35:03 AM,24758.0,450,11141100.0,69354952402.5
2025-08-01 11:35:04 AM,24760.0,0,0.0,69354952402.5
2025-08-01 11:35:04 AM,24757.5,0,0.0,69354952402.5
2025-08-01 11:35:05 AM,24757.5,1950,48277125.0,69403229527.5
2025-08-01 11:35:05 AM,24759.5,0,0.0,69403229527.5
2025-08-01 11:35:06 AM,24757.2,0,0.0,69403229527.5
2025-08-01 11:35:07 AM,24757.2,150,3713580.0,69406943107.5
2025-08-01 11:35:07 AM,24758.0,0,0.0,69406943107.5
2025-08-01 11:35:08 AM,24757.2,0,0.0,69406943107.5
2025-08-01 11:35:08 AM,24757.2,225,5570370.0,69412513477.5
2025-08-01 11:35:09 AM,24757.0,0,0.0,69412513477.5
2025-08-01 11:35:10 AM,24757.0,375,9283875.0,69421797352.5
2025-08-01 11:35:11 AM,24756.1,0,0.0,69421797352.5
2025-08-01 11:35:11 AM,24756.0,0,0.0,69421797352.5
2025-08-01 11:35:12 AM,24756.0,900,22280400.0,69444077752.5
2025-08-01 11:35:14 AM,24751.3,0,0.0,69444077752.5
2025-08-01 11:35:14 AM,24751.0,0,0.0,69444077752.5
2025-08-01 11:35:15 AM,24751.0,11625,287730375.0,69731808127.5
2025-08-01 11:35:15 AM,24751.0,525,12994275.0,69744802402.5
2025-08-01 11:35:16 AM,24752.3,0,0.0,69744802402.5
2025-08-01 11:35:16 AM,24750.0,4425,109518750.0,69854321152.5
2025-08-01 11:35:18 AM,24752.5,0,0.0,69854321152.5
2025-08-01 11:35:18 AM,24752.5,75,1856437.5,69856177590.0
2025-08-01 11:35:20 AM,24752.5,75,1856437.5,69858034027.5
2025-08-01 11:35:20 AM,24752.0,0,0.0,69858034027.5
2025-08-01 11:35:21 AM,24752.0,75,1856400.0,69859890427.5
2025-08-01 11:35:22 AM,24750.0,0,0.0,69859890427.5
2025-08-01 11:35:23 AM,24752.0,0,0.0,69859890427.5
2025-08-01 11:35:23 AM,24752.0,525,12994800.0,69872885227.5
2025-08-01 11:35:24 AM,24752.3,0,0.0,69872885227.5
2025-08-01 11:35:24 AM,24750.9,0,0.0,69872885227.5
2025-08-01 11:35:25 AM,24752.3,3075,76113322.5,69948998550.0
2025-08-01 11:35:25 AM,24751.0,0,0.0,69948998550.0
2025-08-01 11:35:25 AM,24751.0,225,5568975.0,69954567525.0
2025-08-01 11:35:26 AM,24754.0,0,0.0,69954567525.0
2025-08-01 11:35:26 AM,24752.7,1425,35272597.5,69989840122.5
2025-08-01 11:35:27 AM,24753.1,75,1856482.5,69991696605.0
2025-08-01 11:35:27 AM,24753.8,0,0.0,69991696605.0
2025-08-01 11:35:27 AM,24755.0,0,0.0,69991696605.0
2025-08-01 11:35:28 AM,24756.9,0,0.0,69991696605.0
2025-08-01 11:35:28 AM,24756.9,375,9283837.5,70000980442.5
2025-08-01 11:35:31 AM,24756.9,225,5570302.5,70006550745.0
2025-08-01 11:35:36 AM,24756.9,75,1856767.5,70008407512.5
2025-08-01 11:35:39 AM,24756.5,0,0.0,70008407512.5
2025-08-01 11:35:40 AM,24756.5,225,5570212.5,70013977725.0
2025-08-01 11:35:41 AM,24755.0,0,0.0,70013977725.0
2025-08-01 11:35:41 AM,24755.0,75,1856625.0,70015834350.0
2025-08-01 11:35:44 AM,24752.0,0,0.0,70015834350.0
2025-08-01 11:35:45 AM,24752.0,225,5569200.0,70021403550.0
2025-08-01 11:35:47 AM,24755.9,0,0.0,70021403550.0
2025-08-01 11:35:47 AM,24755.9,375,9283462.5,70030687012.5
2025-08-01 11:35:54 AM,24755.0,0,0.0,70030687012.5
2025-08-01 11:35:55 AM,24756.9,225,5570302.5,70036257315.0
2025-08-01 11:35:55 AM,24755.0,0,0.0,70036257315.0
2025-08-01 11:35:55 AM,24755.0,75,1856625.0,70038113940.0
2025-08-01 11:35:56 AM,24755.0,75,1856625.0,70039970565.0
2025-08-01 11:35:57 AM,24753.4,0,0.0,70039970565.0
2025-08-01 11:35:58 AM,24755.9,0,0.0,70039970565.0
2025-08-01 11:35:58 AM,24755.9,150,3713385.0,70043683950.0
2025-08-01 11:36:00 AM,24752.0,0,0.0,70043683950.0
2025-08-01 11:36:01 AM,24752.0,525,12994800.0,70056678750.0
2025-08-01 11:36:02 AM,24752.0,375,9282000.0,70065960750.0
2025-08-01 11:36:02 AM,24751.0,0,0.0,70065960750.0
2025-08-01 11:36:03 AM,24751.0,300,7425300.0,70073386050.0
2025-08-01 11:36:03 AM,24756.0,75,1856700.0,70075242750.0
2025-08-01 11:36:05 AM,24756.0,150,3713400.0,70078956150.0
2025-08-01 11:36:06 AM,24753.6,0,0.0,70078956150.0
2025-08-01 11:36:06 AM,24757.0,600,14854200.0,70093810350.0
2025-08-01 11:36:09 AM,24755.9,0,0.0,70093810350.0
2025-08-01 11:36:10 AM,24755.9,75,1856692.5,70095667042.5
2025-08-01 11:36:10 AM,24753.6,0,0.0,70095667042.5
2025-08-01 11:36:11 AM,24753.0,150,3712950.0,70099379992.5
2025-08-01 11:36:13 AM,24753.6,0,0.0,70099379992.5
2025-08-01 11:36:13 AM,24756.0,0,0.0,70099379992.5
2025-08-01 11:36:13 AM,24756.0,225,5570100.0,70104950092.5
2025-08-01 11:36:14 AM,24754.6,0,0.0,70104950092.5
2025-08-01 11:36:15 AM,24754.9,900,22279410.0,70127229502.5
2025-08-01 11:36:16 AM,24753.6,0,0.0,70127229502.5
2025-08-01 11:36:16 AM,24753.6,75,1856520.0,70129086022.5
2025-08-01 11:36:18 AM,24754.7,75,1856602.5,70130942625.0
2025-08-01 11:36:22 AM,24754.7,75,1856602.5,70132799227.5
2025-08-01 11:36:24 AM,24753.6,0,0.0,70132799227.5
2025-08-01 11:36:25 AM,24753.0,300,7425900.0,70140225127.5
2025-08-01 11:36:27 AM,24753.5,0,0.0,70140225127.5
2025-08-01 11:36:28 AM,24753.4,0,0.0,70140225127.5
2025-08-01 11:36:28 AM,24753.4,450,11139030.0,70151364157.5
2025-08-01 11:36:28 AM,24753.6,150,3713040.0,70155077197.5
2025-08-01 11:36:29 AM,24753.4,0,0.0,70155077197.5
2025-08-01 11:36:29 AM,24753.1,0,0.0,70155077197.5
2025-08-01 11:36:30 AM,24753.2,1050,25990860.0,70181068057.5
2025-08-01 11:36:30 AM,24753.4,0,0.0,70181068057.5
2025-08-01 11:36:30 AM,24753.4,75,1856505.0,70182924562.5
2025-08-01 11:36:31 AM,24753.5,0,0.0,70182924562.5
2025-08-01 11:36:31 AM,24753.3,375,9282487.5,70192207050.0
2025-08-01 11:36:33 AM,24753.4,0,0.0,70192207050.0
2025-08-01 11:36:33 AM,24754.7,1050,25992435.0,70218199485.0
2025-08-01 11:36:34 AM,24753.2,0,0.0,70218199485.0
2025-08-01 11:36:35 AM,24754.7,375,9283012.5,70227482497.5
2025-08-01 11:36:36 AM,24759.0,0,0.0,70227482497.5
2025-08-01 11:36:36 AM,24759.0,150,3713850.0,70231196347.5
2025-08-01 11:36:37 AM,24761.0,0,0.0,70231196347.5
2025-08-01 11:36:38 AM,24757.6,0,0.0,70231196347.5
2025-08-01 11:36:38 AM,24757.6,600,14854560.0,70246050907.5
2025-08-01 11:36:39 AM,24760.0,0,0.0,70246050907.5
2025-08-01 11:36:40 AM,24755.1,675,16709692.499999998,70262760600.0
2025-08-01 11:36:42 AM,24760.3,0,0.0,70262760600.0
2025-08-01 11:36:43 AM,24760.3,75,1857022.5,70264617622.5
2025-08-01 11:36:46 AM,24759.9,0,0.0,70264617622.5
2025-08-01 11:36:46 AM,24755.0,225,5569875.0,70270187497.5
2025-08-01 11:36:48 AM,24759.1,0,0.0,70270187497.5
2025-08-01 11:36:48 AM,24759.1,75,1856932.5,70272044430.0
2025-08-01 11:36:50 AM,24755.1,0,0.0,70272044430.0
2025-08-01 11:36:51 AM,24755.1,225,5569897.5,70277614327.5
2025-08-01 11:36:52 AM,24755.0,0,0.0,70277614327.5
2025-08-01 11:36:52 AM,24753.3,0,0.0,70277614327.5
2025-08-01 11:36:53 AM,24753.3,600,14851980.0,70292466307.5
2025-08-01 11:36:54 AM,24754.8,0,0.0,70292466307.5
2025-08-01 11:36:55 AM,24754.8,225,5569830.0,70298036137.5
2025-08-01 11:36:56 AM,24751.0,0,0.0,70298036137.5
2025-08-01 11:36:56 AM,24751.0,750,18563250.0,70316599387.5
2025-08-01 11:36:57 AM,24754.8,0,0.0,70316599387.5
2025-08-01 11:36:58 AM,24754.9,0,0.0,70316599387.5
2025-08-01 11:36:58 AM,24754.9,225,5569852.5,70322169240.0
2025-08-01 11:36:59 AM,24754.8,0,0.0,70322169240.0
2025-08-01 11:37:00 AM,24750.0,375,9281250.0,70331450490.0
2025-08-01 11:37:01 AM,24750.0,2325,57543750.0,70388994240.0
2025-08-01 11:37:05 AM,24750.0,1500,37125000.0,70426119240.0
2025-08-01 11:37:07 AM,24755.3,750,18566475.0,70444685715.0
2025-08-01 11:37:10 AM,24753.1,0,0.0,70444685715.0
2025-08-01 11:37:11 AM,24753.1,75,1856482.5,70446542197.5
2025-08-01 11:37:12 AM,24750.1,0,0.0,70446542197.5
2025-08-01 11:37:13 AM,24750.1,75,1856257.5,70448398455.0
2025-08-01 11:37:16 AM,24750.3,0,0.0,70448398455.0
2025-08-01 11:37:16 AM,24755.0,150,3713250.0,70452111705.0
2025-08-01 11:37:18 AM,24754.4,0,0.0,70452111705.0
2025-08-01 11:37:18 AM,24754.4,150,3713160.0,70455824865.0
2025-08-01 11:37:19 AM,24750.2,0,0.0,70455824865.0
2025-08-01 11:37:19 AM,24750.1,150,3712515.0,70459537380.0
2025-08-01 11:37:21 AM,24754.0,0,0.0,70459537380.0
2025-08-01 11:37:21 AM,24754.0,75,1856550.0,70461393930.0
2025-08-01 11:37:23 AM,24750.0,0,0.0,70461393930.0
2025-08-01 11:37:23 AM,24750.0,975,24131250.0,70485525180.0
2025-08-01 11:37:24 AM,24753.9,0,0.0,70485525180.0
2025-08-01 11:37:24 AM,24753.9,75,1856542.5,70487381722.5
2025-08-01 11:37:25 AM,24750.0,0,0.0,70487381722.5
2025-08-01 11:37:26 AM,24753.8,0,0.0,70487381722.5
2025-08-01 11:37:26 AM,24753.8,300,7426140.0,70494807862.5
2025-08-01 11:37:28 AM,24753.6,0,0.0,70494807862.5
2025-08-01 11:37:29 AM,24751.6,0,0.0,70494807862.5
2025-08-01 11:37:29 AM,24753.7,450,11139165.0,70505947027.5
2025-08-01 11:37:30 AM,24750.5,0,0.0,70505947027.5
2025-08-01 11:37:31 AM,24755.9,9150,226516485.0,70732463512.5
2025-08-01 11:37:32 AM,24757.0,0,0.0,70732463512.5
2025-08-01 11:37:33 AM,24755.0,150,3713250.0,70736176762.5
2025-08-01 11:37:34 AM,24752.9,0,0.0,70736176762.5
2025-08-01 11:37:34 AM,24752.9,75,1856467.5,70738033230.0
2025-08-01 11:37:35 AM,24757.0,0,0.0,70738033230.0
2025-08-01 11:37:36 AM,24753.9,0,0.0,70738033230.0
2025-08-01 11:37:36 AM,24753.9,150,3713085.0,70741746315.0
2025-08-01 11:37:39 AM,24758.4,0,0.0,70741746315.0
2025-08-01 11:37:39 AM,24758.4,300,7427520.0,70749173835.0
2025-08-01 11:37:41 AM,24756.0,0,0.0,70749173835.0
2025-08-01 11:37:41 AM,24756.0,75,1856700.0,70751030535.0
2025-08-01 11:37:44 AM,24756.1,75,1856707.5,70752887242.5
2025-08-01 11:37:45 AM,24759.8,0,0.0,70752887242.5
2025-08-01 11:37:46 AM,24759.8,75,1856985.0,70754744227.5
2025-08-01 11:37:51 AM,24759.8,75,1856985.0,70756601212.5
2025-08-01 11:37:54 AM,24759.8,150,3713970.0,70760315182.5
2025-08-01 11:38:00 AM,24756.5,0,0.0,70760315182.5
2025-08-01 11:38:01 AM,24756.5,525,12997162.5,70773312345.0
2025-08-01 11:38:08 AM,24759.8,75,1856985.0,70775169330.0
2025-08-01 11:38:09 AM,24756.8,0,0.0,70775169330.0
2025-08-01 11:38:09 AM,24756.8,75,1856760.0,70777026090.0
2025-08-01 11:38:10 AM,24760.0,0,0.0,70777026090.0
2025-08-01 11:38:11 AM,24760.0,225,5571000.0,70782597090.0
2025-08-01 11:38:18 AM,24760.0,75,1857000.0,70784454090.0
2025-08-01 11:38:18 AM,24758.8,0,0.0,70784454090.0
2025-08-01 11:38:19 AM,24758.8,75,1856910.0,70786311000.0
2025-08-01 11:38:23 AM,24758.8,150,3713820.0,70790024820.0
2025-08-01 11:38:23 AM,24758.8,75,1856910.0,70791881730.0
2025-08-01 11:38:24 AM,24757.6,0,0.0,70791881730.0
2025-08-01 11:38:24 AM,24758.8,450,11141460.0,70803023190.0
2025-08-01 11:38:26 AM,24758.8,75,1856910.0,70804880100.0
2025-08-01 11:38:29 AM,24758.8,150,3713820.0,70808593920.0
2025-08-01 11:38:30 AM,24760.0,0,0.0,70808593920.0
2025-08-01 11:38:31 AM,24760.0,150,3714000.0,70812307920.0
2025-08-01 11:38:32 AM,24758.8,0,0.0,70812307920.0
2025-08-01 11:38:32 AM,24761.0,0,0.0,70812307920.0
2025-08-01 11:38:33 AM,24761.0,225,5571225.0,70817879145.0
2025-08-01 11:38:34 AM,24761.0,150,3714150.0,70821593295.0
2025-08-01 11:38:35 AM,24756.5,0,0.0,70821593295.0
2025-08-01 11:38:36 AM,24756.0,0,0.0,70821593295.0
2025-08-01 11:38:36 AM,24756.0,900,22280400.0,70843873695.0
2025-08-01 11:38:39 AM,24755.0,0,0.0,70843873695.0
2025-08-01 11:38:39 AM,24752.0,0,0.0,70843873695.0
2025-08-01 11:38:39 AM,24752.0,375,9282000.0,70853155695.0
2025-08-01 11:38:40 AM,24754.8,0,0.0,70853155695.0
2025-08-01 11:38:41 AM,24754.8,75,1856610.0,70855012305.0
2025-08-01 11:38:43 AM,24754.9,0,0.0,70855012305.0
2025-08-01 11:38:44 AM,24750.2,0,0.0,70855012305.0
2025-08-01 11:38:44 AM,24750.2,525,12993855.0,70868006160.0
2025-08-01 11:38:45 AM,24754.7,0,0.0,70868006160.0
2025-08-01 11:38:46 AM,24754.5,0,0.0,70868006160.0
2025-08-01 11:38:46 AM,24754.5,300,7426350.0,70875432510.0
2025-08-01 11:38:46 AM,24754.5,150,3713175.0,70879145685.0
2025-08-01 11:38:48 AM,24754.5,75,1856587.5,70881002272.5
2025-08-01 11:38:49 AM,24754.5,75,1856587.5,70882858860.0
2025-08-01 11:38:50 AM,24752.8,0,0.0,70882858860.0
2025-08-01 11:38:51 AM,24752.8,150,3712920.0,70886571780.0
2025-08-01 11:38:52 AM,24750.2,0,0.0,70886571780.0
2025-08-01 11:38:53 AM,24754.3,150,3713145.0,70890284925.0
2025-08-01 11:38:53 AM,24754.4,0,0.0,70890284925.0
2025-08-01 11:38:54 AM,24754.4,75,1856580.0,70892141505.0
2025-08-01 11:38:55 AM,24750.0,0,0.0,70892141505.0
2025-08-01 11:38:56 AM,24750.0,150,3712500.0,70895854005.0
2025-08-01 11:38:56 AM,24753.2,0,0.0,70895854005.0
2025-08-01 11:38:56 AM,24753.2,75,1856490.0,70897710495.0
2025-08-01 11:39:00 AM,24750.0,0,0.0,70897710495.0
2025-08-01 11:39:01 AM,24750.0,2325,57543750.0,70955254245.0
2025-08-01 11:39:01 AM,24753.9,0,0.0,70955254245.0
2025-08-01 11:39:01 AM,24753.9,150,3713085.0,70958967330.0
2025-08-01 11:39:03 AM,24753.9,600,14852340.0,70973819670.0
2025-08-01 11:39:03 AM,24754.1,0,0.0,70973819670.0
2025-08-01 11:39:04 AM,24754.1,225,5569672.5,70979389342.5
2025-08-01 11:39:07 AM,24751.4,0,0.0,70979389342.5
2025-08-01 11:39:08 AM,24751.4,225,5569065.0,70984958407.5
2025-08-01 11:39:08 AM,24754.3,0,0.0,70984958407.5
2025-08-01 11:39:09 AM,24754.3,75,1856572.5,70986814980.0
2025-08-01 11:39:10 AM,24754.8,0,0.0,70986814980.0
2025-08-01 11:39:11 AM,24754.8,75,1856610.0,70988671590.0
2025-08-01 11:39:15 AM,24751.0,0,0.0,70988671590.0
2025-08-01 11:39:16 AM,24750.0,0,0.0,70988671590.0
2025-08-01 11:39:16 AM,24750.0,2400,59400000.0,71048071590.0
2025-08-01 11:39:16 AM,24751.2,750,18563400.0,71066634990.0
2025-08-01 11:39:18 AM,24750.0,150,3712500.0,71070347490.0
2025-08-01 11:39:18 AM,24751.2,0,0.0,71070347490.0
2025-08-01 11:39:19 AM,24750.0,0,0.0,71070347490.0
2025-08-01 11:39:19 AM,24750.0,2100,51975000.0,71122322490.0
2025-08-01 11:39:20 AM,24751.8,0,0.0,71122322490.0
2025-08-01 11:39:21 AM,24751.8,825,20420235.0,71142742725.0
2025-08-01 11:39:23 AM,24751.8,225,5569155.0,71148311880.0
2025-08-01 11:39:23 AM,24751.5,0,0.0,71148311880.0
2025-08-01 11:39:24 AM,24751.8,0,0.0,71148311880.0
2025-08-01 11:39:24 AM,24753.4,375,9282525.0,71157594405.0
2025-08-01 11:39:25 AM,24753.9,0,0.0,71157594405.0
2025-08-01 11:39:26 AM,24751.5,0,0.0,71157594405.0
2025-08-01 11:39:26 AM,24751.5,225,5569087.5,71163163492.5
2025-08-01 11:39:27 AM,24753.8,0,0.0,71163163492.5
2025-08-01 11:39:28 AM,24753.8,75,1856535.0,71165020027.5
2025-08-01 11:39:31 AM,24750.0,0,0.0,71165020027.5
2025-08-01 11:39:31 AM,24750.0,3975,98381250.0,71263401277.5
2025-08-01 11:39:31 AM,24750.0,75,1856250.0,71265257527.5
2025-08-01 11:39:32 AM,24742.3,0,0.0,71265257527.5
2025-08-01 11:39:33 AM,24742.3,45450,1124537535.0,72389795062.5
2025-08-01 11:39:33 AM,24741.0,75,1855575.0,72391650637.5
2025-08-01 11:39:33 AM,24742.3,0,0.0,72391650637.5
2025-08-01 11:39:34 AM,24742.3,6150,152165145.0,72543815782.5
2025-08-01 11:39:35 AM,24740.3,150,3711045.0,72547526827.5
2025-08-01 11:39:35 AM,24741.9,0,0.0,72547526827.5
2025-08-01 11:39:36 AM,24740.0,0,0.0,72547526827.5
2025-08-01 11:39:36 AM,24741.6,450,11133720.0,72558660547.5
2025-08-01 11:39:36 AM,24743.0,75,1855725.0,72560516272.5
2025-08-01 11:39:38 AM,24743.0,675,16701525.0,72577217797.5
2025-08-01 11:39:38 AM,24739.2,0,0.0,72577217797.5
2025-08-01 11:39:38 AM,24743.0,375,9278625.0,72586496422.5
2025-08-01 11:39:39 AM,24741.4,825,20411655.0,72606908077.5
2025-08-01 11:39:40 AM,24740.9,0,0.0,72606908077.5
2025-08-01 11:39:41 AM,24740.1,0,0.0,72606908077.5
2025-08-01 11:39:41 AM,24740.1,1125,27832612.5,72634740690.0
2025-08-01 11:39:42 AM,24742.0,0,0.0,72634740690.0
2025-08-01 11:39:43 AM,24741.0,450,11133450.0,72645874140.0
2025-08-01 11:39:44 AM,24741.1,0,0.0,72645874140.0
2025-08-01 11:39:44 AM,24741.1,1125,27833737.5,72673707877.5
2025-08-01 11:39:48 AM,24741.1,150,3711165.0,72677419042.5
2025-08-01 11:39:48 AM,24741.4,0,0.0,72677419042.5
2025-08-01 11:39:49 AM,24741.4,150,3711210.0,72681130252.5
2025-08-01 11:39:50 AM,24741.0,0,0.0,72681130252.5
2025-08-01 11:39:51 AM,24743.0,0,0.0,72681130252.5
2025-08-01 11:39:51 AM,24741.0,0,0.0,72681130252.5
2025-08-01 11:39:51 AM,24741.0,675,16700175.0,72697830427.5
2025-08-01 11:39:51 AM,24743.0,0,0.0,72697830427.5
2025-08-01 11:39:51 AM,24743.0,150,3711450.0,72701541877.5
2025-08-01 11:39:52 AM,24740.5,0,0.0,72701541877.5
2025-08-01 11:39:53 AM,24740.5,150,3711075.0,72705252952.5
2025-08-01 11:39:53 AM,24741.1,0,0.0,72705252952.5
2025-08-01 11:39:54 AM,24744.0,0,0.0,72705252952.5
2025-08-01 11:39:54 AM,24744.0,4425,109492200.0,72814745152.5
2025-08-01 11:39:56 AM,24743.0,0,0.0,72814745152.5
2025-08-01 11:39:56 AM,24741.3,0,0.0,72814745152.5
2025-08-01 11:39:56 AM,24741.3,150,3711195.0,72818456347.5
2025-08-01 11:39:57 AM,24744.0,0,0.0,72818456347.5
2025-08-01 11:39:58 AM,24744.0,75,1855800.0,72820312147.5
2025-08-01 11:39:59 AM,24741.1,75,1855582.5,72822167730.0
2025-08-01 11:40:00 AM,24744.0,0,0.0,72822167730.0
2025-08-01 11:40:00 AM,24745.0,0,0.0,72822167730.0
2025-08-01 11:40:01 AM,24744.0,0,0.0,72822167730.0
2025-08-01 11:40:01 AM,24744.0,2850,70520400.0,72892688130.0
2025-08-01 11:40:02 AM,24739.2,0,0.0,72892688130.0
2025-08-01 11:40:03 AM,24739.2,750,18554400.0,72911242530.0
2025-08-01 11:40:04 AM,24741.0,0,0.0,72911242530.0
2025-08-01 11:40:04 AM,24744.0,0,0.0,72911242530.0
2025-08-01 11:40:04 AM,24737.0,975,24118575.0,72935361105.0
2025-08-01 11:40:05 AM,24743.2,0,0.0,72935361105.0
2025-08-01 11:40:06 AM,24739.5,375,9277312.5,72944638417.5
2025-08-01 11:40:07 AM,24740.7,0,0.0,72944638417.5
2025-08-01 11:40:08 AM,24741.7,1575,38968177.5,72983606595.0
2025-08-01 11:40:09 AM,24740.0,0,0.0,72983606595.0
2025-08-01 11:40:09 AM,24740.0,375,9277500.0,72992884095.0
2025-08-01 11:40:14 AM,24741.0,0,0.0,72992884095.0
2025-08-01 11:40:14 AM,24741.0,75,1855575.0,72994739670.0
2025-08-01 11:40:14 AM,24740.0,75,1855500.0,72996595170.0
2025-08-01 11:40:15 AM,24737.3,0,0.0,72996595170.0
2025-08-01 11:40:16 AM,24741.2,225,5566770.0,73002161940.0
2025-08-01 11:40:18 AM,24740.0,0,0.0,73002161940.0
2025-08-01 11:40:19 AM,24741.2,0,0.0,73002161940.0
2025-08-01 11:40:19 AM,24741.2,375,9277950.0,73011439890.0
2025-08-01 11:40:21 AM,24740.4,450,11133180.0,73022573070.0
2025-08-01 11:40:21 AM,24740.0,0,0.0,73022573070.0
2025-08-01 11:40:21 AM,24740.0,75,1855500.0,73024428570.0
2025-08-01 11:40:22 AM,24742.0,0,0.0,73024428570.0
2025-08-01 11:40:23 AM,24740.0,300,7422000.0,73031850570.0
2025-08-01 11:40:24 AM,24740.1,0,0.0,73031850570.0
2025-08-01 11:40:24 AM,24740.6,150,3711090.0,73035561660.0
2025-08-01 11:40:25 AM,24740.1,0,0.0,73035561660.0
2025-08-01 11:40:26 AM,24740.1,150,3711015.0,73039272675.0
2025-08-01 11:40:27 AM,24742.0,0,0.0,73039272675.0
2025-08-01 11:40:28 AM,24743.9,0,0.0,73039272675.0
2025-08-01 11:40:28 AM,24743.9,150,3711585.0,73042984260.0
2025-08-01 11:40:29 AM,24745.4,0,0.0,73042984260.0
2025-08-01 11:40:29 AM,24740.4,900,22266360.0,73065250620.0
2025-08-01 11:40:29 AM,24745.4,300,7423620.0,73072674240.0
2025-08-01 11:40:31 AM,24741.2,75,1855590.0,73074529830.0
2025-08-01 11:40:31 AM,24745.5,75,1855912.5,73076385742.5
2025-08-01 11:40:33 AM,24743.6,150,3711540.0,73080097282.5
2025-08-01 11:40:34 AM,24746.6,0,0.0,73080097282.5
2025-08-01 11:40:34 AM,24746.6,225,5567985.0,73085665267.5
2025-08-01 11:40:35 AM,24748.4,0,0.0,73085665267.5
2025-08-01 11:40:36 AM,24748.7,225,5568457.5,73091233725.0
2025-08-01 11:40:37 AM,24745.0,0,0.0,73091233725.0
2025-08-01 11:40:38 AM,24745.0,75,1855875.0,73093089600.0
2025-08-01 11:40:40 AM,24746.6,0,0.0,73093089600.0
2025-08-01 11:40:41 AM,24748.7,225,5568457.5,73098658057.5
2025-08-01 11:40:41 AM,24748.8,0,0.0,73098658057.5
2025-08-01 11:40:43 AM,24748.8,150,3712320.0,73102370377.5
2025-08-01 11:40:43 AM,24744.3,0,0.0,73102370377.5
2025-08-01 11:40:44 AM,24748.9,0,0.0,73102370377.5
2025-08-01 11:40:44 AM,24748.9,150,3712335.0,73106082712.5
2025-08-01 11:40:46 AM,24748.9,75,1856167.5,73107938880.0
2025-08-01 11:40:46 AM,24745.0,0,0.0,73107938880.0
2025-08-01 11:40:47 AM,24745.0,75,1855875.0,73109794755.0
2025-08-01 11:40:49 AM,24749.0,0,0.0,73109794755.0
2025-08-01 11:40:49 AM,24749.0,300,7424700.0,73117219455.0
2025-08-01 11:40:52 AM,24745.0,75,1855875.0,73119075330.0
2025-08-01 11:40:55 AM,24748.4,0,0.0,73119075330.0
2025-08-01 11:40:55 AM,24748.8,0,0.0,73119075330.0
2025-08-01 11:40:56 AM,24745.0,750,18558750.0,73137634080.0
2025-08-01 11:40:56 AM,24745.0,525,12991125.0,73150625205.0
2025-08-01 11:40:57 AM,24746.4,0,0.0,73150625205.0
2025-08-01 11:40:57 AM,24745.9,0,0.0,73150625205.0
2025-08-01 11:40:57 AM,24744.6,225,5567535.0,73156192740.0
2025-08-01 11:40:58 AM,24745.9,0,0.0,73156192740.0
2025-08-01 11:40:59 AM,24745.9,75,1855942.5,73158048682.5
2025-08-01 11:41:00 AM,24742.0,0,0.0,73158048682.5
2025-08-01 11:41:00 AM,24747.2,0,0.0,73158048682.5
2025-08-01 11:41:01 AM,24747.2,525,12992280.0,73171040962.5
2025-08-01 11:41:02 AM,24746.9,0,0.0,73171040962.5
2025-08-01 11:41:02 AM,24741.1,0,0.0,73171040962.5
2025-08-01 11:41:02 AM,24741.1,900,22266990.0,73193307952.5
2025-08-01 11:41:03 AM,24746.6,0,0.0,73193307952.5
2025-08-01 11:41:04 AM,24741.4,0,0.0,73193307952.5
2025-08-01 11:41:04 AM,24741.4,1050,25978470.0,73219286422.5
2025-08-01 11:41:05 AM,24746.4,0,0.0,73219286422.5
2025-08-01 11:41:06 AM,24746.4,150,3711960.0,73222998382.5
2025-08-01 11:41:06 AM,24746.6,0,0.0,73222998382.5
2025-08-01 11:41:07 AM,24747.8,0,0.0,73222998382.5
2025-08-01 11:41:07 AM,24747.6,375,9280350.0,73232278732.5
2025-08-01 11:41:08 AM,24747.7,0,0.0,73232278732.5
2025-08-01 11:41:09 AM,24747.7,75,1856077.5,73234134810.0
2025-08-01 11:41:11 AM,24747.9,0,0.0,73234134810.0
2025-08-01 11:41:12 AM,24747.9,75,1856092.5,73235990902.5
2025-08-01 11:41:15 AM,24746.7,0,0.0,73235990902.5
2025-08-01 11:41:16 AM,24746.4,225,5567940.0,73241558842.5
2025-08-01 11:41:17 AM,24743.0,0,0.0,73241558842.5
2025-08-01 11:41:19 AM,24743.0,75,1855725.0,73243414567.5
2025-08-01 11:41:22 AM,24743.0,225,5567175.0,73248981742.5
2025-08-01 11:41:23 AM,24745.0,0,0.0,73248981742.5
2025-08-01 11:41:24 AM,24745.0,75,1855875.0,73250837617.5
2025-08-01 11:41:25 AM,24746.2,0,0.0,73250837617.5
2025-08-01 11:41:25 AM,24746.2,150,3711930.0,73254549547.5
2025-08-01 11:41:30 AM,24746.3,0,0.0,73254549547.5
2025-08-01 11:41:30 AM,24746.3,75,1855972.5,73256405520.0
2025-08-01 11:41:32 AM,24745.8,0,0.0,73256405520.0
2025-08-01 11:41:32 AM,24745.8,75,1855935.0,73258261455.0
2025-08-01 11:41:32 AM,24745.6,0,0.0,73258261455.0
2025-08-01 11:41:33 AM,24744.0,0,0.0,73258261455.0
2025-08-01 11:41:33 AM,24745.0,375,9279375.0,73267540830.0
2025-08-01 11:41:34 AM,24743.0,75,1855725.0,73269396555.0
2025-08-01 11:41:34 AM,24741.9,0,0.0,73269396555.0
2025-08-01 11:41:35 AM,24741.0,150,3711150.0,73273107705.0
2025-08-01 11:41:36 AM,24740.0,0,0.0,73273107705.0
2025-08-01 11:41:37 AM,24739.0,2400,59373600.0,73332481305.0
2025-08-01 11:41:38 AM,24739.9,0,0.0,73332481305.0
2025-08-01 11:41:38 AM,24741.9,1350,33401565.000000004,73365882870.0
2025-08-01 11:41:39 AM,24737.0,150,3710550.0,73369593420.0
2025-08-01 11:41:40 AM,24736.0,0,0.0,73369593420.0
2025-08-01 11:41:41 AM,24735.5,0,0.0,73369593420.0
2025-08-01 11:41:42 AM,24735.5,600,14841300.0,73384434720.0
2025-08-01 11:41:42 AM,24738.0,0,0.0,73384434720.0
2025-08-01 11:41:43 AM,24741.7,0,0.0,73384434720.0
2025-08-01 11:41:43 AM,24741.7,225,5566882.5,73390001602.5
2025-08-01 11:41:44 AM,24741.3,0,0.0,73390001602.5
2025-08-01 11:41:45 AM,24735.2,150,3710280.0,73393711882.5
2025-08-01 11:41:46 AM,24733.0,0,0.0,73393711882.5
2025-08-01 11:41:47 AM,24732.5,1575,38953687.5,73432665570.0
2025-08-01 11:41:48 AM,24736.6,450,11131470.0,73443797040.0
2025-08-01 11:41:49 AM,24732.1,0,0.0,73443797040.0
2025-08-01 11:41:50 AM,24732.1,150,3709815.0,73447506855.0
2025-08-01 11:41:50 AM,24736.4,0,0.0,73447506855.0
2025-08-01 11:41:51 AM,24733.0,0,0.0,73447506855.0
2025-08-01 11:41:52 AM,24733.0,300,7419900.0,73454926755.0
2025-08-01 11:41:53 AM,24736.5,0,0.0,73454926755.0
2025-08-01 11:41:53 AM,24735.0,450,11130750.0,73466057505.0
2025-08-01 11:41:54 AM,24737.0,0,0.0,73466057505.0
2025-08-01 11:41:55 AM,24737.0,75,1855275.0,73467912780.0
2025-08-01 11:41:56 AM,24735.0,0,0.0,73467912780.0
2025-08-01 11:41:56 AM,24733.0,0,0.0,73467912780.0
2025-08-01 11:41:57 AM,24733.0,225,5564925.0,73473477705.0
2025-08-01 11:41:57 AM,24733.3,0,0.0,73473477705.0
2025-08-01 11:41:58 AM,24737.0,0,0.0,73473477705.0
2025-08-01 11:41:58 AM,24737.0,225,5565825.0,73479043530.0
2025-08-01 11:41:59 AM,24732.6,0,0.0,73479043530.0
2025-08-01 11:42:00 AM,24737.1,150,3710565.0,73482754095.0
2025-08-01 11:42:01 AM,24735.7,0,0.0,73482754095.0
2025-08-01 11:42:01 AM,24734.7,0,0.0,73482754095.0
2025-08-01 11:42:02 AM,24734.7,525,12985717.5,73495739812.5
2025-08-01 11:42:03 AM,24734.8,0,0.0,73495739812.5
2025-08-01 11:42:03 AM,24734.8,225,5565330.0,73501305142.5
2025-08-01 11:42:03 AM,24739.9,0,0.0,73501305142.5
2025-08-01 11:42:03 AM,24739.9,75,1855492.5,73503160635.0
2025-08-01 11:42:05 AM,24733.4,0,0.0,73503160635.0
2025-08-01 11:42:06 AM,24733.9,0,0.0,73503160635.0
2025-08-01 11:42:07 AM,24733.9,525,12985297.5,73516145932.5
2025-08-01 11:42:07 AM,24739.5,0,0.0,73516145932.5
2025-08-01 11:42:08 AM,24735.1,0,0.0,73516145932.5
2025-08-01 11:42:08 AM,24735.1,225,5565397.5,73521711330.0
2025-08-01 11:42:09 AM,24739.1,0,0.0,73521711330.0
2025-08-01 11:42:10 AM,24735.1,150,3710265.0,73525421595.0
2025-08-01 11:42:10 AM,24735.0,0,0.0,73525421595.0
2025-08-01 11:42:10 AM,24735.0,75,1855125.0,73527276720.0
2025-08-01 11:42:12 AM,24735.0,75,1855125.0,73529131845.0
2025-08-01 11:42:13 AM,24738.4,0,0.0,73529131845.0
2025-08-01 11:42:13 AM,24738.4,75,1855380.0,73530987225.0
2025-08-01 11:42:14 AM,24737.0,0,0.0,73530987225.0
2025-08-01 11:42:15 AM,24739.0,300,7421700.0,73538408925.0
2025-08-01 11:42:16 AM,24734.7,0,0.0,73538408925.0
2025-08-01 11:42:16 AM,24735.1,0,0.0,73538408925.0
2025-08-01 11:42:17 AM,24735.1,1575,38957782.5,73577366707.5
2025-08-01 11:42:18 AM,24739.0,0,0.0,73577366707.5
2025-08-01 11:42:18 AM,24734.7,150,3710205.0,73581076912.5
2025-08-01 11:42:20 AM,24734.7,300,7420410.0,73588497322.5
2025-08-01 11:42:21 AM,24734.0,0,0.0,73588497322.5
2025-08-01 11:42:21 AM,24734.0,450,11130300.0,73599627622.5
2025-08-01 11:42:24 AM,24733.3,0,0.0,73599627622.5
2025-08-01 11:42:24 AM,24738.2,0,0.0,73599627622.5
2025-08-01 11:42:25 AM,24738.2,150,3710730.0,73603338352.5
2025-08-01 11:42:26 AM,24739.3,0,0.0,73603338352.5
2025-08-01 11:42:27 AM,24739.3,75,1855447.5,73605193800.0
2025-08-01 11:42:29 AM,24733.0,0,0.0,73605193800.0
2025-08-01 11:42:30 AM,24733.0,150,3709950.0,73608903750.0
2025-08-01 11:42:30 AM,24732.0,0,0.0,73608903750.0
2025-08-01 11:42:31 AM,24731.8,0,0.0,73608903750.0
2025-08-01 11:42:32 AM,24730.0,5175,127977750.0,73736881500.0
2025-08-01 11:42:32 AM,24731.7,150,3709755.0,73740591255.0
2025-08-01 11:42:33 AM,24730.0,0,0.0,73740591255.0
2025-08-01 11:42:33 AM,24732.9,375,9274837.5,73749866092.5
2025-08-01 11:42:34 AM,24730.0,0,0.0,73749866092.5
2025-08-01 11:42:35 AM,24730.0,75,1854750.0,73751720842.5
2025-08-01 11:42:36 AM,24731.3,0,0.0,73751720842.5
2025-08-01 11:42:37 AM,24731.3,225,5564542.5,73757285385.0
2025-08-01 11:42:38 AM,24731.3,2925,72339052.5,73829624437.5
2025-08-01 11:42:39 AM,24730.0,0,0.0,73829624437.5
2025-08-01 11:42:40 AM,24730.0,225,5564250.0,73835188687.5
2025-08-01 11:42:40 AM,24730.5,0,0.0,73835188687.5
2025-08-01 11:42:41 AM,24730.0,0,0.0,73835188687.5
2025-08-01 11:42:42 AM,24730.0,375,9273750.0,73844462437.5
2025-08-01 11:42:43 AM,24730.0,300,7419000.0,73851881437.5
2025-08-01 11:42:44 AM,24731.3,0,0.0,73851881437.5
2025-08-01 11:42:45 AM,24730.0,225,5564250.0,73857445687.5
2025-08-01 11:42:47 AM,24730.0,150,3709500.0,73861155187.5
2025-08-01 11:42:47 AM,24734.0,0,0.0,73861155187.5
2025-08-01 11:42:48 AM,24730.5,0,0.0,73861155187.5
2025-08-01 11:42:48 AM,24730.5,375,9273937.5,73870429125.0
2025-08-01 11:42:49 AM,24730.1,0,0.0,73870429125.0
2025-08-01 11:42:50 AM,24730.0,525,12983250.0,73883412375.0
2025-08-01 11:42:51 AM,24734.0,0,0.0,73883412375.0
2025-08-01 11:42:52 AM,24734.9,225,5565352.5,73888977727.5
2025-08-01 11:42:53 AM,24735.9,0,0.0,73888977727.5
2025-08-01 11:42:53 AM,24735.9,150,3710385.0,73892688112.5
2025-08-01 11:42:54 AM,24731.3,0,0.0,73892688112.5
2025-08-01 11:42:54 AM,24734.9,0,0.0,73892688112.5
2025-08-01 11:42:55 AM,24735.0,675,16696125.0,73909384237.5
2025-08-01 11:42:56 AM,24731.0,0,0.0,73909384237.5
2025-08-01 11:42:56 AM,24731.0,150,3709650.0,73913093887.5
2025-08-01 11:42:59 AM,24731.2,0,0.0,73913093887.5
2025-08-01 11:43:00 AM,24731.2,75,1854840.0,73914948727.5
2025-08-01 11:43:00 AM,24735.0,0,0.0,73914948727.5
2025-08-01 11:43:01 AM,24731.5,0,0.0,73914948727.5
2025-08-01 11:43:01 AM,24731.5,450,11129175.0,73926077902.5
2025-08-01 11:43:02 AM,24731.9,0,0.0,73926077902.5
2025-08-01 11:43:02 AM,24735.0,0,0.0,73926077902.5
2025-08-01 11:43:03 AM,24733.3,0,0.0,73926077902.5
2025-08-01 11:43:03 AM,24733.3,300,7419990.0,73933497892.5
2025-08-01 11:43:04 AM,24738.4,0,0.0,73933497892.5
2025-08-01 11:43:05 AM,24740.0,1125,27832500.0,73961330392.5
2025-08-01 11:43:05 AM,24738.9,150,3710835.0,73965041227.5
2025-08-01 11:43:06 AM,24738.9,75,1855417.5,73966896645.0
2025-08-01 11:43:07 AM,24741.0,0,0.0,73966896645.0
2025-08-01 11:43:08 AM,24741.0,225,5566725.0,73972463370.0
2025-08-01 11:43:09 AM,24742.7,0,0.0,73972463370.0
2025-08-01 11:43:10 AM,24741.0,0,0.0,73972463370.0
2025-08-01 11:43:10 AM,24741.0,375,9277875.0,73981741245.0
2025-08-01 11:43:16 AM,24740.7,0,0.0,73981741245.0
2025-08-01 11:43:16 AM,24740.7,75,1855552.5,73983596797.5
2025-08-01 11:43:18 AM,24740.8,0,0.0,73983596797.5
2025-08-01 11:43:18 AM,24742.0,0,0.0,73983596797.5
2025-08-01 11:43:18 AM,24742.0,300,7422600.0,73991019397.5
2025-08-01 11:43:20 AM,24742.8,450,11134260.0,74002153657.5
2025-08-01 11:43:21 AM,24740.0,0,0.0,74002153657.5
2025-08-01 11:43:21 AM,24740.0,150,3711000.0,74005864657.5
2025-08-01 11:43:22 AM,24742.4,0,0.0,74005864657.5
2025-08-01 11:43:23 AM,24742.4,150,3711360.0,74009576017.5
2025-08-01 11:43:24 AM,24742.0,0,0.0,74009576017.5
2025-08-01 11:43:25 AM,24742.0,225,5566950.0,74015142967.5
2025-08-01 11:43:26 AM,24740.0,0,0.0,74015142967.5
2025-08-01 11:43:26 AM,24740.0,150,3711000.0,74018853967.5
2025-08-01 11:43:29 AM,24740.1,0,0.0,74018853967.5
2025-08-01 11:43:30 AM,24740.1,75,1855507.5,74020709475.0
2025-08-01 11:43:30 AM,24742.0,0,0.0,74020709475.0
2025-08-01 11:43:31 AM,24742.0,300,7422600.0,74028132075.0
2025-08-01 11:43:32 AM,24741.4,0,0.0,74028132075.0
2025-08-01 11:43:33 AM,24741.4,75,1855605.0,74029987680.0
2025-08-01 11:43:36 AM,24741.4,225,5566815.0,74035554495.0
2025-08-01 11:43:38 AM,24742.3,0,0.0,74035554495.0
2025-08-01 11:43:39 AM,24742.4,0,0.0,74035554495.0
2025-08-01 11:43:40 AM,24742.0,225,5566950.0,74041121445.0
2025-08-01 11:43:41 AM,24742.3,0,0.0,74041121445.0
2025-08-01 11:43:41 AM,24742.3,75,1855672.5,74042977117.5
2025-08-01 11:43:42 AM,24741.4,0,0.0,74042977117.5
2025-08-01 11:43:43 AM,24741.4,225,5566815.0,74048543932.5
2025-08-01 11:43:43 AM,24741.4,75,1855605.0,74050399537.5
2025-08-01 11:43:44 AM,24741.0,0,0.0,74050399537.5
2025-08-01 11:43:45 AM,24741.4,300,7422420.0,74057821957.5
2025-08-01 11:43:46 AM,24741.4,150,3711210.0,74061533167.5
2025-08-01 11:43:48 AM,24741.4,75,1855605.0,74063388772.5
2025-08-01 11:43:49 AM,24741.0,0,0.0,74063388772.5
2025-08-01 11:43:50 AM,24741.0,225,5566725.0,74068955497.5
2025-08-01 11:43:50 AM,24741.4,0,0.0,74068955497.5
2025-08-01 11:43:51 AM,24744.0,0,0.0,74068955497.5
2025-08-01 11:43:51 AM,24744.0,600,14846400.0,74083801897.5
2025-08-01 11:43:54 AM,24741.5,0,0.0,74083801897.5
2025-08-01 11:43:55 AM,24741.5,75,1855612.5,74085657510.0
2025-08-01 11:43:56 AM,24741.4,0,0.0,74085657510.0
2025-08-01 11:43:56 AM,24741.4,75,1855605.0,74087513115.0
2025-08-01 11:43:57 AM,24738.9,0,0.0,74087513115.0
2025-08-01 11:43:58 AM,24738.9,450,11132505.0,74098645620.0
2025-08-01 11:43:58 AM,24739.1,0,0.0,74098645620.0
2025-08-01 11:43:59 AM,24738.4,0,0.0,74098645620.0
2025-08-01 11:44:00 AM,24738.8,525,12987870.0,74111633490.0
2025-08-01 11:44:01 AM,24735.4,0,0.0,74111633490.0
2025-08-01 11:44:01 AM,24735.0,1050,25971750.0,74137605240.0
2025-08-01 11:44:01 AM,24737.8,75,1855335.0,74139460575.0
2025-08-01 11:44:03 AM,24737.6,75,1855320.0,74141315895.0
2025-08-01 11:44:05 AM,24731.0,0,0.0,74141315895.0
2025-08-01 11:44:05 AM,24731.0,1050,25967550.0,74167283445.0
2025-08-01 11:44:05 AM,24735.4,0,0.0,74167283445.0
2025-08-01 11:44:06 AM,24734.6,0,0.0,74167283445.0
2025-08-01 11:44:06 AM,24734.6,2925,72348705.0,74239632150.0
2025-08-01 11:44:06 AM,24732.0,150,3709800.0,74243341950.0
2025-08-01 11:44:07 AM,24715.9,0,0.0,74243341950.0
2025-08-01 11:44:07 AM,24715.7,0,0.0,74243341950.0
2025-08-01 11:44:08 AM,24713.1,47100,1163987010.0,75407328960.0
2025-08-01 11:44:08 AM,24713.2,225,5560470.0,75412889430.0
2025-08-01 11:44:08 AM,24718.4,0,0.0,75412889430.0
2025-08-01 11:44:09 AM,24713.2,0,0.0,75412889430.0
2025-08-01 11:44:10 AM,24718.8,1725,42639930.0,75455529360.0
2025-08-01 11:44:11 AM,24712.9,0,0.0,75455529360.0
2025-08-01 11:44:11 AM,24712.8,675,16681140.0,75472210500.0
2025-08-01 11:44:12 AM,24717.3,0,0.0,75472210500.0
2025-08-01 11:44:13 AM,24717.1,750,18537825.0,75490748325.0
2025-08-01 11:44:13 AM,24712.5,75,1853437.5,75492601762.5
2025-08-01 11:44:13 AM,24718.2,0,0.0,75492601762.5
2025-08-01 11:44:14 AM,24712.5,0,0.0,75492601762.5
2025-08-01 11:44:14 AM,24712.4,0,0.0,75492601762.5
2025-08-01 11:44:15 AM,24712.5,750,18534375.0,75511136137.5
2025-08-01 11:44:15 AM,24718.2,0,0.0,75511136137.5
2025-08-01 11:44:16 AM,24717.8,0,0.0,75511136137.5
2025-08-01 11:44:16 AM,24717.8,825,20392185.0,75531528322.5
2025-08-01 11:44:17 AM,24713.5,0,0.0,75531528322.5
2025-08-01 11:44:18 AM,24712.8,525,12974220.0,75544502542.5
2025-08-01 11:44:19 AM,24717.8,0,0.0,75544502542.5
2025-08-01 11:44:20 AM,24717.8,150,3707670.0,75548210212.5
2025-08-01 11:44:20 AM,24713.5,300,7414050.0,75555624262.5
2025-08-01 11:44:21 AM,24712.4,0,0.0,75555624262.5
2025-08-01 11:44:21 AM,24712.4,300,7413720.0,75563037982.5
2025-08-01 11:44:21 AM,24717.8,1050,25953690.0,75588991672.5
2025-08-01 11:44:23 AM,24713.5,1350,33363225.0,75622354897.5
2025-08-01 11:44:24 AM,24712.0,0,0.0,75622354897.5
2025-08-01 11:44:25 AM,24713.0,450,11120850.0,75633475747.5
2025-08-01 11:44:26 AM,24717.3,0,0.0,75633475747.5
2025-08-01 11:44:26 AM,24717.9,1275,31515322.5,75664991070.0
2025-08-01 11:44:27 AM,24717.2,0,0.0,75664991070.0
2025-08-01 11:44:28 AM,24712.6,300,7413780.0,75672404850.0
2025-08-01 11:44:29 AM,24717.7,0,0.0,75672404850.0
2025-08-01 11:44:29 AM,24712.3,0,0.0,75672404850.0
2025-08-01 11:44:30 AM,24717.5,225,5561437.5,75677966287.5
2025-08-01 11:44:30 AM,24712.4,0,0.0,75677966287.5
2025-08-01 11:44:31 AM,24712.0,0,0.0,75677966287.5
2025-08-01 11:44:31 AM,24717.5,0,0.0,75677966287.5
2025-08-01 11:44:31 AM,24717.6,675,16684379.999999998,75694650667.5
2025-08-01 11:44:32 AM,24717.9,0,0.0,75694650667.5
2025-08-01 11:44:33 AM,24713.0,450,11120850.0,75705771517.5
2025-08-01 11:44:34 AM,24717.6,0,0.0,75705771517.5
2025-08-01 11:44:35 AM,24712.7,750,18534525.0,75724306042.5
2025-08-01 11:44:35 AM,24718.7,0,0.0,75724306042.5
2025-08-01 11:44:36 AM,24718.7,150,3707805.0,75728013847.5
2025-08-01 11:44:36 AM,24717.1,0,0.0,75728013847.5
2025-08-01 11:44:37 AM,24718.7,0,0.0,75728013847.5
2025-08-01 11:44:38 AM,24717.1,300,7415130.0,75735428977.5
2025-08-01 11:44:40 AM,24719.9,2025,50057797.5,75785486775.0
2025-08-01 11:44:40 AM,24715.0,75,1853625.0,75787340400.0
2025-08-01 11:44:40 AM,24713.1,0,0.0,75787340400.0
2025-08-01 11:44:41 AM,24712.9,0,0.0,75787340400.0
2025-08-01 11:44:41 AM,24712.9,2550,63017895.0,75850358295.0
2025-08-01 11:44:42 AM,24717.9,0,0.0,75850358295.0
2025-08-01 11:44:43 AM,24717.1,1050,25952955.0,75876311250.0
2025-08-01 11:44:44 AM,24715.0,0,0.0,75876311250.0
2025-08-01 11:44:45 AM,24715.0,225,5560875.0,75881872125.0
2025-08-01 11:44:45 AM,24713.0,0,0.0,75881872125.0
2025-08-01 11:44:46 AM,24713.0,150,3706950.0,75885579075.0
2025-08-01 11:44:46 AM,24716.9,0,0.0,75885579075.0
2025-08-01 11:44:47 AM,24711.8,0,0.0,75885579075.0
2025-08-01 11:44:48 AM,24711.8,975,24094005.0,75909673080.0
2025-08-01 11:44:48 AM,24715.0,75,1853625.0,75911526705.0
2025-08-01 11:44:49 AM,24713.9,0,0.0,75911526705.0
2025-08-01 11:44:50 AM,24713.9,300,7414170.0,75918940875.0
2025-08-01 11:44:50 AM,24715.0,0,0.0,75918940875.0
2025-08-01 11:44:51 AM,24719.1,1050,25955055.0,75944895930.0
2025-08-01 11:44:52 AM,24720.0,0,0.0,75944895930.0
2025-08-01 11:44:53 AM,24714.4,1050,25950120.0,75970846050.0
2025-08-01 11:44:53 AM,24720.0,0,0.0,75970846050.0
2025-08-01 11:44:53 AM,24714.5,0,0.0,75970846050.0
2025-08-01 11:44:54 AM,24719.7,0,0.0,75970846050.0
2025-08-01 11:44:55 AM,24720.0,1275,31518000.0,76002364050.0
2025-08-01 11:44:55 AM,24713.1,0,0.0,76002364050.0
2025-08-01 11:44:56 AM,24718.9,0,0.0,76002364050.0
2025-08-01 11:44:56 AM,24718.9,1050,25954845.0,76028318895.0
2025-08-01 11:44:57 AM,24713.0,0,0.0,76028318895.0
2025-08-01 11:44:58 AM,24713.0,225,5560425.0,76033879320.0
2025-08-01 11:44:58 AM,24718.6,0,0.0,76033879320.0
2025-08-01 11:44:59 AM,24713.1,0,0.0,76033879320.0
2025-08-01 11:45:00 AM,24718.5,2400,59324400.0,76093203720.0
2025-08-01 11:45:01 AM,24718.9,0,0.0,76093203720.0
2025-08-01 11:45:01 AM,24720.0,0,0.0,76093203720.0
2025-08-01 11:45:01 AM,24715.1,600,14829060.0,76108032780.0
2025-08-01 11:45:03 AM,24720.0,1275,31518000.0,76139550780.0
2025-08-01 11:45:04 AM,24724.0,0,0.0,76139550780.0
2025-08-01 11:45:05 AM,24724.0,3450,85297800.0,76224848580.0
2025-08-01 11:45:05 AM,24720.8,150,3708120.0,76228556700.0
2025-08-01 11:45:05 AM,24721.2,0,0.0,76228556700.0
2025-08-01 11:45:05 AM,24724.0,0,0.0,76228556700.0
2025-08-01 11:45:06 AM,24720.9,0,0.0,76228556700.0
2025-08-01 11:45:06 AM,24720.9,1275,31519147.5,76260075847.5
2025-08-01 11:45:07 AM,24720.8,0,0.0,76260075847.5
2025-08-01 11:45:08 AM,24723.1,300,7416930.0,76267492777.5
2025-08-01 11:45:08 AM,24720.0,75,1854000.0,76269346777.5
2025-08-01 11:45:08 AM,24723.1,0,0.0,76269346777.5
2025-08-01 11:45:09 AM,24720.9,0,0.0,76269346777.5
2025-08-01 11:45:10 AM,24723.2,1950,48210240.0,76317557017.5
2025-08-01 11:45:10 AM,24724.5,600,14834700.0,76332391717.5
2025-08-01 11:45:10 AM,24725.0,0,0.0,76332391717.5
2025-08-01 11:45:11 AM,24722.4,0,0.0,76332391717.5
2025-08-01 11:45:11 AM,24722.4,1425,35229420.0,76367621137.5
2025-08-01 11:45:12 AM,24724.3,0,0.0,76367621137.5
2025-08-01 11:45:13 AM,24723.9,2175,53774482.5,76421395620.0
2025-08-01 11:45:14 AM,24723.5,0,0.0,76421395620.0
2025-08-01 11:45:14 AM,24728.8,375,9273300.0,76430668920.0
2025-08-01 11:45:15 AM,24728.8,525,12982620.0,76443651540.0
2025-08-01 11:45:15 AM,24725.0,0,0.0,76443651540.0
2025-08-01 11:45:16 AM,24724.5,2100,51921450.0,76495572990.0
2025-08-01 11:45:17 AM,24728.8,0,0.0,76495572990.0
2025-08-01 11:45:17 AM,24728.9,0,0.0,76495572990.0
2025-08-01 11:45:18 AM,24722.8,300,7416840.0,76502989830.0
2025-08-01 11:45:18 AM,24722.9,0,0.0,76502989830.0
2025-08-01 11:45:19 AM,24728.3,0,0.0,76502989830.0
2025-08-01 11:45:19 AM,24728.8,1050,25965240.0,76528955070.0
2025-08-01 11:45:19 AM,24725.0,75,1854375.0,76530809445.0
2025-08-01 11:45:21 AM,24727.1,0,0.0,76530809445.0
2025-08-01 11:45:21 AM,24727.1,75,1854532.5,76532663977.5
2025-08-01 11:45:23 AM,24727.0,0,0.0,76532663977.5
2025-08-01 11:45:23 AM,24727.0,75,1854525.0,76534518502.5
2025-08-01 11:45:23 AM,24729.7,0,0.0,76534518502.5
2025-08-01 11:45:24 AM,24730.2,0,0.0,76534518502.5
2025-08-01 11:45:24 AM,24727.0,0,0.0,76534518502.5
2025-08-01 11:45:24 AM,24727.0,750,18545250.0,76553063752.5
2025-08-01 11:45:25 AM,24730.0,0,0.0,76553063752.5
2025-08-01 11:45:26 AM,24735.4,2175,53799495.0,76606863247.5
2025-08-01 11:45:27 AM,24729.7,0,0.0,76606863247.5
2025-08-01 11:45:28 AM,24729.7,375,9273637.5,76616136885.0
2025-08-01 11:45:29 AM,24728.9,0,0.0,76616136885.0
2025-08-01 11:45:29 AM,24735.0,0,0.0,76616136885.0
2025-08-01 11:45:29 AM,24735.0,150,3710250.0,76619847135.0
2025-08-01 11:45:30 AM,24735.3,0,0.0,76619847135.0
2025-08-01 11:45:31 AM,24735.1,150,3710265.0,76623557400.0
2025-08-01 11:45:32 AM,24731.0,0,0.0,76623557400.0
2025-08-01 11:45:33 AM,24731.0,225,5564475.0,76629121875.0
2025-08-01 11:45:33 AM,24734.0,150,3710100.0,76632831975.0
2025-08-01 11:45:35 AM,24735.4,0,0.0,76632831975.0
2025-08-01 11:45:35 AM,24735.6,0,0.0,76632831975.0
2025-08-01 11:45:36 AM,24735.4,2400,59364960.0,76692196935.0
2025-08-01 11:45:37 AM,24734.0,0,0.0,76692196935.0
2025-08-01 11:45:38 AM,24735.8,225,5565555.0,76697762490.0
2025-08-01 11:45:39 AM,24734.0,0,0.0,76697762490.0
2025-08-01 11:45:39 AM,24735.8,0,0.0,76697762490.0
2025-08-01 11:45:39 AM,24735.8,150,3710370.0,76701472860.0
2025-08-01 11:45:40 AM,24735.7,0,0.0,76701472860.0
2025-08-01 11:45:41 AM,24735.0,225,5565375.0,76707038235.0
2025-08-01 11:45:43 AM,24735.0,150,3710250.0,76710748485.0
2025-08-01 11:45:44 AM,24735.0,75,1855125.0,76712603610.0
2025-08-01 11:45:46 AM,24735.0,225,5565375.0,76718168985.0
2025-08-01 11:45:48 AM,24730.1,375,9273787.5,76727442772.5
2025-08-01 11:45:49 AM,24725.0,0,0.0,76727442772.5
2025-08-01 11:45:49 AM,24725.0,35025,865993125.0,77593435897.5
2025-08-01 11:45:50 AM,24724.1,0,0.0,77593435897.5
2025-08-01 11:45:51 AM,24724.2,825,20397465.0,77613833362.5
2025-08-01 11:45:51 AM,24724.1,75,1854307.5,77615687670.0
2025-08-01 11:45:52 AM,24725.0,0,0.0,77615687670.0
2025-08-01 11:45:53 AM,24725.0,450,11126250.0,77626813920.0
2025-08-01 11:45:54 AM,24722.9,150,3708435.0,77630522355.0
2025-08-01 11:45:55 AM,24725.0,0,0.0,77630522355.0
2025-08-01 11:45:56 AM,24725.0,75,1854375.0,77632376730.0
2025-08-01 11:45:57 AM,24719.9,0,0.0,77632376730.0
2025-08-01 11:45:58 AM,24725.0,3600,89010000.0,77721386730.0
2025-08-01 11:45:59 AM,24719.8,0,0.0,77721386730.0
2025-08-01 11:45:59 AM,24719.8,375,9269925.0,77730656655.0
2025-08-01 11:46:00 AM,24718.5,0,0.0,77730656655.0
2025-08-01 11:46:01 AM,24725.0,450,11126250.0,77741782905.0
2025-08-01 11:46:02 AM,24721.0,0,0.0,77741782905.0
2025-08-01 11:46:02 AM,24725.0,0,0.0,77741782905.0
2025-08-01 11:46:03 AM,24725.0,300,7417500.0,77749200405.0
2025-08-01 11:46:04 AM,24720.7,0,0.0,77749200405.0
2025-08-01 11:46:04 AM,24720.7,75,1854052.5,77751054457.5
2025-08-01 11:46:05 AM,24725.0,0,0.0,77751054457.5
2025-08-01 11:46:05 AM,24720.6,0,0.0,77751054457.5
2025-08-01 11:46:06 AM,24720.6,150,3708090.0,77754762547.5
2025-08-01 11:46:06 AM,24725.0,75,1854375.0,77756616922.5
2025-08-01 11:46:06 AM,24721.1,0,0.0,77756616922.5
2025-08-01 11:46:07 AM,24725.0,0,0.0,77756616922.5
2025-08-01 11:46:07 AM,24721.1,0,0.0,77756616922.5
2025-08-01 11:46:08 AM,24721.4,450,11124630.0,77767741552.5
2025-08-01 11:46:08 AM,24725.0,0,0.0,77767741552.5
2025-08-01 11:46:09 AM,24725.0,150,3708750.0,77771450302.5
2025-08-01 11:46:10 AM,24722.2,0,0.0,77771450302.5
2025-08-01 11:46:11 AM,24721.6,300,7416480.0,77778866782.5
2025-08-01 11:46:11 AM,24720.7,0,0.0,77778866782.5
2025-08-01 11:46:13 AM,24720.7,525,12978367.5,77791845150.0
2025-08-01 11:46:14 AM,24725.0,0,0.0,77791845150.0
2025-08-01 11:46:14 AM,24721.2,150,3708180.0,77795553330.0
2025-08-01 11:46:15 AM,24721.1,0,0.0,77795553330.0
2025-08-01 11:46:16 AM,24721.1,75,1854082.5,77797407412.5
2025-08-01 11:46:17 AM,24721.2,0,0.0,77797407412.5
2025-08-01 11:46:18 AM,24721.2,75,1854090.0,77799261502.5
2025-08-01 11:46:19 AM,24721.5,0,0.0,77799261502.5
2025-08-01 11:46:19 AM,24721.5,75,1854112.5,77801115615.0
2025-08-01 11:46:19 AM,24725.0,0,0.0,77801115615.0
2025-08-01 11:46:21 AM,24725.0,75,1854375.0,77802969990.0
2025-08-01 11:46:21 AM,24721.8,0,0.0,77802969990.0
2025-08-01 11:46:22 AM,24724.0,0,0.0,77802969990.0
2025-08-01 11:46:22 AM,24724.0,150,3708600.0,77806678590.0
2025-08-01 11:46:24 AM,24724.9,0,0.0,77806678590.0
2025-08-01 11:46:24 AM,24722.5,300,7416750.0,77814095340.0
2025-08-01 11:46:25 AM,24723.9,0,0.0,77814095340.0
2025-08-01 11:46:26 AM,24723.9,150,3708585.0,77817803925.0
2025-08-01 11:46:27 AM,24720.5,0,0.0,77817803925.0
2025-08-01 11:46:27 AM,24720.5,12750,315186375.0,78132990300.0
2025-08-01 11:46:28 AM,24725.0,0,0.0,78132990300.0
2025-08-01 11:46:29 AM,24722.7,300,7416810.0,78140407110.0
2025-08-01 11:46:29 AM,24722.1,0,0.0,78140407110.0
2025-08-01 11:46:29 AM,24724.0,0,0.0,78140407110.0
2025-08-01 11:46:31 AM,24724.0,150,3708600.0,78144115710.0
2025-08-01 11:46:32 AM,24722.8,0,0.0,78144115710.0
2025-08-01 11:46:32 AM,24722.8,600,14833680.0,78158949390.0
2025-08-01 11:46:33 AM,24730.7,0,0.0,78158949390.0
2025-08-01 11:46:34 AM,24725.0,2100,51922500.0,78210871890.0
2025-08-01 11:46:35 AM,24725.2,0,0.0,78210871890.0
2025-08-01 11:46:36 AM,24725.2,75,1854390.0,78212726280.0
2025-08-01 11:46:37 AM,24730.3,0,0.0,78212726280.0
2025-08-01 11:46:37 AM,24730.3,75,1854772.5,78214581052.5
2025-08-01 11:46:38 AM,24730.8,0,0.0,78214581052.5
2025-08-01 11:46:38 AM,24730.9,0,0.0,78214581052.5
2025-08-01 11:46:39 AM,24730.9,150,3709635.0,78218290687.5
2025-08-01 11:46:40 AM,24730.8,150,3709620.0,78222000307.5
2025-08-01 11:46:41 AM,24730.9,0,0.0,78222000307.5
2025-08-01 11:46:42 AM,24730.9,75,1854817.5,78223855125.0
2025-08-01 11:46:44 AM,24730.9,150,3709635.0,78227564760.0
2025-08-01 11:46:44 AM,24730.0,0,0.0,78227564760.0
2025-08-01 11:46:45 AM,24727.0,0,0.0,78227564760.0
2025-08-01 11:46:45 AM,24727.0,150,3709050.0,78231273810.0
2025-08-01 11:46:46 AM,24730.0,0,0.0,78231273810.0
2025-08-01 11:46:47 AM,24730.0,225,5564250.0,78236838060.0
2025-08-01 11:46:49 AM,24730.0,225,5564250.0,78242402310.0
2025-08-01 11:46:49 AM,24726.7,0,0.0,78242402310.0
2025-08-01 11:46:50 AM,24730.1,0,0.0,78242402310.0
2025-08-01 11:46:50 AM,24730.1,150,3709515.0,78246111825.0
2025-08-01 11:46:51 AM,24730.0,0,0.0,78246111825.0
2025-08-01 11:46:52 AM,24730.1,300,7419030.0,78253530855.0
2025-08-01 11:46:54 AM,24730.9,75,1854817.5,78255385672.5
2025-08-01 11:46:56 AM,24730.0,0,0.0,78255385672.5
2025-08-01 11:46:57 AM,24730.0,150,3709500.0,78259095172.5
2025-08-01 11:46:58 AM,24730.9,0,0.0,78259095172.5
2025-08-01 11:46:59 AM,24730.9,375,9274087.5,78268369260.0
2025-08-01 11:47:00 AM,24730.9,900,22257810.0,78290627070.0
2025-08-01 11:47:02 AM,24730.0,0,0.0,78290627070.0
2025-08-01 11:47:02 AM,24730.0,825,20402250.0,78311029320.0
2025-08-01 11:47:03 AM,24730.9,0,0.0,78311029320.0
2025-08-01 11:47:03 AM,24732.0,0,0.0,78311029320.0
2025-08-01 11:47:04 AM,24732.0,150,3709800.0,78314739120.0
2025-08-01 11:47:04 AM,24730.9,75,1854817.5,78316593937.5
2025-08-01 11:47:06 AM,24730.0,0,0.0,78316593937.5
2025-08-01 11:47:06 AM,24728.0,0,0.0,78316593937.5
2025-08-01 11:47:07 AM,24728.0,150,3709200.0,78320303137.5
2025-08-01 11:47:09 AM,24730.9,0,0.0,78320303137.5
2025-08-01 11:47:10 AM,24730.8,0,0.0,78320303137.5
2025-08-01 11:47:10 AM,24730.8,225,5564430.0,78325867567.5
2025-08-01 11:47:10 AM,24730.8,75,1854810.0,78327722377.5
2025-08-01 11:47:12 AM,24732.6,0,0.0,78327722377.5
2025-08-01 11:47:13 AM,24733.7,0,0.0,78327722377.5
2025-08-01 11:47:13 AM,24733.7,450,11130165.0,78338852542.5
2025-08-01 11:47:14 AM,24733.6,0,0.0,78338852542.5
2025-08-01 11:47:15 AM,24733.6,75,1855020.0,78340707562.5
2025-08-01 11:47:18 AM,24729.3,0,0.0,78340707562.5
2025-08-01 11:47:18 AM,24729.3,3000,74187900.0,78414895462.5
2025-08-01 11:47:20 AM,24733.4,0,0.0,78414895462.5
2025-08-01 11:47:20 AM,24733.4,75,1855005.0,78416750467.5
2025-08-01 11:47:21 AM,24728.3,0,0.0,78416750467.5
2025-08-01 11:47:22 AM,24728.3,225,5563867.5,78422314335.0
2025-08-01 11:47:22 AM,24728.1,0,0.0,78422314335.0
2025-08-01 11:47:23 AM,24733.8,0,0.0,78422314335.0
2025-08-01 11:47:23 AM,24733.8,300,7420140.0,78429734475.0
2025-08-01 11:47:24 AM,24728.6,0,0.0,78429734475.0
2025-08-01 11:47:25 AM,24728.6,75,1854645.0,78431589120.0
2025-08-01 11:47:29 AM,24733.7,0,0.0,78431589120.0
2025-08-01 11:47:30 AM,24733.7,300,7420110.0,78439009230.0
2025-08-01 11:47:30 AM,24733.7,75,1855027.5,78440864257.5
2025-08-01 11:47:30 AM,24733.6,0,0.0,78440864257.5
2025-08-01 11:47:31 AM,24729.0,0,0.0,78440864257.5
2025-08-01 11:47:32 AM,24729.0,150,3709350.0,78444573607.5
2025-08-01 11:47:35 AM,24729.1,0,0.0,78444573607.5
2025-08-01 11:47:35 AM,24729.1,2100,51931110.0,78496504717.5
2025-08-01 11:47:38 AM,24729.1,75,1854682.5,78498359400.0
2025-08-01 11:47:40 AM,24734.4,75,1855080.0,78500214480.0
2025-08-01 11:47:41 AM,24729.0,0,0.0,78500214480.0
2025-08-01 11:47:41 AM,24729.0,75,1854675.0,78502069155.0
2025-08-01 11:47:42 AM,24734.9,0,0.0,78502069155.0
2025-08-01 11:47:43 AM,24734.9,225,5565352.5,78507634507.5
2025-08-01 11:47:44 AM,24732.7,0,0.0,78507634507.5
2025-08-01 11:47:45 AM,24732.7,150,3709905.0,78511344412.5
2025-08-01 11:47:48 AM,24733.3,0,0.0,78511344412.5
2025-08-01 11:47:48 AM,24729.1,225,5564047.5,78516908460.0
2025-08-01 11:47:50 AM,24729.1,600,14837460.0,78531745920.0
2025-08-01 11:47:52 AM,24729.0,0,0.0,78531745920.0
2025-08-01 11:47:53 AM,24729.0,75,1854675.0,78533600595.0
2025-08-01 11:47:53 AM,24729.1,0,0.0,78533600595.0
2025-08-01 11:47:55 AM,24729.1,75,1854682.5,78535455277.5
2025-08-01 11:47:55 AM,24730.0,0,0.0,78535455277.5
2025-08-01 11:47:56 AM,24732.6,0,0.0,78535455277.5
2025-08-01 11:47:57 AM,24732.6,1425,35243955.0,78570699232.5
2025-08-01 11:47:57 AM,24730.0,75,1854750.0,78572553982.5
2025-08-01 11:47:57 AM,24730.4,0,0.0,78572553982.5
2025-08-01 11:47:58 AM,24729.0,150,3709350.0,78576263332.5
2025-08-01 11:47:58 AM,24728.6,0,0.0,78576263332.5
2025-08-01 11:47:58 AM,24728.6,75,1854645.0,78578117977.5
2025-08-01 11:47:59 AM,24729.8,0,0.0,78578117977.5
2025-08-01 11:48:00 AM,24730.0,1500,37095000.0,78615212977.5
2025-08-01 11:48:00 AM,24729.7,75,1854727.5,78617067705.0
2025-08-01 11:48:02 AM,24729.7,150,3709455.0,78620777160.0
2025-08-01 11:48:04 AM,24731.2,0,0.0,78620777160.0
2025-08-01 11:48:04 AM,24729.7,0,0.0,78620777160.0
2025-08-01 11:48:05 AM,24732.9,900,22259610.0,78643036770.0
2025-08-01 11:48:05 AM,24729.1,0,0.0,78643036770.0
2025-08-01 11:48:06 AM,24729.1,75,1854682.5,78644891452.5
2025-08-01 11:48:09 AM,24731.9,0,0.0,78644891452.5
2025-08-01 11:48:10 AM,24731.9,75,1854892.5,78646746345.0
2025-08-01 11:48:10 AM,24730.0,0,0.0,78646746345.0
2025-08-01 11:48:11 AM,24732.1,0,0.0,78646746345.0
2025-08-01 11:48:11 AM,24732.1,375,9274537.5,78656020882.5
2025-08-01 11:48:12 AM,24729.1,0,0.0,78656020882.5
2025-08-01 11:48:13 AM,24731.9,450,11129355.0,78667150237.5
2025-08-01 11:48:13 AM,24732.5,0,0.0,78667150237.5
2025-08-01 11:48:15 AM,24732.5,450,11129625.0,78678279862.5
2025-08-01 11:48:15 AM,24731.5,0,0.0,78678279862.5
2025-08-01 11:48:16 AM,24731.5,75,1854862.5,78680134725.0
2025-08-01 11:48:20 AM,24731.8,0,0.0,78680134725.0
2025-08-01 11:48:21 AM,24731.8,600,14839080.0,78694973805.0
2025-08-01 11:48:22 AM,24731.7,0,0.0,78694973805.0
2025-08-01 11:48:23 AM,24731.7,75,1854877.5,78696828682.5
2025-08-01 11:48:24 AM,24730.5,0,0.0,78696828682.5
2025-08-01 11:48:25 AM,24730.5,150,3709575.0,78700538257.5
2025-08-01 11:48:25 AM,24730.0,0,0.0,78700538257.5
2025-08-01 11:48:26 AM,24731.8,2175,53791665.0,78754329922.5
2025-08-01 11:48:27 AM,24735.0,0,0.0,78754329922.5
2025-08-01 11:48:28 AM,24729.3,675,16692277.5,78771022200.0
2025-08-01 11:48:28 AM,24729.6,75,1854720.0,78772876920.0
2025-08-01 11:48:29 AM,24729.3,0,0.0,78772876920.0
2025-08-01 11:48:30 AM,24729.3,75,1854697.5,78774731617.5
2025-08-01 11:48:31 AM,24731.0,0,0.0,78774731617.5
2025-08-01 11:48:31 AM,24731.0,75,1854825.0,78776586442.5
2025-08-01 11:48:31 AM,24733.3,0,0.0,78776586442.5
2025-08-01 11:48:31 AM,24733.3,75,1854997.5,78778441440.0
2025-08-01 11:48:34 AM,24731.7,0,0.0,78778441440.0
2025-08-01 11:48:34 AM,24730.5,0,0.0,78778441440.0
2025-08-01 11:48:34 AM,24729.2,0,0.0,78778441440.0
2025-08-01 11:48:35 AM,24729.1,750,18546825.0,78796988265.0
2025-08-01 11:48:36 AM,24729.0,750,18546750.0,78815535015.0
2025-08-01 11:48:41 AM,24732.0,0,0.0,78815535015.0
2025-08-01 11:48:41 AM,24732.0,375,9274500.0,78824809515.0
2025-08-01 11:48:43 AM,24731.9,75,1854892.5,78826664407.5
2025-08-01 11:48:46 AM,24730.0,0,0.0,78826664407.5
2025-08-01 11:48:46 AM,24730.0,75,1854750.0,78828519157.5
2025-08-01 11:48:47 AM,24733.3,0,0.0,78828519157.5
2025-08-01 11:48:48 AM,24732.0,150,3709800.0,78832228957.5
2025-08-01 11:48:48 AM,24732.0,75,1854900.0,78834083857.5
2025-08-01 11:48:49 AM,24732.0,75,1854900.0,78835938757.5
2025-08-01 11:48:49 AM,24730.1,0,0.0,78835938757.5
2025-08-01 11:48:50 AM,24730.0,150,3709500.0,78839648257.5
2025-08-01 11:48:50 AM,24735.0,0,0.0,78839648257.5
2025-08-01 11:48:51 AM,24735.0,600,14841000.0,78854489257.5
2025-08-01 11:48:52 AM,24734.8,0,0.0,78854489257.5
2025-08-01 11:48:53 AM,24733.3,150,3709995.0,78858199252.5
2025-08-01 11:48:55 AM,24734.7,0,0.0,78858199252.5
2025-08-01 11:48:55 AM,24733.3,0,0.0,78858199252.5
2025-08-01 11:48:56 AM,24733.3,225,5564992.5,78863764245.0
2025-08-01 11:48:57 AM,24730.0,0,0.0,78863764245.0
2025-08-01 11:48:58 AM,24731.9,300,7419570.0,78871183815.0
2025-08-01 11:48:58 AM,24731.9,225,5564677.5,78876748492.5
2025-08-01 11:48:59 AM,24734.2,0,0.0,78876748492.5
2025-08-01 11:48:59 AM,24734.2,75,1855065.0,78878603557.5
2025-08-01 11:49:00 AM,24732.0,0,0.0,78878603557.5
2025-08-01 11:49:01 AM,24734.0,675,16695450.0,78895299007.5
2025-08-01 11:49:03 AM,24734.0,2325,57506550.0,78952805557.5
2025-08-01 11:49:04 AM,24730.0,0,0.0,78952805557.5
2025-08-01 11:49:04 AM,24730.0,600,14838000.0,78967643557.5
2025-08-01 11:49:05 AM,24733.9,0,0.0,78967643557.5
2025-08-01 11:49:06 AM,24736.0,1800,44524800.0,79012168357.5
2025-08-01 11:49:07 AM,24735.9,0,0.0,79012168357.5
2025-08-01 11:49:08 AM,24735.9,825,20407117.5,79032575475.0
2025-08-01 11:49:08 AM,24735.0,75,1855125.0,79034430600.0
2025-08-01 11:49:10 AM,24734.5,0,0.0,79034430600.0
2025-08-01 11:49:11 AM,24735.6,0,0.0,79034430600.0
2025-08-01 11:49:11 AM,24733.0,450,11129850.0,79045560450.0
2025-08-01 11:49:12 AM,24734.8,0,0.0,79045560450.0
2025-08-01 11:49:13 AM,24734.8,75,1855110.0,79047415560.0
2025-08-01 11:49:13 AM,24736.1,0,0.0,79047415560.0
2025-08-01 11:49:14 AM,24733.0,0,0.0,79047415560.0
2025-08-01 11:49:14 AM,24734.8,0,0.0,79047415560.0
2025-08-01 11:49:14 AM,24734.8,825,20406210.0,79067821770.0
2025-08-01 11:49:15 AM,24733.0,0,0.0,79067821770.0
2025-08-01 11:49:15 AM,24735.0,0,0.0,79067821770.0
2025-08-01 11:49:16 AM,24735.0,675,16696125.0,79084517895.0
2025-08-01 11:49:16 AM,24735.0,150,3710250.0,79088228145.0
2025-08-01 11:49:16 AM,24730.6,0,0.0,79088228145.0
2025-08-01 11:49:17 AM,24736.3,0,0.0,79088228145.0
2025-08-01 11:49:18 AM,24736.3,300,7420890.0,79095649035.0
2025-08-01 11:49:20 AM,24735.0,0,0.0,79095649035.0
2025-08-01 11:49:20 AM,24735.0,75,1855125.0,79097504160.0
2025-08-01 11:49:21 AM,24737.0,225,5565825.0,79103069985.0
2025-08-01 11:49:22 AM,24734.9,0,0.0,79103069985.0
2025-08-01 11:49:23 AM,24734.0,450,11130300.0,79114200285.0
2025-08-01 11:49:23 AM,24737.2,0,0.0,79114200285.0
2025-08-01 11:49:24 AM,24737.2,225,5565870.0,79119766155.0
2025-08-01 11:49:25 AM,24738.0,0,0.0,79119766155.0
2025-08-01 11:49:25 AM,24736.3,0,0.0,79119766155.0
2025-08-01 11:49:26 AM,24736.3,675,16697002.5,79136463157.5
2025-08-01 11:49:27 AM,24738.0,0,0.0,79136463157.5
2025-08-01 11:49:28 AM,24738.0,150,3710700.0,79140173857.5
2025-08-01 11:49:30 AM,24740.0,0,0.0,79140173857.5
2025-08-01 11:49:31 AM,24738.9,1200,29686680.0,79169860537.5
2025-08-01 11:49:33 AM,24739.0,75,1855425.0,79171715962.5
2025-08-01 11:49:34 AM,24739.0,150,3710850.0,79175426812.5
2025-08-01 11:49:37 AM,24742.0,0,0.0,79175426812.5
2025-08-01 11:49:38 AM,24742.0,1050,25979100.0,79201405912.5
2025-08-01 11:49:38 AM,24743.0,0,0.0,79201405912.5
2025-08-01 11:49:39 AM,24743.0,150,3711450.0,79205117362.5
2025-08-01 11:49:40 AM,24744.0,225,5567400.0,79210684762.5
2025-08-01 11:49:40 AM,24739.0,0,0.0,79210684762.5
2025-08-01 11:49:41 AM,24739.0,75,1855425.0,79212540187.5
2025-08-01 11:49:41 AM,24742.5,0,0.0,79212540187.5
2025-08-01 11:49:41 AM,24742.5,75,1855687.5,79214395875.0
2025-08-01 11:49:42 AM,24741.5,0,0.0,79214395875.0
2025-08-01 11:49:43 AM,24741.5,600,14844900.0,79229240775.0
2025-08-01 11:49:44 AM,24741.4,0,0.0,79229240775.0
2025-08-01 11:49:44 AM,24741.4,75,1855605.0,79231096380.0
2025-08-01 11:49:45 AM,24740.0,0,0.0,79231096380.0
2025-08-01 11:49:46 AM,24740.0,450,11133000.0,79242229380.0
2025-08-01 11:49:48 AM,24739.9,0,0.0,79242229380.0
2025-08-01 11:49:48 AM,24739.9,75,1855492.5,79244084872.5
2025-08-01 11:49:48 AM,24740.0,0,0.0,79244084872.5
2025-08-01 11:49:49 AM,24740.0,75,1855500.0,79245940372.5
2025-08-01 11:49:51 AM,24740.0,75,1855500.0,79247795872.5
2025-08-01 11:49:52 AM,24742.0,0,0.0,79247795872.5
2025-08-01 11:49:53 AM,24742.0,75,1855650.0,79249651522.5
2025-08-01 11:49:54 AM,24740.1,0,0.0,79249651522.5
2025-08-01 11:49:54 AM,24740.1,75,1855507.5,79251507030.0
2025-08-01 11:49:56 AM,24744.0,0,0.0,79251507030.0
2025-08-01 11:49:56 AM,24740.0,900,22266000.0,79273773030.0
2025-08-01 11:49:57 AM,24739.6,0,0.0,79273773030.0
2025-08-01 11:49:58 AM,24739.6,225,5566410.0,79279339440.0
2025-08-01 11:49:58 AM,24740.0,0,0.0,79279339440.0
2025-08-01 11:49:59 AM,24740.0,1125,27832500.0,79307171940.0
2025-08-01 11:50:00 AM,24740.1,0,0.0,79307171940.0
2025-08-01 11:50:01 AM,24740.1,225,5566522.5,79312738462.5
2025-08-01 11:50:02 AM,24740.0,0,0.0,79312738462.5
2025-08-01 11:50:03 AM,24740.0,525,12988500.0,79325726962.5
2025-08-01 11:50:03 AM,24741.0,0,0.0,79325726962.5
2025-08-01 11:50:04 AM,24741.1,0,0.0,79325726962.5
2025-08-01 11:50:04 AM,24741.1,450,11133495.0,79336860457.5
2025-08-01 11:50:05 AM,24740.0,0,0.0,79336860457.5
2025-08-01 11:50:06 AM,24739.0,450,11132550.0,79347993007.5
2025-08-01 11:50:07 AM,24738.9,0,0.0,79347993007.5
2025-08-01 11:50:08 AM,24738.9,225,5566252.5,79353559260.0
2025-08-01 11:50:09 AM,24738.9,150,3710835.0,79357270095.0
2025-08-01 11:50:11 AM,24738.9,75,1855417.5,79359125512.5
2025-08-01 11:50:11 AM,24738.9,75,1855417.5,79360980930.0
2025-08-01 11:50:12 AM,24735.0,0,0.0,79360980930.0
2025-08-01 11:50:13 AM,24735.0,300,7420500.0,79368401430.0
2025-08-01 11:50:13 AM,24737.8,0,0.0,79368401430.0
2025-08-01 11:50:14 AM,24731.8,0,0.0,79368401430.0
2025-08-01 11:50:14 AM,24731.8,2400,59356320.0,79427757750.0
2025-08-01 11:50:20 AM,24735.0,0,0.0,79427757750.0
2025-08-01 11:50:21 AM,24735.0,75,1855125.0,79429612875.0
2025-08-01 11:50:23 AM,24736.3,0,0.0,79429612875.0
2025-08-01 11:50:23 AM,24736.3,75,1855222.5,79431468097.5
2025-08-01 11:50:24 AM,24733.0,0,0.0,79431468097.5
2025-08-01 11:50:24 AM,24733.0,75,1854975.0,79433323072.5
2025-08-01 11:50:25 AM,24736.3,0,0.0,79433323072.5
2025-08-01 11:50:26 AM,24736.3,75,1855222.5,79435178295.0
2025-08-01 11:50:28 AM,24736.3,300,7420890.0,79442599185.0
2025-08-01 11:50:29 AM,24735.0,150,3710250.0,79446309435.0
2025-08-01 11:50:32 AM,24736.3,0,0.0,79446309435.0
2025-08-01 11:50:33 AM,24736.3,75,1855222.5,79448164657.5
2025-08-01 11:50:34 AM,24736.3,75,1855222.5,79450019880.0
2025-08-01 11:50:36 AM,24736.0,0,0.0,79450019880.0
2025-08-01 11:50:38 AM,24736.0,225,5565600.0,79455585480.0
2025-08-01 11:50:39 AM,24736.0,75,1855200.0,79457440680.0
2025-08-01 11:50:40 AM,24735.0,0,0.0,79457440680.0
2025-08-01 11:50:41 AM,24735.0,75,1855125.0,79459295805.0
2025-08-01 11:50:44 AM,24732.0,225,5564700.0,79464860505.0
2025-08-01 11:50:44 AM,24735.0,0,0.0,79464860505.0
2025-08-01 11:50:44 AM,24735.0,450,11130750.0,79475991255.0
2025-08-01 11:50:49 AM,24731.9,0,0.0,79475991255.0
2025-08-01 11:50:49 AM,24731.9,75,1854892.5,79477846147.5
2025-08-01 11:51:01 AM,24731.8,0,0.0,79477846147.5
2025-08-01 11:51:01 AM,24731.8,75,1854885.0,79479701032.5
2025-08-01 11:51:02 AM,24731.9,0,0.0,79479701032.5
2025-08-01 11:51:02 AM,24734.9,0,0.0,79479701032.5
2025-08-01 11:51:02 AM,24734.9,375,9275587.5,79488976620.0
2025-08-01 11:51:11 AM,24734.9,225,5565352.5,79494541972.5
2025-08-01 11:51:12 AM,24734.9,75,1855117.5,79496397090.0
2025-08-01 11:51:14 AM,24734.9,75,1855117.5,79498252207.5
2025-08-01 11:51:15 AM,24734.9,1125,27826762.5,79526078970.0
2025-08-01 11:51:16 AM,24734.0,0,0.0,79526078970.0
2025-08-01 11:51:17 AM,24734.0,75,1855050.0,79527934020.0
2025-08-01 11:51:18 AM,24732.0,0,0.0,79527934020.0
2025-08-01 11:51:18 AM,24734.9,0,0.0,79527934020.0
2025-08-01 11:51:19 AM,24734.9,300,7420470.0,79535354490.0
2025-08-01 11:51:20 AM,24734.9,75,1855117.5,79537209607.5
2025-08-01 11:51:25 AM,24732.0,0,0.0,79537209607.5
2025-08-01 11:51:27 AM,24733.6,0,0.0,79537209607.5
2025-08-01 11:51:27 AM,24733.6,150,3710040.0,79540919647.5
2025-08-01 11:51:28 AM,24733.6,75,1855020.0,79542774667.5
2025-08-01 11:51:29 AM,24733.6,75,1855020.0,79544629687.5
2025-08-01 11:51:29 AM,24732.0,0,0.0,79544629687.5
2025-08-01 11:51:30 AM,24732.0,150,3709800.0,79548339487.5
2025-08-01 11:51:32 AM,24733.6,0,0.0,79548339487.5
2025-08-01 11:51:33 AM,24732.0,0,0.0,79548339487.5
2025-08-01 11:51:33 AM,24732.0,150,3709800.0,79552049287.5
2025-08-01 11:51:38 AM,24733.0,0,0.0,79552049287.5
2025-08-01 11:51:38 AM,24733.0,75,1854975.0,79553904262.5
2025-08-01 11:51:40 AM,24733.0,225,5564925.0,79559469187.5
2025-08-01 11:51:41 AM,24732.0,0,0.0,79559469187.5
2025-08-01 11:51:41 AM,24732.0,225,5564700.0,79565033887.5
2025-08-01 11:51:42 AM,24732.0,525,12984300.0,79578018187.5
2025-08-01 11:51:43 AM,24732.0,1800,44517600.0,79622535787.5
2025-08-01 11:51:44 AM,24734.0,0,0.0,79622535787.5
2025-08-01 11:51:44 AM,24734.0,1875,46376250.0,79668912037.5
2025-08-01 11:51:46 AM,24734.9,150,3710235.0,79672622272.5
2025-08-01 11:51:47 AM,24735.5,0,0.0,79672622272.5
2025-08-01 11:51:48 AM,24735.5,75,1855162.5,79674477435.0
2025-08-01 11:51:48 AM,24737.8,0,0.0,79674477435.0
2025-08-01 11:51:49 AM,24737.8,75,1855335.0,79676332770.0
2025-08-01 11:51:51 AM,24739.0,0,0.0,79676332770.0
2025-08-01 11:51:53 AM,24739.0,75,1855425.0,79678188195.0
2025-08-01 11:51:58 AM,24740.0,75,1855500.0,79680043695.0
2025-08-01 11:51:59 AM,24740.0,75,1855500.0,79681899195.0
2025-08-01 11:52:00 AM,24737.9,0,0.0,79681899195.0
2025-08-01 11:52:01 AM,24740.0,0,0.0,79681899195.0
2025-08-01 11:52:01 AM,24740.0,150,3711000.0,79685610195.0
2025-08-01 11:52:06 AM,24741.1,375,9277912.5,79694888107.5
2025-08-01 11:52:08 AM,24740.0,0,0.0,79694888107.5
2025-08-01 11:52:08 AM,24740.0,75,1855500.0,79696743607.5
2025-08-01 11:52:08 AM,24741.9,0,0.0,79696743607.5
2025-08-01 11:52:09 AM,24741.9,75,1855642.5,79698599250.0
2025-08-01 11:52:10 AM,24740.0,0,0.0,79698599250.0
2025-08-01 11:52:10 AM,24741.9,0,0.0,79698599250.0
2025-08-01 11:52:11 AM,24741.9,150,3711285.0,79702310535.0
2025-08-01 11:52:16 AM,24741.9,75,1855642.5,79704166177.5
2025-08-01 11:52:17 AM,24740.0,0,0.0,79704166177.5
2025-08-01 11:52:17 AM,24740.0,150,3711000.0,79707877177.5
2025-08-01 11:52:20 AM,24742.6,0,0.0,79707877177.5
2025-08-01 11:52:21 AM,24742.6,225,5567085.0,79713444262.5
2025-08-01 11:52:23 AM,24741.9,0,0.0,79713444262.5
2025-08-01 11:52:24 AM,24740.9,150,3711135.0,79717155397.5
2025-08-01 11:52:24 AM,24741.8,150,3711270.0,79720866667.5
2025-08-01 11:52:25 AM,24741.7,0,0.0,79720866667.5
2025-08-01 11:52:26 AM,24741.7,150,3711255.0,79724577922.5
2025-08-01 11:52:28 AM,24745.9,0,0.0,79724577922.5
2025-08-01 11:52:28 AM,24747.0,0,0.0,79724577922.5
2025-08-01 11:52:29 AM,24747.0,1125,27840375.0,79752418297.5
2025-08-01 11:52:29 AM,24743.6,75,1855770.0,79754274067.5
2025-08-01 11:52:30 AM,24747.0,600,14848200.0,79769122267.5
2025-08-01 11:52:32 AM,24748.0,1875,46402500.0,79815524767.5
2025-08-01 11:52:33 AM,24746.5,0,0.0,79815524767.5
2025-08-01 11:52:34 AM,24749.1,375,9280912.5,79824805680.0
2025-08-01 11:52:35 AM,24748.3,150,3712245.0,79828517925.0
2025-08-01 11:52:36 AM,24747.0,0,0.0,79828517925.0
2025-08-01 11:52:37 AM,24747.0,75,1856025.0,79830373950.0
2025-08-01 11:52:38 AM,24747.2,0,0.0,79830373950.0
2025-08-01 11:52:39 AM,24747.2,75,1856040.0,79832229990.0
2025-08-01 11:52:39 AM,24746.6,0,0.0,79832229990.0
2025-08-01 11:52:39 AM,24746.5,0,0.0,79832229990.0
2025-08-01 11:52:40 AM,24742.0,300,7422600.0,79839652590.0
2025-08-01 11:52:42 AM,24741.2,0,0.0,79839652590.0
2025-08-01 11:52:42 AM,24741.2,75,1855590.0,79841508180.0
2025-08-01 11:52:46 AM,24746.5,0,0.0,79841508180.0
2025-08-01 11:52:47 AM,24746.5,75,1855987.5,79843364167.5
2025-08-01 11:52:48 AM,24745.1,0,0.0,79843364167.5
2025-08-01 11:52:49 AM,24745.1,375,9279412.5,79852643580.0
2025-08-01 11:52:50 AM,24747.2,0,0.0,79852643580.0
2025-08-01 11:52:50 AM,24747.2,225,5568120.0,79858211700.0
2025-08-01 11:52:51 AM,24747.9,0,0.0,79858211700.0
2025-08-01 11:52:52 AM,24747.9,75,1856092.5,79860067792.5
2025-08-01 11:52:54 AM,24745.1,0,0.0,79860067792.5
2025-08-01 11:52:55 AM,24745.1,75,1855882.5,79861923675.0
2025-08-01 11:52:58 AM,24745.5,0,0.0,79861923675.0
2025-08-01 11:52:59 AM,24745.5,75,1855912.5,79863779587.5
2025-08-01 11:53:02 AM,24745.0,0,0.0,79863779587.5
2025-08-01 11:53:03 AM,24746.4,0,0.0,79863779587.5
2025-08-01 11:53:04 AM,24746.4,150,3711960.0,79867491547.5
2025-08-01 11:53:04 AM,24746.5,300,7423950.0,79874915497.5
2025-08-01 11:53:04 AM,24746.4,0,0.0,79874915497.5
2025-08-01 11:53:05 AM,24746.7,750,18560025.0,79893475522.5
2025-08-01 11:53:06 AM,24746.9,0,0.0,79893475522.5
2025-08-01 11:53:07 AM,24746.8,300,7424040.0,79900899562.5
2025-08-01 11:53:08 AM,24745.5,0,0.0,79900899562.5
2025-08-01 11:53:08 AM,24745.5,75,1855912.5,79902755475.0
2025-08-01 11:53:11 AM,24741.5,0,0.0,79902755475.0
2025-08-01 11:53:12 AM,24744.0,0,0.0,79902755475.0
2025-08-01 11:53:12 AM,24744.0,150,3711600.0,79906467075.0
2025-08-01 11:53:12 AM,24744.2,0,0.0,79906467075.0
2025-08-01 11:53:13 AM,24744.2,150,3711630.0,79910178705.0
2025-08-01 11:53:14 AM,24744.3,0,0.0,79910178705.0
2025-08-01 11:53:15 AM,24744.3,75,1855822.5,79912034527.5
2025-08-01 11:53:17 AM,24744.3,75,1855822.5,79913890350.0
2025-08-01 11:53:18 AM,24741.5,0,0.0,79913890350.0
2025-08-01 11:53:18 AM,24741.5,75,1855612.5,79915745962.5
2025-08-01 11:53:19 AM,24744.9,0,0.0,79915745962.5
2025-08-01 11:53:19 AM,24744.8,0,0.0,79915745962.5
2025-08-01 11:53:20 AM,24744.8,450,11135160.0,79926881122.5
2025-08-01 11:53:21 AM,24745.0,0,0.0,79926881122.5
2025-08-01 11:53:22 AM,24746.4,0,0.0,79926881122.5
2025-08-01 11:53:22 AM,24746.4,375,9279900.0,79936161022.5
2025-08-01 11:53:22 AM,24741.5,0,0.0,79936161022.5
2025-08-01 11:53:23 AM,24746.7,450,11136015.0,79947297037.5
2025-08-01 11:53:24 AM,24747.0,0,0.0,79947297037.5
2025-08-01 11:53:25 AM,24747.0,75,1856025.0,79949153062.5
2025-08-01 11:53:27 AM,24745.0,75,1855875.0,79951008937.5
2025-08-01 11:53:31 AM,24747.0,0,0.0,79951008937.5
2025-08-01 11:53:31 AM,24747.4,150,3712110.0,79954721047.5
2025-08-01 11:53:33 AM,24748.0,0,0.0,79954721047.5
2025-08-01 11:53:33 AM,24748.0,150,3712200.0,79958433247.5
2025-08-01 11:53:34 AM,24748.1,0,0.0,79958433247.5
2025-08-01 11:53:35 AM,24748.1,75,1856107.5,79960289355.0
2025-08-01 11:53:37 AM,24748.0,0,0.0,79960289355.0
2025-08-01 11:53:38 AM,24748.0,75,1856100.0,79962145455.0
2025-08-01 11:53:39 AM,24745.0,0,0.0,79962145455.0
2025-08-01 11:53:40 AM,24745.0,375,9279375.0,79971424830.0
2025-08-01 11:53:40 AM,24748.2,0,0.0,79971424830.0
2025-08-01 11:53:41 AM,24748.2,75,1856115.0,79973280945.0
2025-08-01 11:53:42 AM,24748.3,0,0.0,79973280945.0
2025-08-01 11:53:43 AM,24748.8,0,0.0,79973280945.0
2025-08-01 11:53:43 AM,24748.8,600,14849280.0,79988130225.0
2025-08-01 11:53:45 AM,24749.0,0,0.0,79988130225.0
2025-08-01 11:53:46 AM,24749.5,1500,37124250.0,80025254475.0
2025-08-01 11:53:46 AM,24746.7,0,0.0,80025254475.0
2025-08-01 11:53:48 AM,24746.7,525,12992017.5,80038246492.5
2025-08-01 11:53:49 AM,24746.7,150,3712005.0,80041958497.5
2025-08-01 11:53:50 AM,24749.0,0,0.0,80041958497.5
2025-08-01 11:53:51 AM,24749.0,75,1856175.0,80043814672.5
2025-08-01 11:53:51 AM,24748.8,150,3712320.0,80047526992.5
2025-08-01 11:53:54 AM,24746.7,0,0.0,80047526992.5
2025-08-01 11:53:54 AM,24746.7,75,1856002.5,80049382995.0
2025-08-01 11:54:00 AM,24748.8,75,1856160.0,80051239155.0
2025-08-01 11:54:03 AM,24745.0,0,0.0,80051239155.0
2025-08-01 11:54:04 AM,24745.0,150,3711750.0,80054950905.0
2025-08-01 11:54:05 AM,24747.8,0,0.0,80054950905.0
2025-08-01 11:54:06 AM,24747.8,150,3712170.0,80058663075.0
2025-08-01 11:54:07 AM,24747.2,0,0.0,80058663075.0
2025-08-01 11:54:07 AM,24747.0,0,0.0,80058663075.0
2025-08-01 11:54:07 AM,24745.5,0,0.0,80058663075.0
2025-08-01 11:54:08 AM,24745.5,225,5567737.5,80064230812.5
2025-08-01 11:54:08 AM,24747.1,0,0.0,80064230812.5
2025-08-01 11:54:09 AM,24745.0,675,16702875.0,80080933687.5
2025-08-01 11:54:11 AM,24744.0,0,0.0,80080933687.5
2025-08-01 11:54:13 AM,24744.0,75,1855800.0,80082789487.5
2025-08-01 11:54:13 AM,24744.9,0,0.0,80082789487.5
2025-08-01 11:54:14 AM,24744.9,75,1855867.5,80084645355.0
2025-08-01 11:54:17 AM,24742.4,0,0.0,80084645355.0
2025-08-01 11:54:17 AM,24741.5,0,0.0,80084645355.0
2025-08-01 11:54:18 AM,24741.5,225,5566837.5,80090212192.5
2025-08-01 11:54:18 AM,24741.9,0,0.0,80090212192.5
2025-08-01 11:54:19 AM,24741.9,300,7422570.0,80097634762.5
2025-08-01 11:54:21 AM,24741.9,75,1855642.5,80099490405.0
2025-08-01 11:54:24 AM,24741.2,0,0.0,80099490405.0
2025-08-01 11:54:24 AM,24741.2,150,3711180.0,80103201585.0
2025-08-01 11:54:24 AM,24741.9,0,0.0,80103201585.0
2025-08-01 11:54:25 AM,24740.0,0,0.0,80103201585.0
2025-08-01 11:54:26 AM,24740.0,1425,35254500.0,80138456085.0
2025-08-01 11:54:26 AM,24742.0,0,0.0,80138456085.0
2025-08-01 11:54:27 AM,24740.0,0,0.0,80138456085.0
2025-08-01 11:54:28 AM,24740.0,150,3711000.0,80142167085.0
2025-08-01 11:54:29 AM,24740.0,75,1855500.0,80144022585.0
2025-08-01 11:54:29 AM,24742.8,0,0.0,80144022585.0
2025-08-01 11:54:31 AM,24742.8,150,3711420.0,80147734005.0
2025-08-01 11:54:32 AM,24742.5,0,0.0,80147734005.0
2025-08-01 11:54:33 AM,24742.5,75,1855687.5,80149589692.5
2025-08-01 11:54:34 AM,24740.0,0,0.0,80149589692.5
2025-08-01 11:54:34 AM,24740.0,75,1855500.0,80151445192.5
2025-08-01 11:54:35 AM,24741.2,0,0.0,80151445192.5
2025-08-01 11:54:36 AM,24741.2,75,1855590.0,80153300782.5
2025-08-01 11:54:38 AM,24742.0,0,0.0,80153300782.5
2025-08-01 11:54:39 AM,24742.0,75,1855650.0,80155156432.5
2025-08-01 11:54:41 AM,24742.0,75,1855650.0,80157012082.5
2025-08-01 11:54:41 AM,24741.5,0,0.0,80157012082.5
2025-08-01 11:54:42 AM,24741.5,225,5566837.5,80162578920.0
2025-08-01 11:54:43 AM,24741.9,0,0.0,80162578920.0
2025-08-01 11:54:44 AM,24741.9,75,1855642.5,80164434562.5
2025-08-01 11:54:45 AM,24740.0,0,0.0,80164434562.5
2025-08-01 11:54:45 AM,24741.6,0,0.0,80164434562.5
2025-08-01 11:54:46 AM,24741.6,150,3711240.0,80168145802.5
2025-08-01 11:54:48 AM,24744.3,0,0.0,80168145802.5
2025-08-01 11:54:48 AM,24743.3,0,0.0,80168145802.5
2025-08-01 11:54:49 AM,24743.3,600,14845980.0,80182991782.5
2025-08-01 11:54:49 AM,24740.0,75,1855500.0,80184847282.5
2025-08-01 11:54:50 AM,24741.9,0,0.0,80184847282.5
2025-08-01 11:54:51 AM,24741.9,75,1855642.5,80186702925.0
2025-08-01 11:54:52 AM,24739.0,0,0.0,80186702925.0
2025-08-01 11:54:52 AM,24739.0,75,1855425.0,80188558350.0
2025-08-01 11:54:54 AM,24738.7,150,3710805.0,80192269155.0
2025-08-01 11:54:54 AM,24739.4,0,0.0,80192269155.0
2025-08-01 11:54:54 AM,24739.4,75,1855455.0,80194124610.0
2025-08-01 11:54:55 AM,24740.0,0,0.0,80194124610.0
2025-08-01 11:54:56 AM,24737.6,0,0.0,80194124610.0
2025-08-01 11:54:56 AM,24737.6,300,7421280.0,80201545890.0
2025-08-01 11:54:56 AM,24737.5,0,0.0,80201545890.0
2025-08-01 11:54:57 AM,24741.9,225,5566927.5,80207112817.5
2025-08-01 11:54:58 AM,24737.9,0,0.0,80207112817.5
2025-08-01 11:54:59 AM,24737.9,75,1855342.5,80208968160.0
2025-08-01 11:55:02 AM,24738.7,75,1855402.5,80210823562.5
2025-08-01 11:55:03 AM,24735.1,0,0.0,80210823562.5
2025-08-01 11:55:04 AM,24735.1,450,11130795.0,80221954357.5
2025-08-01 11:55:04 AM,24740.3,75,1855522.5,80223809880.0
2025-08-01 11:55:13 AM,24741.0,0,0.0,80223809880.0
2025-08-01 11:55:14 AM,24741.0,75,1855575.0,80225665455.0
2025-08-01 11:55:16 AM,24740.0,0,0.0,80225665455.0
2025-08-01 11:55:17 AM,24740.0,300,7422000.0,80233087455.0
2025-08-01 11:55:21 AM,24738.7,0,0.0,80233087455.0
2025-08-01 11:55:22 AM,24738.7,75,1855402.5,80234942857.5
2025-08-01 11:55:24 AM,24735.0,75,1855125.0,80236797982.5
2025-08-01 11:55:24 AM,24738.7,0,0.0,80236797982.5
2025-08-01 11:55:26 AM,24738.7,900,22264830.0,80259062812.5
2025-08-01 11:55:29 AM,24738.7,300,7421610.0,80266484422.5
2025-08-01 11:55:31 AM,24738.7,150,3710805.0,80270195227.5
2025-08-01 11:55:32 AM,24738.7,75,1855402.5,80272050630.0
2025-08-01 11:55:39 AM,24738.7,75,1855402.5,80273906032.5
2025-08-01 11:55:39 AM,24738.7,75,1855402.5,80275761435.0
2025-08-01 11:55:45 AM,24738.7,75,1855402.5,80277616837.5
2025-08-01 11:55:47 AM,24738.7,150,3710805.0,80281327642.5
2025-08-01 11:55:48 AM,24735.7,0,0.0,80281327642.5
2025-08-01 11:55:49 AM,24735.0,150,3710250.0,80285037892.5
2025-08-01 11:55:49 AM,24738.7,150,3710805.0,80288748697.5
2025-08-01 11:55:51 AM,24738.8,0,0.0,80288748697.5
2025-08-01 11:55:52 AM,24738.8,75,1855410.0,80290604107.5
2025-08-01 11:56:03 AM,24735.0,0,0.0,80290604107.5
2025-08-01 11:56:04 AM,24734.9,0,0.0,80290604107.5
2025-08-01 11:56:04 AM,24734.9,300,7420470.0,80298024577.5
2025-08-01 11:56:04 AM,24736.2,75,1855215.0,80299879792.5
2025-08-01 11:56:08 AM,24735.0,0,0.0,80299879792.5
2025-08-01 11:56:09 AM,24735.0,150,3710250.0,80303590042.5
2025-08-01 11:56:11 AM,24736.8,0,0.0,80303590042.5
2025-08-01 11:56:12 AM,24736.8,75,1855260.0,80305445302.5
2025-08-01 11:56:13 AM,24737.0,0,0.0,80305445302.5
2025-08-01 11:56:14 AM,24737.0,150,3710550.0,80309155852.5
2025-08-01 11:56:16 AM,24737.9,0,0.0,80309155852.5
2025-08-01 11:56:17 AM,24737.9,150,3710685.0,80312866537.5
2025-08-01 11:56:17 AM,24736.2,150,3710430.0,80316576967.5
2025-08-01 11:56:19 AM,24737.0,0,0.0,80316576967.5
2025-08-01 11:56:19 AM,24737.0,75,1855275.0,80318432242.5
2025-08-01 11:56:23 AM,24736.0,0,0.0,80318432242.5
2025-08-01 11:56:24 AM,24736.0,300,7420800.0,80325853042.5
2025-08-01 11:56:24 AM,24735.0,0,0.0,80325853042.5
2025-08-01 11:56:25 AM,24735.0,75,1855125.0,80327708167.5
2025-08-01 11:56:29 AM,24735.0,75,1855125.0,80329563292.5
2025-08-01 11:56:29 AM,24734.9,0,0.0,80329563292.5
2025-08-01 11:56:30 AM,24734.9,75,1855117.5,80331418410.0
2025-08-01 11:56:31 AM,24734.1,0,0.0,80331418410.0
2025-08-01 11:56:32 AM,24734.1,75,1855057.5,80333273467.5
2025-08-01 11:56:34 AM,24734.0,0,0.0,80333273467.5
2025-08-01 11:56:35 AM,24733.6,0,0.0,80333273467.5
2025-08-01 11:56:35 AM,24733.6,225,5565060.0,80338838527.5
2025-08-01 11:56:46 AM,24733.0,0,0.0,80338838527.5
2025-08-01 11:56:47 AM,24733.0,975,24114675.0,80362953202.5
2025-08-01 11:56:48 AM,24733.8,0,0.0,80362953202.5
2025-08-01 11:56:48 AM,24733.8,75,1855035.0,80364808237.5
2025-08-01 11:56:51 AM,24733.7,0,0.0,80364808237.5
2025-08-01 11:56:52 AM,24733.7,150,3710055.0,80368518292.5
2025-08-01 11:56:53 AM,24731.8,525,12984195.0,80381502487.5
2025-08-01 11:56:54 AM,24730.7,0,0.0,80381502487.5
2025-08-01 11:56:55 AM,24730.9,0,0.0,80381502487.5
2025-08-01 11:56:55 AM,24730.9,525,12983722.5,80394486210.0
2025-08-01 11:56:56 AM,24730.0,0,0.0,80394486210.0
2025-08-01 11:56:57 AM,24730.0,975,24111750.0,80418597960.0
2025-08-01 11:56:58 AM,24732.2,150,3709830.0,80422307790.0
2025-08-01 11:57:00 AM,24728.6,0,0.0,80422307790.0
2025-08-01 11:57:00 AM,24730.0,300,7419000.0,80429726790.0
2025-08-01 11:57:03 AM,24730.0,300,7419000.0,80437145790.0
2025-08-01 11:57:05 AM,24730.0,150,3709500.0,80440855290.0
2025-08-01 11:57:07 AM,24728.0,0,0.0,80440855290.0
2025-08-01 11:57:07 AM,24728.0,150,3709200.0,80444564490.0
2025-08-01 11:57:08 AM,24730.0,0,0.0,80444564490.0
2025-08-01 11:57:08 AM,24730.0,75,1854750.0,80446419240.0
2025-08-01 11:57:10 AM,24730.0,75,1854750.0,80448273990.0
2025-08-01 11:57:13 AM,24730.0,75,1854750.0,80450128740.0
2025-08-01 11:57:15 AM,24730.0,150,3709500.0,80453838240.0
2025-08-01 11:57:16 AM,24730.0,75,1854750.0,80455692990.0
2025-08-01 11:57:17 AM,24730.0,75,1854750.0,80457547740.0
2025-08-01 11:57:18 AM,24728.0,0,0.0,80457547740.0
2025-08-01 11:57:18 AM,24730.0,150,3709500.0,80461257240.0
2025-08-01 11:57:20 AM,24730.0,75,1854750.0,80463111990.0
2025-08-01 11:57:21 AM,24730.0,225,5564250.0,80468676240.0
2025-08-01 11:57:22 AM,24728.0,0,0.0,80468676240.0
2025-08-01 11:57:23 AM,24728.0,150,3709200.0,80472385440.0
2025-08-01 11:57:23 AM,24728.0,75,1854600.0,80474240040.0
2025-08-01 11:57:24 AM,24730.0,0,0.0,80474240040.0
2025-08-01 11:57:25 AM,24728.0,0,0.0,80474240040.0
2025-08-01 11:57:25 AM,24728.0,150,3709200.0,80477949240.0
2025-08-01 11:57:27 AM,24728.1,0,0.0,80477949240.0
2025-08-01 11:57:28 AM,24728.0,0,0.0,80477949240.0
2025-08-01 11:57:28 AM,24728.2,300,7418460.0,80485367700.0
2025-08-01 11:57:28 AM,24728.2,75,1854615.0,80487222315.0
2025-08-01 11:57:31 AM,24729.8,0,0.0,80487222315.0
2025-08-01 11:57:31 AM,24729.8,75,1854735.0,80489077050.0
2025-08-01 11:57:32 AM,24728.0,0,0.0,80489077050.0
2025-08-01 11:57:33 AM,24728.0,450,11127600.0,80500204650.0
2025-08-01 11:57:33 AM,24729.8,0,0.0,80500204650.0
2025-08-01 11:57:35 AM,24729.8,75,1854735.0,80502059385.0
2025-08-01 11:57:35 AM,24729.0,0,0.0,80502059385.0
2025-08-01 11:57:36 AM,24729.0,75,1854675.0,80503914060.0
2025-08-01 11:57:37 AM,24728.5,0,0.0,80503914060.0
2025-08-01 11:57:38 AM,24728.0,0,0.0,80503914060.0
2025-08-01 11:57:38 AM,24728.0,150,3709200.0,80507623260.0
2025-08-01 11:57:39 AM,24728.0,75,1854600.0,80509477860.0
2025-08-01 11:57:41 AM,24728.5,0,0.0,80509477860.0
2025-08-01 11:57:41 AM,24727.1,375,9272662.5,80518750522.5
2025-08-01 11:57:43 AM,24727.0,0,0.0,80518750522.5
2025-08-01 11:57:43 AM,24727.0,75,1854525.0,80520605047.5
2025-08-01 11:57:44 AM,24726.4,0,0.0,80520605047.5
2025-08-01 11:57:44 AM,24728.0,225,5563800.0,80526168847.5
2025-08-01 11:57:46 AM,24728.0,150,3709200.0,80529878047.5
2025-08-01 11:57:47 AM,24725.0,0,0.0,80529878047.5
2025-08-01 11:57:48 AM,24725.0,150,3708750.0,80533586797.5
2025-08-01 11:57:49 AM,24725.0,450,11126250.0,80544713047.5
2025-08-01 11:58:00 AM,24727.9,150,3709185.0,80548422232.5
2025-08-01 11:58:01 AM,24726.6,150,3708990.0,80552131222.5
2025-08-01 11:58:02 AM,24728.0,0,0.0,80552131222.5
2025-08-01 11:58:02 AM,24727.9,0,0.0,80552131222.5
2025-08-01 11:58:03 AM,24728.0,0,0.0,80552131222.5
2025-08-01 11:58:03 AM,24728.0,2400,59347200.0,80611478422.5
2025-08-01 11:58:04 AM,24730.0,0,0.0,80611478422.5
2025-08-01 11:58:05 AM,24730.7,225,5564407.5,80617042830.0
2025-08-01 11:58:06 AM,24731.5,0,0.0,80617042830.0
2025-08-01 11:58:06 AM,24733.8,225,5565105.0,80622607935.0
2025-08-01 11:58:07 AM,24739.3,0,0.0,80622607935.0
2025-08-01 11:58:08 AM,24739.3,300,7421790.0,80630029725.0
2025-08-01 11:58:08 AM,24739.2,75,1855440.0,80631885165.0
2025-08-01 11:58:10 AM,24735.0,0,0.0,80631885165.0
2025-08-01 11:58:11 AM,24735.0,75,1855125.0,80633740290.0
2025-08-01 11:58:14 AM,24739.3,0,0.0,80633740290.0
2025-08-01 11:58:14 AM,24739.2,300,7421760.0,80641162050.0
2025-08-01 11:58:16 AM,24735.3,0,0.0,80641162050.0
2025-08-01 11:58:16 AM,24735.3,150,3710295.0,80644872345.0
2025-08-01 11:58:17 AM,24736.9,0,0.0,80644872345.0
2025-08-01 11:58:18 AM,24736.9,150,3710535.0,80648582880.0
2025-08-01 11:58:19 AM,24735.1,0,0.0,80648582880.0
2025-08-01 11:58:19 AM,24735.1,225,5565397.5,80654148277.5
2025-08-01 11:58:20 AM,24738.0,0,0.0,80654148277.5
2025-08-01 11:58:21 AM,24739.4,0,0.0,80654148277.5
2025-08-01 11:58:21 AM,24739.4,150,3710910.0,80657859187.5
2025-08-01 11:58:23 AM,24734.3,0,0.0,80657859187.5
2025-08-01 11:58:23 AM,24734.3,225,5565217.5,80663424405.0
2025-08-01 11:58:24 AM,24735.3,0,0.0,80663424405.0
2025-08-01 11:58:24 AM,24735.3,75,1855147.5,80665279552.5
2025-08-01 11:58:29 AM,24734.0,0,0.0,80665279552.5
2025-08-01 11:58:29 AM,24734.0,150,3710100.0,80668989652.5
2025-08-01 11:58:30 AM,24739.9,0,0.0,80668989652.5
2025-08-01 11:58:31 AM,24739.9,150,3710985.0,80672700637.5
2025-08-01 11:58:31 AM,24735.3,0,0.0,80672700637.5
2025-08-01 11:58:32 AM,24733.5,0,0.0,80672700637.5
2025-08-01 11:58:33 AM,24733.5,300,7420050.0,80680120687.5
2025-08-01 11:58:37 AM,24732.8,0,0.0,80680120687.5
2025-08-01 11:58:38 AM,24732.8,300,7419840.0,80687540527.5
2025-08-01 11:58:39 AM,24735.3,75,1855147.5,80689395675.0
2025-08-01 11:58:41 AM,24738.0,0,0.0,80689395675.0
2025-08-01 11:58:41 AM,24737.5,450,11131875.0,80700527550.0
2025-08-01 11:58:43 AM,24740.0,150,3711000.0,80704238550.0
2025-08-01 11:58:44 AM,24744.0,450,11134800.0,80715373350.0
2025-08-01 11:58:44 AM,24742.0,75,1855650.0,80717229000.0
2025-08-01 11:58:47 AM,24742.4,0,0.0,80717229000.0
2025-08-01 11:58:48 AM,24742.4,75,1855680.0,80719084680.0
2025-08-01 11:58:48 AM,24737.4,0,0.0,80719084680.0
2025-08-01 11:58:49 AM,24737.4,75,1855305.0,80720939985.0
2025-08-01 11:58:56 AM,24737.4,75,1855305.0,80722795290.0
2025-08-01 11:58:58 AM,24737.4,75,1855305.0,80724650595.0
2025-08-01 11:58:59 AM,24738.0,0,0.0,80724650595.0
2025-08-01 11:58:59 AM,24738.0,75,1855350.0,80726505945.0
2025-08-01 11:59:01 AM,24738.0,525,12987450.0,80739493395.0
2025-08-01 11:59:03 AM,24738.0,150,3710700.0,80743204095.0
2025-08-01 11:59:04 AM,24738.0,375,9276750.0,80752480845.0
2025-08-01 11:59:05 AM,24740.0,0,0.0,80752480845.0
2025-08-01 11:59:06 AM,24743.8,0,0.0,80752480845.0
2025-08-01 11:59:06 AM,24743.8,150,3711570.0,80756192415.0
2025-08-01 11:59:10 AM,24742.7,0,0.0,80756192415.0
2025-08-01 11:59:11 AM,24742.7,300,7422810.0,80763615225.0
2025-08-01 11:59:14 AM,24742.4,0,0.0,80763615225.0
2025-08-01 11:59:14 AM,24742.4,75,1855680.0,80765470905.0
2025-08-01 11:59:15 AM,24742.0,0,0.0,80765470905.0
2025-08-01 11:59:16 AM,24742.0,75,1855650.0,80767326555.0
2025-08-01 11:59:22 AM,24740.0,0,0.0,80767326555.0
2025-08-01 11:59:23 AM,24740.0,75,1855500.0,80769182055.0
2025-08-01 11:59:24 AM,24738.0,0,0.0,80769182055.0
2025-08-01 11:59:24 AM,24738.0,75,1855350.0,80771037405.0
2025-08-01 11:59:27 AM,24740.6,0,0.0,80771037405.0
2025-08-01 11:59:28 AM,24740.6,150,3711090.0,80774748495.0
2025-08-01 11:59:28 AM,24740.7,0,0.0,80774748495.0
2025-08-01 11:59:29 AM,24740.7,75,1855552.5,80776604047.5
2025-08-01 11:59:30 AM,24732.0,0,0.0,80776604047.5
2025-08-01 11:59:31 AM,24732.0,825,20403900.0,80797007947.5
2025-08-01 11:59:32 AM,24734.9,0,0.0,80797007947.5
2025-08-01 11:59:33 AM,24734.9,150,3710235.0,80800718182.5
2025-08-01 11:59:33 AM,24734.9,75,1855117.5,80802573300.0
2025-08-01 11:59:36 AM,24732.0,0,0.0,80802573300.0
2025-08-01 11:59:37 AM,24730.2,0,0.0,80802573300.0
2025-08-01 11:59:38 AM,24730.2,150,3709530.0,80806282830.0
2025-08-01 11:59:38 AM,24732.2,0,0.0,80806282830.0
2025-08-01 11:59:39 AM,24732.2,225,5564745.0,80811847575.0
2025-08-01 11:59:41 AM,24730.0,0,0.0,80811847575.0
2025-08-01 11:59:41 AM,24730.0,75,1854750.0,80813702325.0
2025-08-01 11:59:42 AM,24728.1,0,0.0,80813702325.0
2025-08-01 11:59:43 AM,24728.1,225,5563822.5,80819266147.5
2025-08-01 11:59:43 AM,24732.2,0,0.0,80819266147.5
2025-08-01 11:59:44 AM,24732.2,150,3709830.0,80822975977.5
2025-08-01 11:59:49 AM,24732.2,75,1854915.0,80824830892.5
2025-08-01 11:59:50 AM,24733.2,0,0.0,80824830892.5
2025-08-01 11:59:51 AM,24733.2,75,1854990.0,80826685882.5
2025-08-01 11:59:56 AM,24732.9,0,0.0,80826685882.5
2025-08-01 11:59:57 AM,24732.2,0,0.0,80826685882.5
2025-08-01 11:59:57 AM,24726.4,450,11126880.0,80837812762.5
2025-08-01 11:59:59 AM,24732.3,0,0.0,80837812762.5
2025-08-01 11:59:59 AM,24732.3,75,1854922.5,80839667685.0
2025-08-01 12:00:00 PM,24728.8,0,0.0,80839667685.0
2025-08-01 12:00:01 PM,24728.8,150,3709320.0,80843377005.0
2025-08-01 12:00:01 PM,24729.1,0,0.0,80843377005.0
2025-08-01 12:00:02 PM,24732.0,0,0.0,80843377005.0
2025-08-01 12:00:02 PM,24732.0,150,3709800.0,80847086805.0
2025-08-01 12:00:02 PM,24732.0,75,1854900.0,80848941705.0
2025-08-01 12:00:06 PM,24732.0,75,1854900.0,80850796605.0
2025-08-01 12:00:09 PM,24731.9,150,3709785.0,80854506390.0
2025-08-01 12:00:11 PM,24733.6,0,0.0,80854506390.0
2025-08-01 12:00:11 PM,24733.6,150,3710040.0,80858216430.0
2025-08-01 12:00:13 PM,24732.0,0,0.0,80858216430.0
2025-08-01 12:00:14 PM,24732.0,75,1854900.0,80860071330.0
2025-08-01 12:00:14 PM,24731.7,0,0.0,80860071330.0
2025-08-01 12:00:15 PM,24731.3,0,0.0,80860071330.0
2025-08-01 12:00:15 PM,24732.4,225,5564790.0,80865636120.0
2025-08-01 12:00:18 PM,24730.8,0,0.0,80865636120.0
2025-08-01 12:00:19 PM,24730.8,75,1854810.0,80867490930.0
2025-08-01 12:00:21 PM,24727.0,0,0.0,80867490930.0
2025-08-01 12:00:22 PM,24727.0,150,3709050.0,80871199980.0
2025-08-01 12:00:23 PM,24727.0,150,3709050.0,80874909030.0
2025-08-01 12:00:24 PM,24727.0,75,1854525.0,80876763555.0
2025-08-01 12:00:26 PM,24730.1,0,0.0,80876763555.0
2025-08-01 12:00:27 PM,24730.1,75,1854757.5,80878618312.5
2025-08-01 12:00:29 PM,24727.5,0,0.0,80878618312.5
2025-08-01 12:00:30 PM,24727.5,150,3709125.0,80882327437.5
2025-08-01 12:00:38 PM,24732.0,0,0.0,80882327437.5
2025-08-01 12:00:38 PM,24732.0,75,1854900.0,80884182337.5
2025-08-01 12:00:40 PM,24732.0,75,1854900.0,80886037237.5
2025-08-01 12:00:43 PM,24733.7,0,0.0,80886037237.5
2025-08-01 12:00:43 PM,24733.7,75,1855027.5,80887892265.0
2025-08-01 12:00:44 PM,24730.8,0,0.0,80887892265.0
2025-08-01 12:00:45 PM,24730.8,75,1854810.0,80889747075.0
2025-08-01 12:00:45 PM,24731.6,0,0.0,80889747075.0
2025-08-01 12:00:46 PM,24731.6,75,1854870.0,80891601945.0
2025-08-01 12:00:51 PM,24730.3,0,0.0,80891601945.0
2025-08-01 12:00:51 PM,24730.3,450,11128635.0,80902730580.0
2025-08-01 12:00:54 PM,24730.0,0,0.0,80902730580.0
2025-08-01 12:00:54 PM,24730.0,75,1854750.0,80904585330.0
2025-08-01 12:00:55 PM,24727.5,0,0.0,80904585330.0
2025-08-01 12:00:56 PM,24727.5,75,1854562.5,80906439892.5
2025-08-01 12:00:58 PM,24730.3,0,0.0,80906439892.5
2025-08-01 12:00:58 PM,24730.3,75,1854772.5,80908294665.0
2025-08-01 12:00:59 PM,24731.3,0,0.0,80908294665.0
2025-08-01 12:00:59 PM,24731.3,450,11129085.0,80919423750.0
2025-08-01 12:01:02 PM,24727.0,0,0.0,80919423750.0
2025-08-01 12:01:03 PM,24728.9,150,3709335.0,80923133085.0
2025-08-01 12:01:04 PM,24727.0,0,0.0,80923133085.0
2025-08-01 12:01:06 PM,24728.8,0,0.0,80923133085.0
2025-08-01 12:01:06 PM,24728.8,225,5563980.0,80928697065.0
2025-08-01 12:01:07 PM,24728.3,0,0.0,80928697065.0
2025-08-01 12:01:07 PM,24728.3,75,1854622.5,80930551687.5
2025-08-01 12:01:08 PM,24727.0,0,0.0,80930551687.5
2025-08-01 12:01:09 PM,24727.0,150,3709050.0,80934260737.5
2025-08-01 12:01:11 PM,24726.7,0,0.0,80934260737.5
2025-08-01 12:01:12 PM,24726.7,75,1854502.5,80936115240.0
2025-08-01 12:01:13 PM,24728.6,0,0.0,80936115240.0
2025-08-01 12:01:14 PM,24726.2,0,0.0,80936115240.0
2025-08-01 12:01:14 PM,24726.2,300,7417860.0,80943533100.0
2025-08-01 12:01:17 PM,24727.0,75,1854525.0,80945387625.0
2025-08-01 12:01:19 PM,24727.0,75,1854525.0,80947242150.0
2025-08-01 12:01:20 PM,24728.2,0,0.0,80947242150.0
2025-08-01 12:01:21 PM,24728.2,75,1854615.0,80949096765.0
2025-08-01 12:01:22 PM,24726.0,0,0.0,80949096765.0
2025-08-01 12:01:22 PM,24726.0,75,1854450.0,80950951215.0
2025-08-01 12:01:26 PM,24726.0,75,1854450.0,80952805665.0
2025-08-01 12:01:27 PM,24726.0,75,1854450.0,80954660115.0
2025-08-01 12:01:29 PM,24726.3,75,1854472.5,80956514587.5
2025-08-01 12:01:30 PM,24726.0,0,0.0,80956514587.5
2025-08-01 12:01:31 PM,24725.0,525,12980625.0,80969495212.5
2025-08-01 12:01:31 PM,24725.8,0,0.0,80969495212.5
2025-08-01 12:01:31 PM,24725.8,75,1854435.0,80971349647.5
2025-08-01 12:01:32 PM,24725.0,0,0.0,80971349647.5
2025-08-01 12:01:32 PM,24725.0,525,12980625.0,80984330272.5
2025-08-01 12:01:34 PM,24725.8,0,0.0,80984330272.5
2025-08-01 12:01:34 PM,24725.8,300,7417740.0,80991748012.5
2025-08-01 12:01:35 PM,24724.0,0,0.0,80991748012.5
2025-08-01 12:01:36 PM,24724.0,75,1854300.0,80993602312.5
2025-08-01 12:01:37 PM,24722.6,0,0.0,80993602312.5
2025-08-01 12:01:37 PM,24722.6,225,5562585.0,80999164897.5
2025-08-01 12:01:40 PM,24723.0,0,0.0,80999164897.5
2025-08-01 12:01:40 PM,24723.0,75,1854225.0,81001019122.5
2025-08-01 12:01:42 PM,24722.1,0,0.0,81001019122.5
2025-08-01 12:01:42 PM,24722.1,75,1854157.5,81002873280.0
2025-08-01 12:01:45 PM,24723.0,0,0.0,81002873280.0
2025-08-01 12:01:45 PM,24725.8,0,0.0,81002873280.0
2025-08-01 12:01:45 PM,24725.5,225,5563237.5,81008436517.5
2025-08-01 12:01:46 PM,24723.0,75,1854225.0,81010290742.5
2025-08-01 12:01:51 PM,24725.0,0,0.0,81010290742.5
2025-08-01 12:01:52 PM,24725.4,0,0.0,81010290742.5
2025-08-01 12:01:52 PM,24723.9,1050,25960095.0,81036250837.5
2025-08-01 12:01:53 PM,24724.0,0,0.0,81036250837.5
2025-08-01 12:01:54 PM,24724.1,150,3708615.0,81039959452.5
2025-08-01 12:01:57 PM,24724.3,0,0.0,81039959452.5
2025-08-01 12:01:58 PM,24724.5,0,0.0,81039959452.5
2025-08-01 12:01:59 PM,24722.1,225,5562472.5,81045521925.0
2025-08-01 12:02:01 PM,24725.1,0,0.0,81045521925.0
2025-08-01 12:02:02 PM,24725.3,0,0.0,81045521925.0
2025-08-01 12:02:02 PM,24725.3,225,5563192.5,81051085117.5
2025-08-01 12:02:06 PM,24724.2,0,0.0,81051085117.5
2025-08-01 12:02:07 PM,24724.2,75,1854315.0,81052939432.5
2025-08-01 12:02:08 PM,24722.1,0,0.0,81052939432.5
2025-08-01 12:02:08 PM,24722.1,225,5562472.5,81058501905.0
2025-08-01 12:02:10 PM,24723.8,0,0.0,81058501905.0
2025-08-01 12:02:10 PM,24723.1,525,12979627.5,81071481532.5
2025-08-01 12:02:13 PM,24721.3,0,0.0,81071481532.5
2025-08-01 12:02:13 PM,24721.3,525,12978682.5,81084460215.0
2025-08-01 12:02:15 PM,24720.5,0,0.0,81084460215.0
2025-08-01 12:02:16 PM,24717.1,0,0.0,81084460215.0
2025-08-01 12:02:17 PM,24717.1,3300,81566430.0,81166026645.0
2025-08-01 12:02:17 PM,24722.0,0,0.0,81166026645.0
2025-08-01 12:02:18 PM,24722.0,600,14833200.0,81180859845.0
2025-08-01 12:02:20 PM,24722.9,0,0.0,81180859845.0
2025-08-01 12:02:20 PM,24722.9,75,1854217.5,81182714062.5
2025-08-01 12:02:22 PM,24722.0,0,0.0,81182714062.5
2025-08-01 12:02:22 PM,24722.0,75,1854150.0,81184568212.5
2025-08-01 12:02:24 PM,24722.5,75,1854187.5,81186422400.0
2025-08-01 12:02:25 PM,24724.4,75,1854330.0,81188276730.0
2025-08-01 12:02:27 PM,24722.0,150,3708300.0,81191985030.0
2025-08-01 12:02:28 PM,24722.0,75,1854150.0,81193839180.0
2025-08-01 12:02:29 PM,24722.0,75,1854150.0,81195693330.0
2025-08-01 12:02:29 PM,24721.0,0,0.0,81195693330.0
2025-08-01 12:02:30 PM,24720.0,0,0.0,81195693330.0
2025-08-01 12:02:30 PM,24720.0,525,12978000.0,81208671330.0
2025-08-01 12:02:31 PM,24715.0,0,0.0,81208671330.0
2025-08-01 12:02:32 PM,24719.8,1350,33371730.0,81242043060.0
2025-08-01 12:02:33 PM,24720.9,0,0.0,81242043060.0
2025-08-01 12:02:33 PM,24716.1,225,5561122.5,81247604182.5
2025-08-01 12:02:35 PM,24715.9,0,0.0,81247604182.5
2025-08-01 12:02:35 PM,24715.9,150,3707385.0,81251311567.5
2025-08-01 12:02:36 PM,24719.7,0,0.0,81251311567.5
2025-08-01 12:02:36 PM,24715.0,150,3707250.0,81255018817.5
2025-08-01 12:02:38 PM,24719.9,0,0.0,81255018817.5
2025-08-01 12:02:38 PM,24719.9,75,1853992.5,81256872810.0
2025-08-01 12:02:40 PM,24715.0,75,1853625.0,81258726435.0
2025-08-01 12:02:40 PM,24715.0,225,5560875.0,81264287310.0
2025-08-01 12:02:41 PM,24715.0,300,7414500.0,81271701810.0
2025-08-01 12:02:43 PM,24715.0,150,3707250.0,81275409060.0
2025-08-01 12:02:44 PM,24714.1,0,0.0,81275409060.0
2025-08-01 12:02:45 PM,24714.1,1575,38924707.5,81314333767.5
2025-08-01 12:02:45 PM,24719.3,75,1853947.5,81316187715.0
2025-08-01 12:02:47 PM,24719.3,75,1853947.5,81318041662.5
2025-08-01 12:02:48 PM,24715.0,0,0.0,81318041662.5
2025-08-01 12:02:48 PM,24715.0,150,3707250.0,81321748912.5
2025-08-01 12:02:50 PM,24715.0,75,1853625.0,81323602537.5
2025-08-01 12:02:50 PM,24715.0,75,1853625.0,81325456162.5
2025-08-01 12:02:52 PM,24714.2,0,0.0,81325456162.5
2025-08-01 12:02:52 PM,24714.2,75,1853565.0,81327309727.5
2025-08-01 12:02:53 PM,24715.0,75,1853625.0,81329163352.5
2025-08-01 12:02:55 PM,24713.8,0,0.0,81329163352.5
2025-08-01 12:02:55 PM,24713.8,675,16681815.0,81345845167.5
2025-08-01 12:02:56 PM,24713.6,0,0.0,81345845167.5
2025-08-01 12:02:57 PM,24713.0,300,7413900.0,81353259067.5
2025-08-01 12:02:58 PM,24716.0,75,1853700.0,81355112767.5
2025-08-01 12:03:00 PM,24719.3,0,0.0,81355112767.5
2025-08-01 12:03:00 PM,24719.3,75,1853947.5,81356966715.0
2025-08-01 12:03:01 PM,24715.0,0,0.0,81356966715.0
2025-08-01 12:03:02 PM,24713.8,1875,46338375.0,81403305090.0
2025-08-01 12:03:02 PM,24719.3,0,0.0,81403305090.0
2025-08-01 12:03:02 PM,24719.3,375,9269737.5,81412574827.5
2025-08-01 12:03:03 PM,24719.3,75,1853947.5,81414428775.0
2025-08-01 12:03:06 PM,24715.0,0,0.0,81414428775.0
2025-08-01 12:03:07 PM,24720.0,600,14832000.0,81429260775.0
2025-08-01 12:03:12 PM,24720.9,0,0.0,81429260775.0
2025-08-01 12:03:13 PM,24720.9,75,1854067.5,81431114842.5
2025-08-01 12:03:16 PM,24720.0,0,0.0,81431114842.5
2025-08-01 12:03:16 PM,24720.0,300,7416000.0,81438530842.5
2025-08-01 12:03:17 PM,24719.8,75,1853985.0,81440384827.5
2025-08-01 12:03:18 PM,24720.0,0,0.0,81440384827.5
2025-08-01 12:03:18 PM,24720.0,150,3708000.0,81444092827.5
2025-08-01 12:03:20 PM,24720.0,75,1854000.0,81445946827.5
2025-08-01 12:03:21 PM,24715.1,0,0.0,81445946827.5
2025-08-01 12:03:21 PM,24715.1,75,1853632.5,81447800460.0
2025-08-01 12:03:23 PM,24720.0,0,0.0,81447800460.0
2025-08-01 12:03:23 PM,24720.0,450,11124000.0,81458924460.0
2025-08-01 12:03:24 PM,24719.9,0,0.0,81458924460.0
2025-08-01 12:03:25 PM,24719.9,75,1853992.5,81460778452.5
2025-08-01 12:03:28 PM,24719.6,0,0.0,81460778452.5
2025-08-01 12:03:29 PM,24720.1,0,0.0,81460778452.5
2025-08-01 12:03:30 PM,24720.1,225,5562022.5,81466340475.0
2025-08-01 12:03:32 PM,24715.1,0,0.0,81466340475.0
2025-08-01 12:03:33 PM,24715.1,225,5560897.5,81471901372.5
2025-08-01 12:03:36 PM,24715.0,0,0.0,81471901372.5
2025-08-01 12:03:36 PM,24715.0,75,1853625.0,81473754997.5
2025-08-01 12:03:36 PM,24718.0,75,1853850.0,81475608847.5
2025-08-01 12:03:38 PM,24715.0,0,0.0,81475608847.5
2025-08-01 12:03:38 PM,24715.0,75,1853625.0,81477462472.5
2025-08-01 12:03:38 PM,24715.0,75,1853625.0,81479316097.5
2025-08-01 12:03:39 PM,24718.0,0,0.0,81479316097.5
2025-08-01 12:03:39 PM,24718.0,225,5561550.0,81484877647.5
2025-08-01 12:03:41 PM,24715.0,0,0.0,81484877647.5
2025-08-01 12:03:41 PM,24715.0,750,18536250.0,81503413897.5
2025-08-01 12:03:42 PM,24715.1,0,0.0,81503413897.5
2025-08-01 12:03:43 PM,24715.0,150,3707250.0,81507121147.5
2025-08-01 12:03:44 PM,24720.0,0,0.0,81507121147.5
2025-08-01 12:03:44 PM,24720.0,150,3708000.0,81510829147.5
2025-08-01 12:03:46 PM,24715.0,0,0.0,81510829147.5
2025-08-01 12:03:46 PM,24715.0,150,3707250.0,81514536397.5
2025-08-01 12:03:46 PM,24716.0,75,1853700.0,81516390097.5
2025-08-01 12:03:48 PM,24720.1,0,0.0,81516390097.5
2025-08-01 12:03:49 PM,24718.0,0,0.0,81516390097.5
2025-08-01 12:03:49 PM,24718.0,150,3707700.0,81520097797.5
2025-08-01 12:03:53 PM,24719.0,0,0.0,81520097797.5
2025-08-01 12:03:53 PM,24719.0,300,7415700.0,81527513497.5
2025-08-01 12:03:54 PM,24720.0,150,3708000.0,81531221497.5
2025-08-01 12:03:56 PM,24718.6,0,0.0,81531221497.5
2025-08-01 12:03:56 PM,24718.6,2625,64886324.99999999,81596107822.5
2025-08-01 12:04:00 PM,24718.8,0,0.0,81596107822.5
2025-08-01 12:04:01 PM,24720.0,0,0.0,81596107822.5
2025-08-01 12:04:01 PM,24720.0,600,14832000.0,81610939822.5
2025-08-01 12:04:01 PM,24722.8,150,3708420.0,81614648242.5
2025-08-01 12:04:03 PM,24722.8,75,1854210.0,81616502452.5
2025-08-01 12:04:03 PM,24724.7,0,0.0,81616502452.5
2025-08-01 12:04:04 PM,24724.7,75,1854352.5,81618356805.0
2025-08-01 12:04:05 PM,24724.7,75,1854352.5,81620211157.5
2025-08-01 12:04:07 PM,24724.4,0,0.0,81620211157.5
2025-08-01 12:04:08 PM,24719.1,150,3707865.0,81623919022.5
2025-08-01 12:04:09 PM,24725.0,0,0.0,81623919022.5
2025-08-01 12:04:09 PM,24725.0,75,1854375.0,81625773397.5
2025-08-01 12:04:11 PM,24725.0,75,1854375.0,81627627772.5
2025-08-01 12:04:15 PM,24724.7,0,0.0,81627627772.5
2025-08-01 12:04:16 PM,24725.4,0,0.0,81627627772.5
2025-08-01 12:04:16 PM,24725.4,225,5563215.0,81633190987.5
2025-08-01 12:04:16 PM,24724.7,75,1854352.5,81635045340.0
2025-08-01 12:04:17 PM,24724.7,225,5563057.5,81640608397.5
2025-08-01 12:04:19 PM,24726.0,0,0.0,81640608397.5
2025-08-01 12:04:19 PM,24726.0,225,5563350.0,81646171747.5
2025-08-01 12:04:20 PM,24723.9,0,0.0,81646171747.5
2025-08-01 12:04:21 PM,24723.9,150,3708585.0,81649880332.5
2025-08-01 12:04:22 PM,24725.0,225,5563125.0,81655443457.5
2025-08-01 12:04:24 PM,24724.6,0,0.0,81655443457.5
2025-08-01 12:04:24 PM,24724.6,75,1854345.0,81657297802.5
2025-08-01 12:04:29 PM,24725.0,0,0.0,81657297802.5
2025-08-01 12:04:29 PM,24725.0,75,1854375.0,81659152177.5
2025-08-01 12:04:35 PM,24723.0,0,0.0,81659152177.5
2025-08-01 12:04:36 PM,24724.9,0,0.0,81659152177.5
2025-08-01 12:04:36 PM,24724.9,225,5563102.5,81664715280.0
2025-08-01 12:04:37 PM,24721.0,0,0.0,81664715280.0
2025-08-01 12:04:37 PM,24721.0,150,3708150.0,81668423430.0
2025-08-01 12:04:41 PM,24721.0,75,1854075.0,81670277505.0
2025-08-01 12:04:45 PM,24723.9,0,0.0,81670277505.0
2025-08-01 12:04:46 PM,24721.0,0,0.0,81670277505.0
2025-08-01 12:04:46 PM,24721.0,150,3708150.0,81673985655.0
2025-08-01 12:04:53 PM,24721.0,75,1854075.0,81675839730.0
2025-08-01 12:04:53 PM,24721.0,75,1854075.0,81677693805.0
2025-08-01 12:04:54 PM,24720.1,0,0.0,81677693805.0
2025-08-01 12:04:54 PM,24720.0,600,14832000.0,81692525805.0
2025-08-01 12:04:55 PM,24719.0,2850,70449150.0,81762974955.0
2025-08-01 12:04:55 PM,24718.0,0,0.0,81762974955.0
2025-08-01 12:04:56 PM,24718.0,600,14830800.0,81777805755.0
2025-08-01 12:04:57 PM,24717.0,0,0.0,81777805755.0
2025-08-01 12:04:58 PM,24717.0,150,3707550.0,81781513305.0
2025-08-01 12:04:59 PM,24717.9,0,0.0,81781513305.0
2025-08-01 12:04:59 PM,24717.9,150,3707685.0,81785220990.0
2025-08-01 12:05:00 PM,24717.9,75,1853842.5,81787074832.5
2025-08-01 12:05:02 PM,24716.0,0,0.0,81787074832.5
2025-08-01 12:05:03 PM,24721.9,300,7416570.0,81794491402.5
2025-08-01 12:05:04 PM,24715.5,0,0.0,81794491402.5
2025-08-01 12:05:04 PM,24715.5,150,3707325.0,81798198727.5
2025-08-01 12:05:05 PM,24720.9,0,0.0,81798198727.5
2025-08-01 12:05:06 PM,24720.6,0,0.0,81798198727.5
2025-08-01 12:05:06 PM,24720.6,225,5562135.0,81803760862.5
2025-08-01 12:05:07 PM,24715.4,0,0.0,81803760862.5
2025-08-01 12:05:08 PM,24715.4,75,1853655.0,81805614517.5
2025-08-01 12:05:08 PM,24720.0,300,7416000.0,81813030517.5
2025-08-01 12:05:09 PM,24715.8,0,0.0,81813030517.5
2025-08-01 12:05:10 PM,24715.8,150,3707370.0,81816737887.5
2025-08-01 12:05:11 PM,24719.9,0,0.0,81816737887.5
2025-08-01 12:05:11 PM,24719.9,75,1853992.5,81818591880.0
2025-08-01 12:05:14 PM,24719.9,150,3707985.0,81822299865.0
2025-08-01 12:05:15 PM,24716.6,0,0.0,81822299865.0
2025-08-01 12:05:16 PM,24716.6,300,7414980.0,81829714845.0
2025-08-01 12:05:16 PM,24719.9,0,0.0,81829714845.0
2025-08-01 12:05:17 PM,24719.9,75,1853992.5,81831568837.5
2025-08-01 12:05:19 PM,24719.9,150,3707985.0,81835276822.5
2025-08-01 12:05:21 PM,24719.0,0,0.0,81835276822.5
2025-08-01 12:05:21 PM,24719.0,75,1853925.0,81837130747.5
2025-08-01 12:05:22 PM,24717.2,0,0.0,81837130747.5
2025-08-01 12:05:23 PM,24719.4,300,7415820.0,81844546567.5
2025-08-01 12:05:23 PM,24717.0,0,0.0,81844546567.5
2025-08-01 12:05:24 PM,24717.0,75,1853775.0,81846400342.5
2025-08-01 12:05:24 PM,24719.4,0,0.0,81846400342.5
2025-08-01 12:05:25 PM,24717.0,0,0.0,81846400342.5
2025-08-01 12:05:26 PM,24717.0,150,3707550.0,81850107892.5
2025-08-01 12:05:27 PM,24717.0,75,1853775.0,81851961667.5
2025-08-01 12:05:31 PM,24719.3,75,1853947.5,81853815615.0
2025-08-01 12:05:37 PM,24717.0,0,0.0,81853815615.0
2025-08-01 12:05:39 PM,24717.0,75,1853775.0,81855669390.0
2025-08-01 12:05:39 PM,24719.3,75,1853947.5,81857523337.5
2025-08-01 12:05:42 PM,24719.3,75,1853947.5,81859377285.0
2025-08-01 12:05:45 PM,24717.0,0,0.0,81859377285.0
2025-08-01 12:05:45 PM,24717.0,300,7415100.0,81866792385.0
2025-08-01 12:05:50 PM,24717.0,75,1853775.0,81868646160.0
2025-08-01 12:05:53 PM,24716.7,0,0.0,81868646160.0
2025-08-01 12:05:54 PM,24716.0,300,7414800.0,81876060960.0
2025-08-01 12:05:54 PM,24716.6,225,5561235.0,81881622195.0
2025-08-01 12:05:57 PM,24717.5,0,0.0,81881622195.0
2025-08-01 12:05:57 PM,24717.5,150,3707625.0,81885329820.0
2025-08-01 12:06:01 PM,24719.3,0,0.0,81885329820.0
2025-08-01 12:06:01 PM,24720.0,0,0.0,81885329820.0
2025-08-01 12:06:02 PM,24720.0,450,11124000.0,81896453820.0
2025-08-01 12:06:07 PM,24717.5,0,0.0,81896453820.0
2025-08-01 12:06:08 PM,24720.0,0,0.0,81896453820.0
2025-08-01 12:06:08 PM,24720.0,375,9270000.0,81905723820.0
2025-08-01 12:06:10 PM,24720.0,75,1854000.0,81907577820.0
2025-08-01 12:06:10 PM,24718.0,75,1853850.0,81909431670.0
2025-08-01 12:06:12 PM,24717.5,525,12976687.5,81922408357.5
2025-08-01 12:06:16 PM,24720.0,0,0.0,81922408357.5
2025-08-01 12:06:17 PM,24720.0,675,16686000.0,81939094357.5
2025-08-01 12:06:18 PM,24718.0,0,0.0,81939094357.5
2025-08-01 12:06:18 PM,24718.0,150,3707700.0,81942802057.5
2025-08-01 12:06:19 PM,24720.0,0,0.0,81942802057.5
2025-08-01 12:06:20 PM,24718.0,0,0.0,81942802057.5
2025-08-01 12:06:20 PM,24718.0,525,12976950.0,81955779007.5
2025-08-01 12:06:22 PM,24718.0,150,3707700.0,81959486707.5
2025-08-01 12:06:23 PM,24717.9,0,0.0,81959486707.5
2025-08-01 12:06:23 PM,24717.9,450,11123055.0,81970609762.5
2025-08-01 12:06:24 PM,24717.8,0,0.0,81970609762.5
2025-08-01 12:06:25 PM,24717.8,75,1853835.0,81972463597.5
2025-08-01 12:06:26 PM,24717.9,0,0.0,81972463597.5
2025-08-01 12:06:27 PM,24717.9,300,7415370.0,81979878967.5
2025-08-01 12:06:27 PM,24720.0,0,0.0,81979878967.5
2025-08-01 12:06:28 PM,24720.0,75,1854000.0,81981732967.5
2025-08-01 12:06:29 PM,24718.3,0,0.0,81981732967.5
2025-08-01 12:06:29 PM,24720.0,0,0.0,81981732967.5
2025-08-01 12:06:30 PM,24720.0,150,3708000.0,81985440967.5
2025-08-01 12:06:31 PM,24718.3,0,0.0,81985440967.5
2025-08-01 12:06:31 PM,24718.6,0,0.0,81985440967.5
2025-08-01 12:06:31 PM,24718.6,150,3707790.0,81989148757.5
2025-08-01 12:06:35 PM,24720.0,75,1854000.0,81991002757.5
2025-08-01 12:06:36 PM,24720.0,750,18540000.0,82009542757.5
2025-08-01 12:06:37 PM,24720.0,150,3708000.0,82013250757.5
2025-08-01 12:06:38 PM,24720.5,0,0.0,82013250757.5
2025-08-01 12:06:38 PM,24720.5,375,9270187.5,82022520945.0
2025-08-01 12:06:42 PM,24725.0,0,0.0,82022520945.0
2025-08-01 12:06:42 PM,24725.9,0,0.0,82022520945.0
2025-08-01 12:06:43 PM,24725.0,0,0.0,82022520945.0
2025-08-01 12:06:43 PM,24725.0,525,12980625.0,82035501570.0
2025-08-01 12:06:44 PM,24725.6,0,0.0,82035501570.0
2025-08-01 12:06:45 PM,24725.6,150,3708840.0,82039210410.0
2025-08-01 12:06:45 PM,24725.8,0,0.0,82039210410.0
2025-08-01 12:06:46 PM,24725.0,0,0.0,82039210410.0
2025-08-01 12:06:46 PM,24727.4,2850,70473090.0,82109683500.0
2025-08-01 12:06:50 PM,24726.6,0,0.0,82109683500.0
2025-08-01 12:06:50 PM,24726.6,75,1854495.0,82111537995.0
2025-08-01 12:06:51 PM,24727.4,0,0.0,82111537995.0
2025-08-01 12:06:51 PM,24727.4,600,14836440.0,82126374435.0
2025-08-01 12:06:52 PM,24725.0,0,0.0,82126374435.0
2025-08-01 12:06:53 PM,24725.0,225,5563125.0,82131937560.0
2025-08-01 12:06:55 PM,24725.0,150,3708750.0,82135646310.0
2025-08-01 12:06:57 PM,24728.0,0,0.0,82135646310.0
2025-08-01 12:06:58 PM,24728.0,300,7418400.0,82143064710.0
2025-08-01 12:07:03 PM,24728.0,150,3709200.0,82146773910.0
2025-08-01 12:07:04 PM,24725.7,0,0.0,82146773910.0
2025-08-01 12:07:05 PM,24728.0,750,18546000.0,82165319910.0
2025-08-01 12:07:06 PM,24728.9,0,0.0,82165319910.0
2025-08-01 12:07:07 PM,24728.9,75,1854667.5,82167174577.5
2025-08-01 12:07:07 PM,24729.9,0,0.0,82167174577.5
2025-08-01 12:07:08 PM,24730.0,0,0.0,82167174577.5
2025-08-01 12:07:08 PM,24734.0,375,9275250.0,82176449827.5
2025-08-01 12:07:08 PM,24734.0,150,3710100.0,82180159927.5
2025-08-01 12:07:10 PM,24734.0,225,5565150.0,82185725077.5
2025-08-01 12:07:13 PM,24734.0,150,3710100.0,82189435177.5
2025-08-01 12:07:15 PM,24733.0,0,0.0,82189435177.5
2025-08-01 12:07:15 PM,24733.0,150,3709950.0,82193145127.5
2025-08-01 12:07:17 PM,24734.0,0,0.0,82193145127.5
2025-08-01 12:07:18 PM,24734.0,75,1855050.0,82195000177.5
2025-08-01 12:07:18 PM,24734.0,75,1855050.0,82196855227.5
2025-08-01 12:07:23 PM,24734.0,75,1855050.0,82198710277.5
2025-08-01 12:07:24 PM,24730.1,0,0.0,82198710277.5
2025-08-01 12:07:25 PM,24730.5,0,0.0,82198710277.5
2025-08-01 12:07:25 PM,24733.0,525,12984825.0,82211695102.5
2025-08-01 12:07:26 PM,24731.3,0,0.0,82211695102.5
2025-08-01 12:07:26 PM,24731.3,75,1854847.5,82213549950.0
2025-08-01 12:07:27 PM,24730.9,0,0.0,82213549950.0
2025-08-01 12:07:28 PM,24730.9,375,9274087.5,82222824037.5
2025-08-01 12:07:29 PM,24731.3,0,0.0,82222824037.5
2025-08-01 12:07:30 PM,24734.0,150,3710100.0,82226534137.5
2025-08-01 12:07:34 PM,24733.0,0,0.0,82226534137.5
2025-08-01 12:07:35 PM,24733.0,150,3709950.0,82230244087.5
2025-08-01 12:07:35 PM,24732.0,0,0.0,82230244087.5
2025-08-01 12:07:36 PM,24730.9,0,0.0,82230244087.5
2025-08-01 12:07:36 PM,24730.9,300,7419270.0,82237663357.5
2025-08-01 12:07:38 PM,24730.2,0,0.0,82237663357.5
2025-08-01 12:07:38 PM,24730.2,150,3709530.0,82241372887.5
2025-08-01 12:07:40 PM,24730.9,0,0.0,82241372887.5
2025-08-01 12:07:41 PM,24730.9,75,1854817.5,82243227705.0
2025-08-01 12:07:44 PM,24728.9,0,0.0,82243227705.0
2025-08-01 12:07:45 PM,24730.0,3225,79754250.0,82322981955.0
2025-08-01 12:07:45 PM,24734.5,0,0.0,82322981955.0
2025-08-01 12:07:46 PM,24734.5,600,14840700.0,82337822655.0
2025-08-01 12:07:48 PM,24730.0,0,0.0,82337822655.0
2025-08-01 12:07:48 PM,24730.0,225,5564250.0,82343386905.0
2025-08-01 12:07:51 PM,24730.0,75,1854750.0,82345241655.0
2025-08-01 12:07:53 PM,24729.9,0,0.0,82345241655.0
2025-08-01 12:07:53 PM,24729.9,1050,25966395.0,82371208050.0
2025-08-01 12:07:54 PM,24729.8,0,0.0,82371208050.0
2025-08-01 12:07:55 PM,24729.8,225,5564205.0,82376772255.0
2025-08-01 12:07:56 PM,24729.8,75,1854735.0,82378626990.0
2025-08-01 12:07:57 PM,24729.2,0,0.0,82378626990.0
2025-08-01 12:07:57 PM,24729.0,0,0.0,82378626990.0
2025-08-01 12:07:58 PM,24734.9,0,0.0,82378626990.0
2025-08-01 12:07:58 PM,24734.9,975,24116527.5,82402743517.5
2025-08-01 12:08:00 PM,24729.7,0,0.0,82402743517.5
2025-08-01 12:08:00 PM,24729.7,225,5564182.5,82408307700.0
2025-08-01 12:08:01 PM,24729.7,75,1854727.5,82410162427.5
2025-08-01 12:08:03 PM,24729.7,75,1854727.5,82412017155.0
2025-08-01 12:08:05 PM,24729.6,0,0.0,82412017155.0
2025-08-01 12:08:05 PM,24729.6,75,1854720.0,82413871875.0
2025-08-01 12:08:05 PM,24728.0,0,0.0,82413871875.0
2025-08-01 12:08:06 PM,24729.6,0,0.0,82413871875.0
2025-08-01 12:08:06 PM,24729.6,375,9273600.0,82423145475.0
2025-08-01 12:08:07 PM,24729.8,0,0.0,82423145475.0
2025-08-01 12:08:08 PM,24728.0,0,0.0,82423145475.0
2025-08-01 12:08:08 PM,24728.0,450,11127600.0,82434273075.0
2025-08-01 12:08:11 PM,24728.0,750,18546000.0,82452819075.0
2025-08-01 12:08:14 PM,24729.8,0,0.0,82452819075.0
2025-08-01 12:08:15 PM,24729.8,3375,83463075.0,82536282150.0
2025-08-01 12:08:15 PM,24728.1,0,0.0,82536282150.0
2025-08-01 12:08:16 PM,24728.1,750,18546075.0,82554828225.0
2025-08-01 12:08:17 PM,24729.8,0,0.0,82554828225.0
2025-08-01 12:08:18 PM,24729.8,75,1854735.0,82556682960.0
2025-08-01 12:08:20 PM,24729.8,150,3709470.0,82560392430.0
2025-08-01 12:08:21 PM,24732.0,0,0.0,82560392430.0
2025-08-01 12:08:21 PM,24732.0,75,1854900.0,82562247330.0
2025-08-01 12:08:23 PM,24729.8,0,0.0,82562247330.0
2025-08-01 12:08:23 PM,24728.0,0,0.0,82562247330.0
2025-08-01 12:08:23 PM,24728.0,225,5563800.0,82567811130.0
2025-08-01 12:08:25 PM,24728.0,150,3709200.0,82571520330.0
2025-08-01 12:08:29 PM,24729.8,0,0.0,82571520330.0
2025-08-01 12:08:30 PM,24729.8,75,1854735.0,82573375065.0
2025-08-01 12:08:33 PM,24728.0,0,0.0,82573375065.0
2025-08-01 12:08:33 PM,24728.0,75,1854600.0,82575229665.0
2025-08-01 12:08:38 PM,24728.0,75,1854600.0,82577084265.0
2025-08-01 12:08:45 PM,24728.4,0,0.0,82577084265.0
2025-08-01 12:08:46 PM,24728.4,75,1854630.0,82578938895.0
2025-08-01 12:08:47 PM,24727.4,0,0.0,82578938895.0
2025-08-01 12:08:48 PM,24730.0,0,0.0,82578938895.0
2025-08-01 12:08:48 PM,24730.0,975,24111750.0,82603050645.0
2025-08-01 12:08:49 PM,24732.0,150,3709800.0,82606760445.0
2025-08-01 12:08:50 PM,24728.0,0,0.0,82606760445.0
2025-08-01 12:08:51 PM,24728.0,150,3709200.0,82610469645.0
2025-08-01 12:08:51 PM,24732.6,0,0.0,82610469645.0
2025-08-01 12:08:53 PM,24727.1,0,0.0,82610469645.0
2025-08-01 12:08:53 PM,24727.1,225,5563597.5,82616033242.5
2025-08-01 12:08:53 PM,24730.0,0,0.0,82616033242.5
2025-08-01 12:08:54 PM,24732.8,0,0.0,82616033242.5
2025-08-01 12:08:54 PM,24728.1,225,5563822.5,82621597065.0
2025-08-01 12:08:56 PM,24732.9,0,0.0,82621597065.0
2025-08-01 12:08:56 PM,24732.9,75,1854967.5,82623452032.5
2025-08-01 12:08:57 PM,24730.0,0,0.0,82623452032.5
2025-08-01 12:08:58 PM,24730.0,75,1854750.0,82625306782.5
2025-08-01 12:09:01 PM,24730.0,675,16692750.0,82641999532.5
2025-08-01 12:09:03 PM,24730.0,75,1854750.0,82643854282.5
2025-08-01 12:09:05 PM,24730.0,75,1854750.0,82645709032.5
2025-08-01 12:09:06 PM,24729.7,0,0.0,82645709032.5
2025-08-01 12:09:06 PM,24729.7,150,3709455.0,82649418487.5
2025-08-01 12:09:08 PM,24729.6,825,20401920.0,82669820407.5
2025-08-01 12:09:11 PM,24729.7,75,1854727.5,82671675135.0
2025-08-01 12:09:11 PM,24732.0,225,5564700.0,82677239835.0
2025-08-01 12:09:11 PM,24732.9,0,0.0,82677239835.0
2025-08-01 12:09:13 PM,24733.0,375,9274875.0,82686514710.0
2025-08-01 12:09:14 PM,24734.0,450,11130300.0,82697645010.0
2025-08-01 12:09:18 PM,24734.0,75,1855050.0,82699500060.0
2025-08-01 12:09:19 PM,24734.0,75,1855050.0,82701355110.0
2025-08-01 12:09:20 PM,24734.9,0,0.0,82701355110.0
2025-08-01 12:09:21 PM,24733.0,0,0.0,82701355110.0
2025-08-01 12:09:21 PM,24733.0,300,7419900.0,82708775010.0
2025-08-01 12:09:22 PM,24735.0,0,0.0,82708775010.0
2025-08-01 12:09:23 PM,24735.0,375,9275625.0,82718050635.0
2025-08-01 12:09:29 PM,24735.0,75,1855125.0,82719905760.0
2025-08-01 12:09:31 PM,24735.0,75,1855125.0,82721760885.0
2025-08-01 12:09:33 PM,24735.0,150,3710250.0,82725471135.0
2025-08-01 12:09:34 PM,24735.0,1125,27826875.0,82753298010.0
2025-08-01 12:09:35 PM,24735.3,0,0.0,82753298010.0
2025-08-01 12:09:36 PM,24735.3,75,1855147.5,82755153157.5
2025-08-01 12:09:36 PM,24735.0,0,0.0,82755153157.5
2025-08-01 12:09:37 PM,24735.3,0,0.0,82755153157.5
2025-08-01 12:09:38 PM,24735.0,225,5565375.0,82760718532.5
2025-08-01 12:09:40 PM,24735.3,0,0.0,82760718532.5
2025-08-01 12:09:41 PM,24736.0,150,3710400.0,82764428932.5
2025-08-01 12:09:42 PM,24735.3,0,0.0,82764428932.5
2025-08-01 12:09:42 PM,24735.3,75,1855147.5,82766284080.0
2025-08-01 12:09:46 PM,24735.0,0,0.0,82766284080.0
2025-08-01 12:09:46 PM,24735.0,150,3710250.0,82769994330.0
2025-08-01 12:09:47 PM,24732.1,0,0.0,82769994330.0
2025-08-01 12:09:47 PM,24732.1,750,18549075.0,82788543405.0
2025-08-01 12:09:49 PM,24735.0,0,0.0,82788543405.0
2025-08-01 12:09:49 PM,24735.0,75,1855125.0,82790398530.0
2025-08-01 12:09:52 PM,24735.0,75,1855125.0,82792253655.0
2025-08-01 12:09:54 PM,24735.0,150,3710250.0,82795963905.0
2025-08-01 12:09:57 PM,24737.0,0,0.0,82795963905.0
2025-08-01 12:09:57 PM,24737.0,150,3710550.0,82799674455.0
2025-08-01 12:09:58 PM,24738.0,0,0.0,82799674455.0
2025-08-01 12:09:59 PM,24738.0,150,3710700.0,82803385155.0
2025-08-01 12:09:59 PM,24739.0,0,0.0,82803385155.0
2025-08-01 12:10:00 PM,24739.0,975,24120525.0,82827505680.0
2025-08-01 12:10:02 PM,24739.4,0,0.0,82827505680.0
2025-08-01 12:10:02 PM,24739.0,375,9277125.0,82836782805.0
2025-08-01 12:10:03 PM,24738.8,0,0.0,82836782805.0
2025-08-01 12:10:04 PM,24738.8,75,1855410.0,82838638215.0
2025-08-01 12:10:07 PM,24737.2,0,0.0,82838638215.0
2025-08-01 12:10:07 PM,24737.2,75,1855290.0,82840493505.0
2025-08-01 12:10:08 PM,24735.0,0,0.0,82840493505.0
2025-08-01 12:10:09 PM,24735.0,150,3710250.0,82844203755.0
2025-08-01 12:10:10 PM,24735.0,600,14841000.0,82859044755.0
2025-08-01 12:10:12 PM,24734.7,0,0.0,82859044755.0
2025-08-01 12:10:14 PM,24734.7,75,1855102.5,82860899857.5
2025-08-01 12:10:17 PM,24733.9,0,0.0,82860899857.5
2025-08-01 12:10:19 PM,24733.9,75,1855042.5,82862754900.0
2025-08-01 12:10:19 PM,24733.0,0,0.0,82862754900.0
2025-08-01 12:10:20 PM,24735.0,0,0.0,82862754900.0
2025-08-01 12:10:20 PM,24735.0,450,11130750.0,82873885650.0
2025-08-01 12:10:23 PM,24732.5,0,0.0,82873885650.0
2025-08-01 12:10:24 PM,24732.5,75,1854937.5,82875740587.5
2025-08-01 12:10:24 PM,24732.0,75,1854900.0,82877595487.5
2025-08-01 12:10:24 PM,24732.1,0,0.0,82877595487.5
2025-08-01 12:10:24 PM,24735.0,0,0.0,82877595487.5
2025-08-01 12:10:25 PM,24735.1,0,0.0,82877595487.5
2025-08-01 12:10:25 PM,24735.1,600,14841060.0,82892436547.5
2025-08-01 12:10:27 PM,24732.0,0,0.0,82892436547.5
2025-08-01 12:10:28 PM,24732.6,0,0.0,82892436547.5
2025-08-01 12:10:29 PM,24732.6,150,3709890.0,82896146437.5
2025-08-01 12:10:29 PM,24732.5,0,0.0,82896146437.5
2025-08-01 12:10:30 PM,24732.5,75,1854937.5,82898001375.0
2025-08-01 12:10:31 PM,24732.6,0,0.0,82898001375.0
2025-08-01 12:10:31 PM,24732.4,0,0.0,82898001375.0
2025-08-01 12:10:32 PM,24732.4,375,9274650.0,82907276025.0
2025-08-01 12:10:33 PM,24732.0,0,0.0,82907276025.0
2025-08-01 12:10:33 PM,24732.0,75,1854900.0,82909130925.0
2025-08-01 12:10:34 PM,24731.0,0,0.0,82909130925.0
2025-08-01 12:10:35 PM,24731.0,825,20403075.0,82929534000.0
2025-08-01 12:10:36 PM,24730.9,0,0.0,82929534000.0
2025-08-01 12:10:37 PM,24730.9,150,3709635.0,82933243635.0
2025-08-01 12:10:37 PM,24730.0,0,0.0,82933243635.0
2025-08-01 12:10:38 PM,24730.0,150,3709500.0,82936953135.0
2025-08-01 12:10:46 PM,24730.9,0,0.0,82936953135.0
2025-08-01 12:10:47 PM,24730.9,75,1854817.5,82938807952.5
2025-08-01 12:10:50 PM,24730.9,150,3709635.0,82942517587.5
2025-08-01 12:10:52 PM,24730.1,0,0.0,82942517587.5
2025-08-01 12:10:53 PM,24730.0,0,0.0,82942517587.5
2025-08-01 12:10:53 PM,24730.0,225,5564250.0,82948081837.5
2025-08-01 12:10:56 PM,24732.2,0,0.0,82948081837.5
2025-08-01 12:10:56 PM,24732.2,600,14839320.0,82962921157.5
2025-08-01 12:11:02 PM,24731.8,0,0.0,82962921157.5
2025-08-01 12:11:02 PM,24734.2,0,0.0,82962921157.5
2025-08-01 12:11:03 PM,24734.2,300,7420260.0,82970341417.5
2025-08-01 12:11:04 PM,24733.0,0,0.0,82970341417.5
2025-08-01 12:11:05 PM,24733.0,75,1854975.0,82972196392.5
2025-08-01 12:11:07 PM,24732.3,0,0.0,82972196392.5
2025-08-01 12:11:08 PM,24732.3,75,1854922.5,82974051315.0
2025-08-01 12:11:12 PM,24732.1,0,0.0,82974051315.0
2025-08-01 12:11:13 PM,24732.1,225,5564722.5,82979616037.5
2025-08-01 12:11:15 PM,24733.0,0,0.0,82979616037.5
2025-08-01 12:11:16 PM,24733.0,75,1854975.0,82981471012.5
2025-08-01 12:11:19 PM,24732.9,0,0.0,82981471012.5
2025-08-01 12:11:20 PM,24732.9,75,1854967.5,82983325980.0
2025-08-01 12:11:21 PM,24732.9,150,3709935.0,82987035915.0
2025-08-01 12:11:23 PM,24731.8,525,12984195.0,83000020110.0
2025-08-01 12:11:25 PM,24731.8,300,7419540.0,83007439650.0
2025-08-01 12:11:26 PM,24733.0,0,0.0,83007439650.0
2025-08-01 12:11:26 PM,24733.0,75,1854975.0,83009294625.0
2025-08-01 12:11:31 PM,24733.0,225,5564925.0,83014859550.0
2025-08-01 12:11:33 PM,24730.1,0,0.0,83014859550.0
2025-08-01 12:11:34 PM,24730.1,75,1854757.5,83016714307.5
2025-08-01 12:11:36 PM,24734.4,0,0.0,83016714307.5
2025-08-01 12:11:37 PM,24735.8,0,0.0,83016714307.5
2025-08-01 12:11:38 PM,24733.0,1350,33389550.0,83050103857.5
2025-08-01 12:11:39 PM,24730.0,0,0.0,83050103857.5
2025-08-01 12:11:39 PM,24730.0,75,1854750.0,83051958607.5
2025-08-01 12:11:40 PM,24730.1,0,0.0,83051958607.5
2025-08-01 12:11:41 PM,24730.1,75,1854757.5,83053813365.0
2025-08-01 12:11:41 PM,24730.0,0,0.0,83053813365.0
2025-08-01 12:11:42 PM,24733.0,0,0.0,83053813365.0
2025-08-01 12:11:43 PM,24734.9,225,5565352.5,83059378717.5
2025-08-01 12:11:45 PM,24733.0,0,0.0,83059378717.5
2025-08-01 12:11:46 PM,24733.0,75,1854975.0,83061233692.5
2025-08-01 12:11:52 PM,24730.0,0,0.0,83061233692.5
2025-08-01 12:11:53 PM,24732.8,0,0.0,83061233692.5
2025-08-01 12:11:54 PM,24733.0,0,0.0,83061233692.5
2025-08-01 12:11:54 PM,24733.0,525,12984825.0,83074218517.5
2025-08-01 12:11:56 PM,24730.0,300,7419000.0,83081637517.5
2025-08-01 12:11:57 PM,24733.0,0,0.0,83081637517.5
2025-08-01 12:11:57 PM,24733.0,150,3709950.0,83085347467.5
2025-08-01 12:11:59 PM,24730.0,0,0.0,83085347467.5
2025-08-01 12:11:59 PM,24730.0,75,1854750.0,83087202217.5
2025-08-01 12:12:01 PM,24730.0,150,3709500.0,83090911717.5
2025-08-01 12:12:01 PM,24732.7,0,0.0,83090911717.5
2025-08-01 12:12:02 PM,24732.7,150,3709905.0,83094621622.5
2025-08-01 12:12:04 PM,24732.7,75,1854952.5,83096476575.0
2025-08-01 12:12:05 PM,24730.0,0,0.0,83096476575.0
2025-08-01 12:12:06 PM,24730.0,75,1854750.0,83098331325.0
2025-08-01 12:12:09 PM,24730.0,1125,27821250.0,83126152575.0
2025-08-01 12:12:10 PM,24730.0,75,1854750.0,83128007325.0
2025-08-01 12:12:13 PM,24732.0,0,0.0,83128007325.0
2025-08-01 12:12:13 PM,24732.0,150,3709800.0,83131717125.0
2025-08-01 12:12:15 PM,24730.0,0,0.0,83131717125.0
2025-08-01 12:12:17 PM,24730.0,150,3709500.0,83135426625.0
2025-08-01 12:12:20 PM,24730.0,150,3709500.0,83139136125.0
2025-08-01 12:12:20 PM,24728.1,0,0.0,83139136125.0
2025-08-01 12:12:21 PM,24730.0,0,0.0,83139136125.0
2025-08-01 12:12:21 PM,24730.0,150,3709500.0,83142845625.0
2025-08-01 12:12:22 PM,24728.1,0,0.0,83142845625.0
2025-08-01 12:12:23 PM,24728.1,75,1854607.5,83144700232.5
2025-08-01 12:12:23 PM,24728.0,75,1854600.0,83146554832.5
2025-08-01 12:12:25 PM,24726.0,0,0.0,83146554832.5
2025-08-01 12:12:26 PM,24726.4,0,0.0,83146554832.5
2025-08-01 12:12:26 PM,24726.4,375,9272400.0,83155827232.5
2025-08-01 12:12:27 PM,24729.5,0,0.0,83155827232.5
2025-08-01 12:12:28 PM,24729.5,75,1854712.5,83157681945.0
2025-08-01 12:12:28 PM,24727.0,0,0.0,83157681945.0
2025-08-01 12:12:29 PM,24726.0,0,0.0,83157681945.0
2025-08-01 12:12:30 PM,24727.0,225,5563575.0,83163245520.0
2025-08-01 12:12:31 PM,24725.0,0,0.0,83163245520.0
2025-08-01 12:12:31 PM,24725.0,75,1854375.0,83165099895.0
2025-08-01 12:12:37 PM,24728.3,0,0.0,83165099895.0
2025-08-01 12:12:38 PM,24725.0,150,3708750.0,83168808645.0
2025-08-01 12:12:38 PM,24725.0,150,3708750.0,83172517395.0
2025-08-01 12:12:40 PM,24725.0,75,1854375.0,83174371770.0
2025-08-01 12:12:41 PM,24722.0,0,0.0,83174371770.0
2025-08-01 12:12:41 PM,24722.0,825,20395650.0,83194767420.0
2025-08-01 12:12:42 PM,24725.0,0,0.0,83194767420.0
2025-08-01 12:12:43 PM,24722.0,225,5562450.0,83200329870.0
2025-08-01 12:12:44 PM,24725.8,0,0.0,83200329870.0
2025-08-01 12:12:45 PM,24725.8,75,1854435.0,83202184305.0
2025-08-01 12:12:46 PM,24722.0,0,0.0,83202184305.0
2025-08-01 12:12:46 PM,24722.0,75,1854150.0,83204038455.0
2025-08-01 12:12:48 PM,24722.0,150,3708300.0,83207746755.0
2025-08-01 12:12:49 PM,24722.0,225,5562450.0,83213309205.0
2025-08-01 12:12:50 PM,24725.9,0,0.0,83213309205.0
2025-08-01 12:12:51 PM,24721.3,150,3708195.0,83217017400.0
2025-08-01 12:12:53 PM,24721.4,0,0.0,83217017400.0
2025-08-01 12:12:53 PM,24721.4,150,3708210.0,83220725610.0
2025-08-01 12:12:56 PM,24723.1,0,0.0,83220725610.0
2025-08-01 12:12:56 PM,24723.1,75,1854232.5,83222579842.5
2025-08-01 12:12:57 PM,24725.9,0,0.0,83222579842.5
2025-08-01 12:12:58 PM,24725.9,450,11126655.0,83233706497.5
2025-08-01 12:12:59 PM,24732.9,1275,31534447.5,83265240945.0
2025-08-01 12:13:00 PM,24725.0,0,0.0,83265240945.0
2025-08-01 12:13:01 PM,24725.0,75,1854375.0,83267095320.0
2025-08-01 12:13:06 PM,24730.0,0,0.0,83267095320.0
2025-08-01 12:13:06 PM,24730.0,75,1854750.0,83268950070.0
2025-08-01 12:13:08 PM,24726.0,0,0.0,83268950070.0
2025-08-01 12:13:08 PM,24726.0,75,1854450.0,83270804520.0
2025-08-01 12:13:10 PM,24725.4,0,0.0,83270804520.0
2025-08-01 12:13:11 PM,24725.3,300,7417590.0,83278222110.0
2025-08-01 12:13:12 PM,24726.0,0,0.0,83278222110.0
2025-08-01 12:13:13 PM,24726.0,225,5563350.0,83283785460.0
2025-08-01 12:13:15 PM,24728.0,0,0.0,83283785460.0
2025-08-01 12:13:16 PM,24728.0,75,1854600.0,83285640060.0
2025-08-01 12:13:19 PM,24728.0,300,7418400.0,83293058460.0
2025-08-01 12:13:20 PM,24726.6,0,0.0,83293058460.0
2025-08-01 12:13:21 PM,24726.6,75,1854495.0,83294912955.0
2025-08-01 12:13:23 PM,24726.6,225,5563485.0,83300476440.0
2025-08-01 12:13:23 PM,24727.5,0,0.0,83300476440.0
2025-08-01 12:13:24 PM,24727.5,225,5563687.5,83306040127.5
2025-08-01 12:13:25 PM,24727.4,0,0.0,83306040127.5
2025-08-01 12:13:26 PM,24727.4,75,1854555.0,83307894682.5
2025-08-01 12:13:29 PM,24729.0,150,3709350.0,83311604032.5
2025-08-01 12:13:30 PM,24728.9,0,0.0,83311604032.5
2025-08-01 12:13:31 PM,24729.8,150,3709470.0,83315313502.5
2025-08-01 12:13:34 PM,24727.5,0,0.0,83315313502.5
2025-08-01 12:13:35 PM,24726.7,0,0.0,83315313502.5
2025-08-01 12:13:35 PM,24727.3,0,0.0,83315313502.5
2025-08-01 12:13:36 PM,24727.3,1950,48218235.0,83363531737.5
2025-08-01 12:13:38 PM,24728.0,0,0.0,83363531737.5
2025-08-01 12:13:38 PM,24729.7,0,0.0,83363531737.5
2025-08-01 12:13:39 PM,24729.7,225,5564182.5,83369095920.0
2025-08-01 12:13:40 PM,24726.6,0,0.0,83369095920.0
2025-08-01 12:13:41 PM,24726.6,75,1854495.0,83370950415.0
2025-08-01 12:13:41 PM,24729.8,0,0.0,83370950415.0
2025-08-01 12:13:42 PM,24729.8,300,7418940.0,83378369355.0
2025-08-01 12:13:44 PM,24728.0,0,0.0,83378369355.0
2025-08-01 12:13:44 PM,24728.0,75,1854600.0,83380223955.0
2025-08-01 12:13:46 PM,24726.2,0,0.0,83380223955.0
2025-08-01 12:13:47 PM,24726.2,75,1854465.0,83382078420.0
2025-08-01 12:13:47 PM,24725.4,0,0.0,83382078420.0
2025-08-01 12:13:49 PM,24725.4,75,1854405.0,83383932825.0
2025-08-01 12:13:49 PM,24727.9,0,0.0,83383932825.0
2025-08-01 12:13:50 PM,24730.0,0,0.0,83383932825.0
2025-08-01 12:13:50 PM,24730.0,1500,37095000.0,83421027825.0
2025-08-01 12:13:52 PM,24730.4,0,0.0,83421027825.0
2025-08-01 12:13:52 PM,24730.4,300,7419120.0,83428446945.0
2025-08-01 12:13:54 PM,24731.8,2250,55646550.0,83484093495.0
2025-08-01 12:13:55 PM,24731.9,0,0.0,83484093495.0
2025-08-01 12:13:55 PM,24731.8,2025,50081895.0,83534175390.0
2025-08-01 12:13:59 PM,24731.9,0,0.0,83534175390.0
2025-08-01 12:13:59 PM,24731.9,1800,44517420.0,83578692810.0
2025-08-01 12:14:00 PM,24731.5,0,0.0,83578692810.0
2025-08-01 12:14:00 PM,24731.5,150,3709725.0,83582402535.0
2025-08-01 12:14:02 PM,24725.2,0,0.0,83582402535.0
2025-08-01 12:14:02 PM,24725.2,150,3708780.0,83586111315.0
2025-08-01 12:14:04 PM,24731.2,0,0.0,83586111315.0
2025-08-01 12:14:05 PM,24726.3,0,0.0,83586111315.0
2025-08-01 12:14:05 PM,24726.3,300,7417890.0,83593529205.0
2025-08-01 12:14:08 PM,24727.0,0,0.0,83593529205.0
2025-08-01 12:14:09 PM,24727.0,150,3709050.0,83597238255.0
2025-08-01 12:14:10 PM,24728.0,0,0.0,83597238255.0
2025-08-01 12:14:10 PM,24728.0,75,1854600.0,83599092855.0
2025-08-01 12:14:13 PM,24729.9,0,0.0,83599092855.0
2025-08-01 12:14:14 PM,24729.9,75,1854742.5,83600947597.5
2025-08-01 12:14:15 PM,24728.0,0,0.0,83600947597.5
2025-08-01 12:14:17 PM,24728.0,300,7418400.0,83608365997.5
2025-08-01 12:14:19 PM,24728.0,225,5563800.0,83613929797.5
2025-08-01 12:14:19 PM,24728.9,0,0.0,83613929797.5
2025-08-01 12:14:20 PM,24728.9,825,20401342.5,83634331140.0
2025-08-01 12:14:20 PM,24727.6,0,0.0,83634331140.0
2025-08-01 12:14:21 PM,24728.9,0,0.0,83634331140.0
2025-08-01 12:14:22 PM,24728.9,375,9273337.5,83643604477.5
2025-08-01 12:14:23 PM,24727.6,0,0.0,83643604477.5
2025-08-01 12:14:24 PM,24727.6,300,7418280.0,83651022757.5
2025-08-01 12:14:24 PM,24728.9,0,0.0,83651022757.5
2025-08-01 12:14:25 PM,24728.9,150,3709335.0,83654732092.5
2025-08-01 12:14:27 PM,24728.8,0,0.0,83654732092.5
2025-08-01 12:14:28 PM,24728.7,0,0.0,83654732092.5
2025-08-01 12:14:29 PM,24729.0,525,12982725.0,83667714817.5
2025-08-01 12:14:30 PM,24727.2,0,0.0,83667714817.5
2025-08-01 12:14:30 PM,24727.2,150,3709080.0,83671423897.5
2025-08-01 12:14:30 PM,24727.0,75,1854525.0,83673278422.5
2025-08-01 12:14:32 PM,24727.0,75,1854525.0,83675132947.5
2025-08-01 12:14:33 PM,24726.3,0,0.0,83675132947.5
2025-08-01 12:14:34 PM,24726.3,150,3708945.0,83678841892.5
2025-08-01 12:14:35 PM,24727.0,0,0.0,83678841892.5
2025-08-01 12:14:36 PM,24726.0,0,0.0,83678841892.5
2025-08-01 12:14:37 PM,24726.0,450,11126700.0,83689968592.5
2025-08-01 12:14:38 PM,24725.0,0,0.0,83689968592.5
2025-08-01 12:14:39 PM,24725.0,75,1854375.0,83691822967.5
2025-08-01 12:14:42 PM,24725.0,150,3708750.0,83695531717.5
2025-08-01 12:14:44 PM,24725.0,675,16689375.0,83712221092.5
2025-08-01 12:14:44 PM,24723.9,0,0.0,83712221092.5
2025-08-01 12:14:45 PM,24720.1,0,0.0,83712221092.5
2025-08-01 12:14:45 PM,24720.1,600,14832060.0,83727053152.5
2025-08-01 12:14:47 PM,24723.0,0,0.0,83727053152.5
2025-08-01 12:14:49 PM,24723.0,300,7416900.0,83734470052.5
2025-08-01 12:14:49 PM,24723.1,0,0.0,83734470052.5
2025-08-01 12:14:50 PM,24723.1,1275,31521952.5,83765992005.0
2025-08-01 12:14:51 PM,24720.0,0,0.0,83765992005.0
2025-08-01 12:14:52 PM,24720.0,975,24102000.0,83790094005.0
2025-08-01 12:14:54 PM,24720.0,150,3708000.0,83793802005.0
2025-08-01 12:14:56 PM,24722.0,0,0.0,83793802005.0
2025-08-01 12:14:57 PM,24722.0,300,7416600.0,83801218605.0
2025-08-01 12:14:59 PM,24720.0,0,0.0,83801218605.0
2025-08-01 12:15:00 PM,24715.8,0,0.0,83801218605.0
2025-08-01 12:15:00 PM,24715.8,2100,51903180.0,83853121785.0
2025-08-01 12:15:01 PM,24715.9,0,0.0,83853121785.0
2025-08-01 12:15:02 PM,24715.9,150,3707385.0,83856829170.0
2025-08-01 12:15:02 PM,24716.1,0,0.0,83856829170.0
2025-08-01 12:15:03 PM,24717.6,0,0.0,83856829170.0
2025-08-01 12:15:04 PM,24717.6,375,9269100.0,83866098270.0
2025-08-01 12:15:06 PM,24716.8,0,0.0,83866098270.0
2025-08-01 12:15:07 PM,24720.0,0,0.0,83866098270.0
2025-08-01 12:15:07 PM,24720.0,150,3708000.0,83869806270.0
2025-08-01 12:15:08 PM,24716.5,0,0.0,83869806270.0
2025-08-01 12:15:09 PM,24716.5,75,1853737.5,83871660007.5
2025-08-01 12:15:09 PM,24717.9,0,0.0,83871660007.5
2025-08-01 12:15:10 PM,24717.9,75,1853842.5,83873513850.0
2025-08-01 12:15:11 PM,24719.6,0,0.0,83873513850.0
2025-08-01 12:15:12 PM,24719.6,600,14831760.0,83888345610.0
2025-08-01 12:15:13 PM,24719.7,0,0.0,83888345610.0
2025-08-01 12:15:14 PM,24719.7,75,1853977.5,83890199587.5
2025-08-01 12:15:14 PM,24717.8,0,0.0,83890199587.5
2025-08-01 12:15:15 PM,24717.8,75,1853835.0,83892053422.5
2025-08-01 12:15:15 PM,24717.9,0,0.0,83892053422.5
2025-08-01 12:15:17 PM,24717.9,150,3707685.0,83895761107.5
2025-08-01 12:15:19 PM,24716.0,0,0.0,83895761107.5
2025-08-01 12:15:20 PM,24716.0,75,1853700.0,83897614807.5
2025-08-01 12:15:22 PM,24715.2,0,0.0,83897614807.5
2025-08-01 12:15:22 PM,24715.2,75,1853640.0,83899468447.5
2025-08-01 12:15:22 PM,24720.0,0,0.0,83899468447.5
2025-08-01 12:15:23 PM,24715.2,0,0.0,83899468447.5
2025-08-01 12:15:23 PM,24717.8,375,9269175.0,83908737622.5
2025-08-01 12:15:26 PM,24716.0,0,0.0,83908737622.5
2025-08-01 12:15:27 PM,24716.0,75,1853700.0,83910591322.5
2025-08-01 12:15:27 PM,24716.6,0,0.0,83910591322.5
2025-08-01 12:15:28 PM,24716.9,0,0.0,83910591322.5
2025-08-01 12:15:28 PM,24716.9,1275,31514047.5,83942105370.0
2025-08-01 12:15:32 PM,24719.0,0,0.0,83942105370.0
2025-08-01 12:15:32 PM,24719.0,300,7415700.0,83949521070.0
2025-08-01 12:15:32 PM,24719.1,0,0.0,83949521070.0
2025-08-01 12:15:33 PM,24719.9,0,0.0,83949521070.0
2025-08-01 12:15:33 PM,24719.9,600,14831940.0,83964353010.0
2025-08-01 12:15:34 PM,24719.3,0,0.0,83964353010.0
2025-08-01 12:15:35 PM,24719.3,75,1853947.5,83966206957.5
2025-08-01 12:15:36 PM,24719.8,0,0.0,83966206957.5
2025-08-01 12:15:36 PM,24719.8,75,1853985.0,83968060942.5
2025-08-01 12:15:38 PM,24719.0,0,0.0,83968060942.5
2025-08-01 12:15:38 PM,24720.0,0,0.0,83968060942.5
2025-08-01 12:15:38 PM,24721.5,975,24103462.5,83992164405.0
2025-08-01 12:15:39 PM,24720.5,0,0.0,83992164405.0
2025-08-01 12:15:40 PM,24722.0,375,9270750.0,84001435155.0
2025-08-01 12:15:50 PM,24723.0,0,0.0,84001435155.0
2025-08-01 12:15:50 PM,24723.0,525,12979575.0,84014414730.0
2025-08-01 12:15:51 PM,24722.5,0,0.0,84014414730.0
2025-08-01 12:15:52 PM,24722.5,750,18541875.0,84032956605.0
2025-08-01 12:15:52 PM,24723.9,0,0.0,84032956605.0
2025-08-01 12:15:53 PM,24723.7,300,7417110.0,84040373715.0
2025-08-01 12:15:53 PM,24723.9,75,1854292.5,84042228007.5
2025-08-01 12:15:55 PM,24723.9,150,3708585.0,84045936592.5
2025-08-01 12:15:55 PM,24724.4,75,1854330.0,84047790922.5
2025-08-01 12:15:57 PM,24723.9,0,0.0,84047790922.5
2025-08-01 12:15:58 PM,24723.9,75,1854292.5,84049645215.0
2025-08-01 12:16:00 PM,24724.4,75,1854330.0,84051499545.0
2025-08-01 12:16:01 PM,24724.0,0,0.0,84051499545.0
2025-08-01 12:16:01 PM,24723.7,0,0.0,84051499545.0
2025-08-01 12:16:01 PM,24723.7,150,3708555.0,84055208100.0
2025-08-01 12:16:03 PM,24724.4,300,7417320.0,84062625420.0
2025-08-01 12:16:05 PM,24722.0,0,0.0,84062625420.0
2025-08-01 12:16:05 PM,24722.0,150,3708300.0,84066333720.0
2025-08-01 12:16:07 PM,24722.3,0,0.0,84066333720.0
2025-08-01 12:16:08 PM,24724.4,300,7417320.0,84073751040.0
2025-08-01 12:16:10 PM,24724.8,0,0.0,84073751040.0
2025-08-01 12:16:11 PM,24724.8,75,1854360.0,84075605400.0
2025-08-01 12:16:13 PM,24723.0,0,0.0,84075605400.0
2025-08-01 12:16:13 PM,24723.0,75,1854225.0,84077459625.0
2025-08-01 12:16:14 PM,24725.9,0,0.0,84077459625.0
2025-08-01 12:16:15 PM,24725.9,375,9272212.5,84086731837.5
2025-08-01 12:16:15 PM,24724.4,0,0.0,84086731837.5
2025-08-01 12:16:16 PM,24724.4,75,1854330.0,84088586167.5
2025-08-01 12:16:21 PM,24724.4,75,1854330.0,84090440497.5
2025-08-01 12:16:22 PM,24723.0,0,0.0,84090440497.5
2025-08-01 12:16:23 PM,24723.0,225,5562675.0,84096003172.5
2025-08-01 12:16:23 PM,24724.8,0,0.0,84096003172.5
2025-08-01 12:16:24 PM,24721.0,0,0.0,84096003172.5
2025-08-01 12:16:25 PM,24721.0,150,3708150.0,84099711322.5
2025-08-01 12:16:26 PM,24722.2,0,0.0,84099711322.5
2025-08-01 12:16:26 PM,24722.2,300,7416660.0,84107127982.5
2025-08-01 12:16:28 PM,24724.8,0,0.0,84107127982.5
2025-08-01 12:16:29 PM,24722.9,0,0.0,84107127982.5
2025-08-01 12:16:30 PM,24722.9,375,9271087.5,84116399070.0
2025-08-01 12:16:30 PM,24727.0,0,0.0,84116399070.0
2025-08-01 12:16:31 PM,24727.0,75,1854525.0,84118253595.0
2025-08-01 12:16:33 PM,24724.8,75,1854360.0,84120107955.0
2025-08-01 12:16:33 PM,24722.8,0,0.0,84120107955.0
2025-08-01 12:16:34 PM,24723.2,0,0.0,84120107955.0
2025-08-01 12:16:34 PM,24723.2,150,3708480.0,84123816435.0
2025-08-01 12:16:35 PM,24723.0,0,0.0,84123816435.0
2025-08-01 12:16:36 PM,24723.0,75,1854225.0,84125670660.0
2025-08-01 12:16:37 PM,24724.0,0,0.0,84125670660.0
2025-08-01 12:16:38 PM,24724.0,75,1854300.0,84127524960.0
2025-08-01 12:16:39 PM,24724.8,0,0.0,84127524960.0
2025-08-01 12:16:39 PM,24724.8,75,1854360.0,84129379320.0
2025-08-01 12:16:41 PM,24724.7,0,0.0,84129379320.0
2025-08-01 12:16:41 PM,24724.7,150,3708705.0,84133088025.0
2025-08-01 12:16:42 PM,24724.8,0,0.0,84133088025.0
2025-08-01 12:16:43 PM,24724.8,225,5563080.0,84138651105.0
2025-08-01 12:16:43 PM,24727.0,0,0.0,84138651105.0
2025-08-01 12:16:44 PM,24727.0,75,1854525.0,84140505630.0
2025-08-01 12:16:46 PM,24724.6,150,3708690.0,84144214320.0
2025-08-01 12:16:48 PM,24723.0,0,0.0,84144214320.0
2025-08-01 12:16:49 PM,24723.0,75,1854225.0,84146068545.0
2025-08-01 12:16:50 PM,24725.7,0,0.0,84146068545.0
2025-08-01 12:16:51 PM,24725.7,75,1854427.5,84147922972.5
2025-08-01 12:16:52 PM,24722.0,0,0.0,84147922972.5
2025-08-01 12:16:53 PM,24722.0,150,3708300.0,84151631272.5
2025-08-01 12:16:54 PM,24722.0,225,5562450.0,84157193722.5
2025-08-01 12:17:01 PM,24722.0,75,1854150.0,84159047872.5
2025-08-01 12:17:05 PM,24720.0,0,0.0,84159047872.5
2025-08-01 12:17:06 PM,24720.0,375,9270000.0,84168317872.5
2025-08-01 12:17:06 PM,24722.0,75,1854150.0,84170172022.5
2025-08-01 12:17:08 PM,24720.0,225,5562000.0,84175734022.5
2025-08-01 12:17:09 PM,24720.0,150,3708000.0,84179442022.5
2025-08-01 12:17:10 PM,24722.0,0,0.0,84179442022.5
2025-08-01 12:17:11 PM,24722.0,75,1854150.0,84181296172.5
2025-08-01 12:17:16 PM,24722.0,150,3708300.0,84185004472.5
2025-08-01 12:17:17 PM,24722.0,75,1854150.0,84186858622.5
2025-08-01 12:17:18 PM,24722.0,75,1854150.0,84188712772.5
2025-08-01 12:17:19 PM,24722.0,75,1854150.0,84190566922.5
2025-08-01 12:17:21 PM,24720.0,0,0.0,84190566922.5
2025-08-01 12:17:22 PM,24720.0,375,9270000.0,84199836922.5
2025-08-01 12:17:23 PM,24722.0,0,0.0,84199836922.5
2025-08-01 12:17:24 PM,24722.0,75,1854150.0,84201691072.5
2025-08-01 12:17:24 PM,24720.0,0,0.0,84201691072.5
2025-08-01 12:17:26 PM,24720.0,75,1854000.0,84203545072.5
2025-08-01 12:17:28 PM,24722.0,0,0.0,84203545072.5
2025-08-01 12:17:29 PM,24722.0,150,3708300.0,84207253372.5
2025-08-01 12:17:31 PM,24720.0,0,0.0,84207253372.5
2025-08-01 12:17:32 PM,24720.0,75,1854000.0,84209107372.5
2025-08-01 12:17:33 PM,24721.9,0,0.0,84209107372.5
2025-08-01 12:17:34 PM,24721.9,75,1854142.5,84210961515.0
2025-08-01 12:17:34 PM,24720.0,0,0.0,84210961515.0
2025-08-01 12:17:36 PM,24720.0,150,3708000.0,84214669515.0
2025-08-01 12:17:36 PM,24717.8,0,0.0,84214669515.0
2025-08-01 12:17:37 PM,24717.8,150,3707670.0,84218377185.0
2025-08-01 12:17:39 PM,24721.5,0,0.0,84218377185.0
2025-08-01 12:17:41 PM,24721.5,150,3708225.0,84222085410.0
2025-08-01 12:17:43 PM,24718.3,0,0.0,84222085410.0
2025-08-01 12:17:43 PM,24721.5,0,0.0,84222085410.0
2025-08-01 12:17:44 PM,24721.5,150,3708225.0,84225793635.0
2025-08-01 12:17:46 PM,24720.0,75,1854000.0,84227647635.0
2025-08-01 12:17:47 PM,24718.3,0,0.0,84227647635.0
2025-08-01 12:17:47 PM,24718.3,150,3707745.0,84231355380.0
2025-08-01 12:17:51 PM,24720.0,0,0.0,84231355380.0
2025-08-01 12:17:52 PM,24718.3,225,5561617.5,84236916997.5
2025-08-01 12:17:53 PM,24718.2,0,0.0,84236916997.5
2025-08-01 12:17:54 PM,24718.2,150,3707730.0,84240624727.5
2025-08-01 12:17:55 PM,24720.0,0,0.0,84240624727.5
2025-08-01 12:17:55 PM,24722.0,0,0.0,84240624727.5
2025-08-01 12:17:56 PM,24721.9,375,9270712.5,84249895440.0
2025-08-01 12:17:56 PM,24724.9,0,0.0,84249895440.0
2025-08-01 12:17:57 PM,24724.9,225,5563102.5,84255458542.5
2025-08-01 12:18:01 PM,24719.2,75,1853940.0,84257312482.5
2025-08-01 12:18:06 PM,24722.2,0,0.0,84257312482.5
2025-08-01 12:18:07 PM,24722.2,75,1854165.0,84259166647.5
2025-08-01 12:18:07 PM,24718.0,0,0.0,84259166647.5
2025-08-01 12:18:09 PM,24718.0,75,1853850.0,84261020497.5
2025-08-01 12:18:09 PM,24722.2,0,0.0,84261020497.5
2025-08-01 12:18:10 PM,24722.2,75,1854165.0,84262874662.5
2025-08-01 12:18:11 PM,24718.0,0,0.0,84262874662.5
2025-08-01 12:18:12 PM,24718.0,150,3707700.0,84266582362.5
2025-08-01 12:18:14 PM,24720.0,0,0.0,84266582362.5
2025-08-01 12:18:15 PM,24717.0,0,0.0,84266582362.5
2025-08-01 12:18:15 PM,24717.0,150,3707550.0,84270289912.5
2025-08-01 12:18:18 PM,24719.8,0,0.0,84270289912.5
2025-08-01 12:18:19 PM,24719.8,75,1853985.0,84272143897.5
2025-08-01 12:18:21 PM,24717.0,0,0.0,84272143897.5
2025-08-01 12:18:21 PM,24719.8,0,0.0,84272143897.5
2025-08-01 12:18:22 PM,24719.8,525,12977895.0,84285121792.5
2025-08-01 12:18:23 PM,24716.1,0,0.0,84285121792.5
2025-08-01 12:18:23 PM,24716.1,225,5561122.5,84290682915.0
2025-08-01 12:18:24 PM,24716.6,0,0.0,84290682915.0
2025-08-01 12:18:24 PM,24716.6,75,1853745.0,84292536660.0
2025-08-01 12:18:24 PM,24715.2,0,0.0,84292536660.0
2025-08-01 12:18:25 PM,24719.8,0,0.0,84292536660.0
2025-08-01 12:18:25 PM,24719.8,150,3707970.0,84296244630.0
2025-08-01 12:18:27 PM,24717.0,0,0.0,84296244630.0
2025-08-01 12:18:28 PM,24717.0,225,5561325.0,84301805955.0
2025-08-01 12:18:29 PM,24716.0,0,0.0,84301805955.0
2025-08-01 12:18:30 PM,24716.0,75,1853700.0,84303659655.0
2025-08-01 12:18:34 PM,24715.8,0,0.0,84303659655.0
2025-08-01 12:18:35 PM,24717.0,375,9268875.0,84312928530.0
2025-08-01 12:18:38 PM,24716.8,0,0.0,84312928530.0
2025-08-01 12:18:38 PM,24716.8,1575,38928960.0,84351857490.0
2025-08-01 12:18:40 PM,24717.8,1275,31515195.0,84383372685.0
2025-08-01 12:18:40 PM,24718.1,0,0.0,84383372685.0
2025-08-01 12:18:41 PM,24721.9,0,0.0,84383372685.0
2025-08-01 12:18:42 PM,24721.9,150,3708285.0,84387080970.0
2025-08-01 12:18:43 PM,24721.9,150,3708285.0,84390789255.0
2025-08-01 12:18:46 PM,24715.9,0,0.0,84390789255.0
2025-08-01 12:18:47 PM,24715.9,75,1853692.5,84392642947.5
2025-08-01 12:18:48 PM,24718.1,0,0.0,84392642947.5
2025-08-01 12:18:48 PM,24718.1,150,3707715.0,84396350662.5
2025-08-01 12:18:51 PM,24717.0,0,0.0,84396350662.5
2025-08-01 12:18:52 PM,24717.0,75,1853775.0,84398204437.5
2025-08-01 12:18:53 PM,24716.8,0,0.0,84398204437.5
2025-08-01 12:18:53 PM,24716.8,150,3707520.0,84401911957.5
2025-08-01 12:18:55 PM,24716.1,750,18537075.0,84420449032.5
2025-08-01 12:18:56 PM,24715.1,0,0.0,84420449032.5
2025-08-01 12:18:56 PM,24715.0,0,0.0,84420449032.5
2025-08-01 12:18:56 PM,24715.0,4050,100095750.0,84520544782.5
2025-08-01 12:18:57 PM,24715.0,150,3707250.0,84524252032.5
2025-08-01 12:18:57 PM,24720.0,0,0.0,84524252032.5
2025-08-01 12:18:58 PM,24722.2,1500,37083300.0,84561335332.5
2025-08-01 12:18:59 PM,24721.0,0,0.0,84561335332.5
2025-08-01 12:19:00 PM,24721.0,75,1854075.0,84563189407.5
2025-08-01 12:19:00 PM,24721.2,0,0.0,84563189407.5
2025-08-01 12:19:01 PM,24721.2,75,1854090.0,84565043497.5
2025-08-01 12:19:02 PM,24722.8,0,0.0,84565043497.5
2025-08-01 12:19:02 PM,24722.8,150,3708420.0,84568751917.5
2025-08-01 12:19:03 PM,24720.3,150,3708045.0,84572459962.5
2025-08-01 12:19:03 PM,24720.5,0,0.0,84572459962.5
2025-08-01 12:19:05 PM,24720.5,75,1854037.5,84574314000.0
2025-08-01 12:19:06 PM,24721.5,0,0.0,84574314000.0
2025-08-01 12:19:06 PM,24721.5,75,1854112.5,84576168112.5
2025-08-01 12:19:07 PM,24722.8,0,0.0,84576168112.5
2025-08-01 12:19:08 PM,24720.5,150,3708075.0,84579876187.5
2025-08-01 12:19:10 PM,24720.5,150,3708075.0,84583584262.5
2025-08-01 12:19:10 PM,24720.8,0,0.0,84583584262.5
2025-08-01 12:19:11 PM,24720.8,300,7416240.0,84591000502.5
2025-08-01 12:19:13 PM,24720.0,75,1854000.0,84592854502.5
2025-08-01 12:19:15 PM,24720.0,75,1854000.0,84594708502.5
2025-08-01 12:19:17 PM,24717.2,0,0.0,84594708502.5
2025-08-01 12:19:18 PM,24717.2,300,7415160.0,84602123662.5
2025-08-01 12:19:19 PM,24720.0,0,0.0,84602123662.5
2025-08-01 12:19:19 PM,24720.0,75,1854000.0,84603977662.5
2025-08-01 12:19:21 PM,24719.9,75,1853992.5,84605831655.0
2025-08-01 12:19:23 PM,24717.0,0,0.0,84605831655.0
2025-08-01 12:19:23 PM,24717.0,150,3707550.0,84609539205.0
2025-08-01 12:19:23 PM,24715.0,0,0.0,84609539205.0
2025-08-01 12:19:24 PM,24715.0,1950,48194250.0,84657733455.0
2025-08-01 12:19:26 PM,24716.5,0,0.0,84657733455.0
2025-08-01 12:19:26 PM,24716.5,300,7414950.0,84665148405.0
2025-08-01 12:19:27 PM,24715.0,0,0.0,84665148405.0
2025-08-01 12:19:28 PM,24715.0,75,1853625.0,84667002030.0
2025-08-01 12:19:29 PM,24715.0,375,9268125.0,84676270155.0
2025-08-01 12:19:31 PM,24715.0,300,7414500.0,84683684655.0
2025-08-01 12:19:33 PM,24715.0,75,1853625.0,84685538280.0
2025-08-01 12:19:34 PM,24714.2,0,0.0,84685538280.0
2025-08-01 12:19:34 PM,24714.2,150,3707130.0,84689245410.0
2025-08-01 12:19:37 PM,24716.5,0,0.0,84689245410.0
2025-08-01 12:19:38 PM,24714.0,0,0.0,84689245410.0
2025-08-01 12:19:38 PM,24714.0,225,5560650.0,84694806060.0
2025-08-01 12:19:38 PM,24713.3,0,0.0,84694806060.0
2025-08-01 12:19:38 PM,24713.4,0,0.0,84694806060.0
2025-08-01 12:19:39 PM,24713.9,0,0.0,84694806060.0
2025-08-01 12:19:39 PM,24713.9,3750,92677125.0,84787483185.0
2025-08-01 12:19:42 PM,24714.0,0,0.0,84787483185.0
2025-08-01 12:19:43 PM,24715.0,0,0.0,84787483185.0
2025-08-01 12:19:43 PM,24715.0,225,5560875.0,84793044060.0
2025-08-01 12:19:46 PM,24716.5,0,0.0,84793044060.0
2025-08-01 12:19:46 PM,24716.5,75,1853737.5,84794897797.5
2025-08-01 12:19:47 PM,24715.0,0,0.0,84794897797.5
2025-08-01 12:19:48 PM,24715.0,75,1853625.0,84796751422.5
2025-08-01 12:19:50 PM,24716.5,0,0.0,84796751422.5
2025-08-01 12:19:51 PM,24717.0,0,0.0,84796751422.5
2025-08-01 12:19:51 PM,24717.0,675,16683975.0,84813435397.5
2025-08-01 12:19:53 PM,24717.3,0,0.0,84813435397.5
2025-08-01 12:19:53 PM,24717.3,75,1853797.5,84815289195.0
2025-08-01 12:19:53 PM,24715.0,0,0.0,84815289195.0
2025-08-01 12:19:54 PM,24717.3,375,9268987.5,84824558182.5
2025-08-01 12:19:57 PM,24718.8,0,0.0,84824558182.5
2025-08-01 12:19:58 PM,24719.9,0,0.0,84824558182.5
2025-08-01 12:19:58 PM,24720.0,225,5562000.0,84830120182.5
2025-08-01 12:19:58 PM,24721.9,0,0.0,84830120182.5
2025-08-01 12:19:59 PM,24724.0,1425,35231700.0,84865351882.5
2025-08-01 12:20:01 PM,24725.0,0,0.0,84865351882.5
2025-08-01 12:20:03 PM,24725.0,75,1854375.0,84867206257.5
2025-08-01 12:20:04 PM,24724.4,0,0.0,84867206257.5
2025-08-01 12:20:04 PM,24724.4,300,7417320.0,84874623577.5
2025-08-01 12:20:05 PM,24725.0,0,0.0,84874623577.5
2025-08-01 12:20:06 PM,24725.0,75,1854375.0,84876477952.5
2025-08-01 12:20:07 PM,24724.0,0,0.0,84876477952.5
2025-08-01 12:20:08 PM,24723.5,150,3708525.0,84880186477.5
2025-08-01 12:20:09 PM,24723.3,675,16688227.5,84896874705.0
2025-08-01 12:20:10 PM,24723.1,0,0.0,84896874705.0
2025-08-01 12:20:11 PM,24723.1,75,1854232.5,84898728937.5
2025-08-01 12:20:15 PM,24720.8,0,0.0,84898728937.5
2025-08-01 12:20:15 PM,24725.0,0,0.0,84898728937.5
2025-08-01 12:20:16 PM,24725.0,900,22252500.0,84920981437.5
2025-08-01 12:20:16 PM,24720.7,0,0.0,84920981437.5
2025-08-01 12:20:18 PM,24723.0,0,0.0,84920981437.5
2025-08-01 12:20:18 PM,24723.0,150,3708450.0,84924689887.5
2025-08-01 12:20:18 PM,24725.0,0,0.0,84924689887.5
2025-08-01 12:20:19 PM,24725.0,75,1854375.0,84926544262.5
2025-08-01 12:20:22 PM,24727.4,0,0.0,84926544262.5
2025-08-01 12:20:22 PM,24725.3,0,0.0,84926544262.5
2025-08-01 12:20:23 PM,24725.2,750,18543900.0,84945088162.5
2025-08-01 12:20:23 PM,24725.0,0,0.0,84945088162.5
2025-08-01 12:20:24 PM,24722.6,225,5562585.0,84950650747.5
2025-08-01 12:20:25 PM,24721.0,0,0.0,84950650747.5
2025-08-01 12:20:26 PM,24720.0,225,5562000.0,84956212747.5
2025-08-01 12:20:27 PM,24725.3,0,0.0,84956212747.5
2025-08-01 12:20:28 PM,24725.3,300,7417590.0,84963630337.5
2025-08-01 12:20:29 PM,24720.0,0,0.0,84963630337.5
2025-08-01 12:20:29 PM,24720.0,150,3708000.0,84967338337.5
2025-08-01 12:20:30 PM,24719.2,0,0.0,84967338337.5
2025-08-01 12:20:31 PM,24719.2,225,5561820.0,84972900157.5
2025-08-01 12:20:32 PM,24723.5,0,0.0,84972900157.5
2025-08-01 12:20:33 PM,24723.5,150,3708525.0,84976608682.5
2025-08-01 12:20:38 PM,24718.5,0,0.0,84976608682.5
2025-08-01 12:20:38 PM,24723.5,0,0.0,84976608682.5
2025-08-01 12:20:39 PM,24723.5,225,5562787.5,84982171470.0
2025-08-01 12:20:41 PM,24723.5,150,3708525.0,84985879995.0
2025-08-01 12:20:41 PM,24725.0,0,0.0,84985879995.0
2025-08-01 12:20:42 PM,24725.0,150,3708750.0,84989588745.0
2025-08-01 12:20:44 PM,24727.0,225,5563575.0,84995152320.0
2025-08-01 12:20:47 PM,24727.0,225,5563575.0,85000715895.0
2025-08-01 12:20:48 PM,24729.0,0,0.0,85000715895.0
2025-08-01 12:20:49 PM,24729.0,450,11128050.0,85011843945.0
2025-08-01 12:20:50 PM,24728.9,0,0.0,85011843945.0
2025-08-01 12:20:51 PM,24728.9,150,3709335.0,85015553280.0
2025-08-01 12:20:53 PM,24727.0,0,0.0,85015553280.0
2025-08-01 12:20:53 PM,24728.8,0,0.0,85015553280.0
2025-08-01 12:20:54 PM,24728.8,300,7418640.0,85022971920.0
2025-08-01 12:20:54 PM,24725.2,225,5563170.0,85028535090.0
2025-08-01 12:20:55 PM,24730.0,0,0.0,85028535090.0
2025-08-01 12:20:56 PM,24730.0,75,1854750.0,85030389840.0
2025-08-01 12:20:57 PM,24724.8,0,0.0,85030389840.0
2025-08-01 12:20:57 PM,24724.8,75,1854360.0,85032244200.0
2025-08-01 12:20:57 PM,24723.9,0,0.0,85032244200.0
2025-08-01 12:20:57 PM,24723.6,0,0.0,85032244200.0
2025-08-01 12:20:59 PM,24723.6,2100,51919560.0,85084163760.0
2025-08-01 12:20:59 PM,24725.0,0,0.0,85084163760.0
2025-08-01 12:21:00 PM,24725.0,75,1854375.0,85086018135.0
2025-08-01 12:21:07 PM,24726.0,0,0.0,85086018135.0
2025-08-01 12:21:08 PM,24725.0,0,0.0,85086018135.0
2025-08-01 12:21:09 PM,24725.0,975,24106875.0,85110125010.0
2025-08-01 12:21:10 PM,24724.0,0,0.0,85110125010.0
2025-08-01 12:21:10 PM,24724.0,75,1854300.0,85111979310.0
2025-08-01 12:21:12 PM,24725.5,0,0.0,85111979310.0
2025-08-01 12:21:13 PM,24725.5,150,3708825.0,85115688135.0
2025-08-01 12:21:17 PM,24725.5,75,1854412.5,85117542547.5
2025-08-01 12:21:18 PM,24725.5,150,3708825.0,85121251372.5
2025-08-01 12:21:21 PM,24725.0,0,0.0,85121251372.5
2025-08-01 12:21:22 PM,24725.0,150,3708750.0,85124960122.5
2025-08-01 12:21:23 PM,24724.0,0,0.0,85124960122.5
2025-08-01 12:21:23 PM,24724.0,75,1854300.0,85126814422.5
2025-08-01 12:21:24 PM,24726.9,0,0.0,85126814422.5
2025-08-01 12:21:25 PM,24726.9,225,5563552.5,85132377975.0
2025-08-01 12:21:28 PM,24726.9,525,12981622.5,85145359597.5
2025-08-01 12:21:32 PM,24726.8,0,0.0,85145359597.5
2025-08-01 12:21:32 PM,24726.8,150,3709020.0,85149068617.5
2025-08-01 12:21:34 PM,24725.5,0,0.0,85149068617.5
2025-08-01 12:21:35 PM,24726.9,675,16690657.500000002,85165759275.0
2025-08-01 12:21:36 PM,24726.6,0,0.0,85165759275.0
2025-08-01 12:21:37 PM,24726.6,150,3708990.0,85169468265.0
2025-08-01 12:21:37 PM,24729.2,900,22256280.0,85191724545.0
2025-08-01 12:21:40 PM,24730.0,0,0.0,85191724545.0
2025-08-01 12:21:40 PM,24730.0,75,1854750.0,85193579295.0
2025-08-01 12:21:41 PM,24726.9,0,0.0,85193579295.0
2025-08-01 12:21:42 PM,24726.9,75,1854517.5,85195433812.5
2025-08-01 12:21:43 PM,24730.0,0,0.0,85195433812.5
2025-08-01 12:21:43 PM,24730.0,75,1854750.0,85197288562.5
2025-08-01 12:21:52 PM,24726.9,0,0.0,85197288562.5
2025-08-01 12:21:52 PM,24726.9,75,1854517.5,85199143080.0
2025-08-01 12:21:53 PM,24726.9,75,1854517.5,85200997597.5
2025-08-01 12:21:55 PM,24726.9,75,1854517.5,85202852115.0
2025-08-01 12:21:55 PM,24726.9,75,1854517.5,85204706632.5
2025-08-01 12:21:55 PM,24730.0,0,0.0,85204706632.5
2025-08-01 12:21:56 PM,24733.0,0,0.0,85204706632.5
2025-08-01 12:21:57 PM,24733.0,1425,35244525.0,85239951157.5
2025-08-01 12:21:59 PM,24728.4,0,0.0,85239951157.5
2025-08-01 12:21:59 PM,24733.6,0,0.0,85239951157.5
2025-08-01 12:22:00 PM,24733.6,2025,50085540.0,85290036697.5
2025-08-01 12:22:01 PM,24733.3,0,0.0,85290036697.5
2025-08-01 12:22:01 PM,24733.0,0,0.0,85290036697.5
2025-08-01 12:22:02 PM,24733.0,225,5564925.0,85295601622.5
2025-08-01 12:22:04 PM,24733.5,0,0.0,85295601622.5
2025-08-01 12:22:05 PM,24733.5,225,5565037.5,85301166660.0
2025-08-01 12:22:07 PM,24731.3,150,3709695.0,85304876355.0
2025-08-01 12:22:09 PM,24734.5,0,0.0,85304876355.0
2025-08-01 12:22:09 PM,24735.0,0,0.0,85304876355.0
2025-08-01 12:22:10 PM,24735.0,825,20406375.0,85325282730.0
2025-08-01 12:22:11 PM,24739.0,0,0.0,85325282730.0
2025-08-01 12:22:12 PM,24741.0,3375,83500875.0,85408783605.0
2025-08-01 12:22:13 PM,24740.6,150,3711090.0,85412494695.0
2025-08-01 12:22:14 PM,24740.0,0,0.0,85412494695.0
2025-08-01 12:22:15 PM,24740.0,150,3711000.0,85416205695.0
2025-08-01 12:22:18 PM,24734.6,0,0.0,85416205695.0
2025-08-01 12:22:18 PM,24734.6,75,1855095.0,85418060790.0
2025-08-01 12:22:19 PM,24741.8,0,0.0,85418060790.0
2025-08-01 12:22:19 PM,24740.0,0,0.0,85418060790.0
2025-08-01 12:22:20 PM,24740.0,825,20410500.0,85438471290.0
2025-08-01 12:22:21 PM,24739.0,0,0.0,85438471290.0
2025-08-01 12:22:22 PM,24739.0,150,3710850.0,85442182140.0
2025-08-01 12:22:23 PM,24739.0,75,1855425.0,85444037565.0
2025-08-01 12:22:24 PM,24735.1,0,0.0,85444037565.0
2025-08-01 12:22:24 PM,24738.2,0,0.0,85444037565.0
2025-08-01 12:22:25 PM,24738.3,225,5566117.5,85449603682.5
2025-08-01 12:22:25 PM,24738.0,0,0.0,85449603682.5
2025-08-01 12:22:26 PM,24740.9,0,0.0,85449603682.5
2025-08-01 12:22:27 PM,24740.4,4200,103909680.0,85553513362.5
2025-08-01 12:22:29 PM,24739.4,0,0.0,85553513362.5
2025-08-01 12:22:30 PM,24739.4,525,12988185.0,85566501547.5
2025-08-01 12:22:30 PM,24738.0,0,0.0,85566501547.5
2025-08-01 12:22:32 PM,24738.0,375,9276750.0,85575778297.5
2025-08-01 12:22:33 PM,24738.0,75,1855350.0,85577633647.5
2025-08-01 12:22:34 PM,24739.9,0,0.0,85577633647.5
2025-08-01 12:22:35 PM,24739.9,1500,37109850.0,85614743497.5
2025-08-01 12:22:35 PM,24739.6,0,0.0,85614743497.5
2025-08-01 12:22:36 PM,24738.6,0,0.0,85614743497.5
2025-08-01 12:22:37 PM,24738.6,1275,31541715.0,85646285212.5
2025-08-01 12:22:37 PM,24739.4,0,0.0,85646285212.5
2025-08-01 12:22:38 PM,24739.4,75,1855455.0,85648140667.5
2025-08-01 12:22:42 PM,24739.9,0,0.0,85648140667.5
2025-08-01 12:22:42 PM,24738.8,225,5566230.0,85653706897.5
2025-08-01 12:22:42 PM,24738.7,0,0.0,85653706897.5
2025-08-01 12:22:43 PM,24738.7,75,1855402.5,85655562300.0
2025-08-01 12:22:46 PM,24740.0,0,0.0,85655562300.0
2025-08-01 12:22:47 PM,24740.0,150,3711000.0,85659273300.0
2025-08-01 12:22:47 PM,24738.7,0,0.0,85659273300.0
2025-08-01 12:22:48 PM,24740.0,0,0.0,85659273300.0
2025-08-01 12:22:48 PM,24740.0,375,9277500.0,85668550800.0
2025-08-01 12:22:49 PM,24738.7,0,0.0,85668550800.0
2025-08-01 12:22:49 PM,24740.0,0,0.0,85668550800.0
2025-08-01 12:22:50 PM,24738.8,225,5566230.0,85674117030.0
2025-08-01 12:22:56 PM,24740.0,0,0.0,85674117030.0
2025-08-01 12:22:57 PM,24740.0,75,1855500.0,85675972530.0
2025-08-01 12:22:59 PM,24738.7,0,0.0,85675972530.0
2025-08-01 12:23:00 PM,24735.5,1350,33392925.0,85709365455.0
2025-08-01 12:23:01 PM,24736.9,0,0.0,85709365455.0
2025-08-01 12:23:02 PM,24736.9,75,1855267.5,85711220722.5
2025-08-01 12:23:06 PM,24733.5,0,0.0,85711220722.5
2025-08-01 12:23:07 PM,24733.9,600,14840340.0,85726061062.5
2025-08-01 12:23:08 PM,24735.0,150,3710250.0,85729771312.5
2025-08-01 12:23:12 PM,24735.0,75,1855125.0,85731626437.5
2025-08-01 12:23:13 PM,24733.0,0,0.0,85731626437.5
2025-08-01 12:23:13 PM,24733.0,150,3709950.0,85735336387.5
2025-08-01 12:23:17 PM,24734.9,75,1855117.5,85737191505.0
2025-08-01 12:23:21 PM,24734.9,150,3710235.0,85740901740.0
2025-08-01 12:23:23 PM,24735.9,0,0.0,85740901740.0
2025-08-01 12:23:23 PM,24733.0,0,0.0,85740901740.0
2025-08-01 12:23:25 PM,24733.0,1050,25969650.0,85766871390.0
2025-08-01 12:23:32 PM,24734.9,0,0.0,85766871390.0
2025-08-01 12:23:33 PM,24734.9,75,1855117.5,85768726507.5
2025-08-01 12:23:33 PM,24733.0,0,0.0,85768726507.5
2025-08-01 12:23:35 PM,24733.0,75,1854975.0,85770581482.5
2025-08-01 12:23:38 PM,24735.0,0,0.0,85770581482.5
2025-08-01 12:23:38 PM,24735.0,300,7420500.0,85778001982.5
2025-08-01 12:23:39 PM,24735.9,0,0.0,85778001982.5
2025-08-01 12:23:40 PM,24735.9,150,3710385.0,85781712367.5
2025-08-01 12:23:43 PM,24735.9,75,1855192.5,85783567560.0
2025-08-01 12:23:46 PM,24735.1,0,0.0,85783567560.0
2025-08-01 12:23:46 PM,24735.9,450,11131155.0,85794698715.0
2025-08-01 12:23:47 PM,24740.0,0,0.0,85794698715.0
2025-08-01 12:23:48 PM,24740.5,0,0.0,85794698715.0
2025-08-01 12:23:48 PM,24740.5,675,16699837.5,85811398552.5
2025-08-01 12:23:52 PM,24740.0,0,0.0,85811398552.5
2025-08-01 12:23:53 PM,24740.0,150,3711000.0,85815109552.5
2025-08-01 12:23:55 PM,24741.8,0,0.0,85815109552.5
2025-08-01 12:23:56 PM,24741.8,75,1855635.0,85816965187.5
2025-08-01 12:23:57 PM,24740.0,0,0.0,85816965187.5
2025-08-01 12:23:58 PM,24740.0,75,1855500.0,85818820687.5
2025-08-01 12:24:00 PM,24741.8,0,0.0,85818820687.5
2025-08-01 12:24:00 PM,24740.7,0,0.0,85818820687.5
2025-08-01 12:24:01 PM,24739.6,1725,42675810.0,85861496497.5
2025-08-01 12:24:02 PM,24740.9,0,0.0,85861496497.5
2025-08-01 12:24:03 PM,24742.0,300,7422600.0,85868919097.5
2025-08-01 12:24:06 PM,24744.0,0,0.0,85868919097.5
2025-08-01 12:24:06 PM,24744.0,225,5567400.0,85874486497.5
2025-08-01 12:24:08 PM,24740.4,0,0.0,85874486497.5
2025-08-01 12:24:08 PM,24740.4,975,24121890.0,85898608387.5
2025-08-01 12:24:08 PM,24744.9,75,1855867.5,85900464255.0
2025-08-01 12:24:11 PM,24745.0,450,11135250.0,85911599505.0
2025-08-01 12:24:11 PM,24745.0,75,1855875.0,85913455380.0
2025-08-01 12:24:11 PM,24744.0,0,0.0,85913455380.0
2025-08-01 12:24:12 PM,24742.9,0,0.0,85913455380.0
2025-08-01 12:24:13 PM,24743.2,525,12990180.0,85926445560.0
2025-08-01 12:24:15 PM,24744.9,0,0.0,85926445560.0
2025-08-01 12:24:16 PM,24744.9,225,5567602.5,85932013162.5
2025-08-01 12:24:17 PM,24745.0,0,0.0,85932013162.5
2025-08-01 12:24:18 PM,24745.0,75,1855875.0,85933869037.5
2025-08-01 12:24:20 PM,24745.0,75,1855875.0,85935724912.5
2025-08-01 12:24:23 PM,24744.9,0,0.0,85935724912.5
2025-08-01 12:24:25 PM,24742.6,0,0.0,85935724912.5
2025-08-01 12:24:25 PM,24742.6,225,5567085.0,85941291997.5
2025-08-01 12:24:26 PM,24744.9,0,0.0,85941291997.5
2025-08-01 12:24:26 PM,24744.9,150,3711735.0,85945003732.5
2025-08-01 12:24:28 PM,24745.0,0,0.0,85945003732.5
2025-08-01 12:24:28 PM,24745.0,75,1855875.0,85946859607.5
2025-08-01 12:24:29 PM,24743.0,0,0.0,85946859607.5
2025-08-01 12:24:30 PM,24743.0,75,1855725.0,85948715332.5
2025-08-01 12:24:31 PM,24743.0,75,1855725.0,85950571057.5
2025-08-01 12:24:32 PM,24745.0,0,0.0,85950571057.5
2025-08-01 12:24:33 PM,24745.0,1275,31549875.0,85982120932.5
2025-08-01 12:24:33 PM,24745.0,75,1855875.0,85983976807.5
2025-08-01 12:24:35 PM,24745.0,150,3711750.0,85987688557.5
2025-08-01 12:24:37 PM,24744.8,0,0.0,85987688557.5
2025-08-01 12:24:38 PM,24744.8,75,1855860.0,85989544417.5
2025-08-01 12:24:38 PM,24743.0,75,1855725.0,85991400142.5
2025-08-01 12:24:39 PM,24744.8,0,0.0,85991400142.5
2025-08-01 12:24:39 PM,24743.0,0,0.0,85991400142.5
2025-08-01 12:24:40 PM,24743.0,150,3711450.0,85995111592.5
2025-08-01 12:24:41 PM,24744.8,0,0.0,85995111592.5
2025-08-01 12:24:41 PM,24744.8,300,7423440.0,86002535032.5
2025-08-01 12:24:42 PM,24745.0,0,0.0,86002535032.5
2025-08-01 12:24:43 PM,24745.0,75,1855875.0,86004390907.5
2025-08-01 12:24:45 PM,24745.0,75,1855875.0,86006246782.5
2025-08-01 12:24:45 PM,24742.5,0,0.0,86006246782.5
2025-08-01 12:24:46 PM,24742.5,75,1855687.5,86008102470.0
2025-08-01 12:24:47 PM,24745.0,0,0.0,86008102470.0
2025-08-01 12:24:48 PM,24742.5,0,0.0,86008102470.0
2025-08-01 12:24:48 PM,24742.5,375,9278437.5,86017380907.5
2025-08-01 12:24:50 PM,24743.8,0,0.0,86017380907.5
2025-08-01 12:24:51 PM,24744.9,0,0.0,86017380907.5
2025-08-01 12:24:51 PM,24744.9,150,3711735.0,86021092642.5
2025-08-01 12:24:53 PM,24745.0,0,0.0,86021092642.5
2025-08-01 12:24:53 PM,24746.0,300,7423800.0,86028516442.5
2025-08-01 12:24:55 PM,24744.8,75,1855860.0,86030372302.5
2025-08-01 12:24:56 PM,24744.0,0,0.0,86030372302.5
2025-08-01 12:24:56 PM,24744.0,75,1855800.0,86032228102.5
2025-08-01 12:24:57 PM,24744.9,0,0.0,86032228102.5
2025-08-01 12:24:58 PM,24744.9,75,1855867.5,86034083970.0
2025-08-01 12:24:59 PM,24746.8,0,0.0,86034083970.0
2025-08-01 12:25:00 PM,24746.8,1050,25984140.0,86060068110.0
2025-08-01 12:25:00 PM,24746.9,0,0.0,86060068110.0
2025-08-01 12:25:01 PM,24741.3,0,0.0,86060068110.0
2025-08-01 12:25:01 PM,24741.3,825,20411572.5,86080479682.5
2025-08-01 12:25:02 PM,24746.7,0,0.0,86080479682.5
2025-08-01 12:25:03 PM,24746.7,75,1856002.5,86082335685.0
2025-08-01 12:25:04 PM,24744.9,0,0.0,86082335685.0
2025-08-01 12:25:05 PM,24745.0,0,0.0,86082335685.0
2025-08-01 12:25:05 PM,24745.0,300,7423500.0,86089759185.0
2025-08-01 12:25:06 PM,24744.2,0,0.0,86089759185.0
2025-08-01 12:25:06 PM,24744.2,75,1855815.0,86091615000.0
2025-08-01 12:25:07 PM,24741.0,0,0.0,86091615000.0
2025-08-01 12:25:08 PM,24741.0,75,1855575.0,86093470575.0
2025-08-01 12:25:11 PM,24741.0,75,1855575.0,86095326150.0
2025-08-01 12:25:12 PM,24744.0,0,0.0,86095326150.0
2025-08-01 12:25:13 PM,24744.0,150,3711600.0,86099037750.0
2025-08-01 12:25:15 PM,24744.0,75,1855800.0,86100893550.0
2025-08-01 12:25:17 PM,24743.9,0,0.0,86100893550.0
2025-08-01 12:25:18 PM,24743.9,75,1855792.5,86102749342.5
2025-08-01 12:25:24 PM,24740.0,0,0.0,86102749342.5
2025-08-01 12:25:25 PM,24740.0,525,12988500.0,86115737842.5
2025-08-01 12:25:25 PM,24741.6,0,0.0,86115737842.5
2025-08-01 12:25:26 PM,24740.0,0,0.0,86115737842.5
2025-08-01 12:25:26 PM,24740.0,1125,27832500.0,86143570342.5
2025-08-01 12:25:30 PM,24734.7,0,0.0,86143570342.5
2025-08-01 12:25:31 PM,24734.7,525,12985717.5,86156556060.0
2025-08-01 12:25:33 PM,24742.2,0,0.0,86156556060.0
2025-08-01 12:25:34 PM,24735.2,0,0.0,86156556060.0
2025-08-01 12:25:35 PM,24735.2,3150,77915880.0,86234471940.0
2025-08-01 12:25:36 PM,24735.0,0,0.0,86234471940.0
2025-08-01 12:25:36 PM,24735.0,225,5565375.0,86240037315.0
2025-08-01 12:25:38 PM,24738.9,0,0.0,86240037315.0
2025-08-01 12:25:38 PM,24738.9,75,1855417.5,86241892732.5
2025-08-01 12:25:43 PM,24738.9,150,3710835.0,86245603567.5
2025-08-01 12:25:50 PM,24741.0,0,0.0,86245603567.5
2025-08-01 12:25:51 PM,24744.0,0,0.0,86245603567.5
2025-08-01 12:25:51 PM,24744.0,300,7423200.0,86253026767.5
2025-08-01 12:25:53 PM,24744.7,0,0.0,86253026767.5
2025-08-01 12:25:54 PM,24744.0,0,0.0,86253026767.5
2025-08-01 12:25:55 PM,24744.0,225,5567400.0,86258594167.5
2025-08-01 12:25:55 PM,24745.9,0,0.0,86258594167.5
2025-08-01 12:25:56 PM,24745.9,975,24127252.5,86282721420.0
2025-08-01 12:26:02 PM,24744.8,0,0.0,86282721420.0
2025-08-01 12:26:03 PM,24744.8,75,1855860.0,86284577280.0
2025-08-01 12:26:03 PM,24741.7,0,0.0,86284577280.0
2025-08-01 12:26:05 PM,24741.7,75,1855627.5,86286432907.5
2025-08-01 12:26:06 PM,24744.7,0,0.0,86286432907.5
2025-08-01 12:26:06 PM,24744.7,75,1855852.5,86288288760.0
2025-08-01 12:26:10 PM,24744.7,75,1855852.5,86290144612.5
2025-08-01 12:26:11 PM,24740.5,0,0.0,86290144612.5
2025-08-01 12:26:13 PM,24740.5,150,3711075.0,86293855687.5
2025-08-01 12:26:20 PM,24742.4,0,0.0,86293855687.5
2025-08-01 12:26:21 PM,24740.5,0,0.0,86293855687.5
2025-08-01 12:26:21 PM,24740.5,300,7422150.0,86301277837.5
2025-08-01 12:26:24 PM,24740.0,0,0.0,86301277837.5
2025-08-01 12:26:24 PM,24740.0,75,1855500.0,86303133337.5
2025-08-01 12:26:25 PM,24742.0,0,0.0,86303133337.5
2025-08-01 12:26:26 PM,24742.0,4050,100205100.0,86403338437.5
2025-08-01 12:26:29 PM,24742.6,0,0.0,86403338437.5
2025-08-01 12:26:29 PM,24742.6,75,1855695.0,86405194132.5
2025-08-01 12:26:29 PM,24742.0,75,1855650.0,86407049782.5
2025-08-01 12:26:34 PM,24743.0,0,0.0,86407049782.5
2025-08-01 12:26:34 PM,24743.0,750,18557250.0,86425607032.5
2025-08-01 12:26:34 PM,24743.9,75,1855792.5,86427462825.0
2025-08-01 12:26:36 PM,24743.7,0,0.0,86427462825.0
2025-08-01 12:26:36 PM,24743.7,75,1855777.5,86429318602.5
2025-08-01 12:26:36 PM,24744.0,750,18558000.0,86447876602.5
2025-08-01 12:26:37 PM,24742.0,0,0.0,86447876602.5
2025-08-01 12:26:37 PM,24742.0,4275,105772050.0,86553648652.5
2025-08-01 12:26:40 PM,24742.8,0,0.0,86553648652.5
2025-08-01 12:26:41 PM,24742.8,75,1855710.0,86555504362.5
2025-08-01 12:26:42 PM,24742.7,0,0.0,86555504362.5
2025-08-01 12:26:42 PM,24743.0,975,24124425.0,86579628787.5
2025-08-01 12:26:45 PM,24742.7,0,0.0,86579628787.5
2025-08-01 12:26:46 PM,24742.7,75,1855702.5,86581484490.0
2025-08-01 12:26:46 PM,24742.9,225,5567152.5,86587051642.5
2025-08-01 12:26:46 PM,24743.0,0,0.0,86587051642.5
2025-08-01 12:26:47 PM,24742.0,0,0.0,86587051642.5
2025-08-01 12:26:47 PM,24738.0,1350,33396300.0,86620447942.5
2025-08-01 12:26:50 PM,24736.0,0,0.0,86620447942.5
2025-08-01 12:26:51 PM,24736.0,75,1855200.0,86622303142.5
2025-08-01 12:26:52 PM,24742.4,0,0.0,86622303142.5
2025-08-01 12:26:52 PM,24742.4,1800,44536320.0,86666839462.5
2025-08-01 12:26:52 PM,24736.3,75,1855222.5,86668694685.0
2025-08-01 12:27:00 PM,24739.7,0,0.0,86668694685.0
2025-08-01 12:27:01 PM,24739.6,300,7421880.0,86676116565.0
2025-08-01 12:27:02 PM,24735.6,0,0.0,86676116565.0
2025-08-01 12:27:02 PM,24735.6,75,1855170.0,86677971735.0
2025-08-01 12:27:06 PM,24735.0,0,0.0,86677971735.0
2025-08-01 12:27:07 PM,24735.0,75,1855125.0,86679826860.0
2025-08-01 12:27:08 PM,24737.0,0,0.0,86679826860.0
2025-08-01 12:27:09 PM,24736.4,0,0.0,86679826860.0
2025-08-01 12:27:09 PM,24736.4,150,3710460.0,86683537320.0
2025-08-01 12:27:11 PM,24736.4,75,1855230.0,86685392550.0
2025-08-01 12:27:12 PM,24734.0,0,0.0,86685392550.0
2025-08-01 12:27:13 PM,24733.9,0,0.0,86685392550.0
2025-08-01 12:27:14 PM,24733.2,975,24114870.0,86709507420.0
2025-08-01 12:27:17 PM,24733.9,0,0.0,86709507420.0
2025-08-01 12:27:19 PM,24733.9,75,1855042.5,86711362462.5
2025-08-01 12:27:20 PM,24733.9,75,1855042.5,86713217505.0
2025-08-01 12:27:22 PM,24733.9,150,3710085.0,86716927590.0
2025-08-01 12:27:22 PM,24733.9,150,3710085.0,86720637675.0
2025-08-01 12:27:23 PM,24735.0,0,0.0,86720637675.0
2025-08-01 12:27:24 PM,24735.0,75,1855125.0,86722492800.0
2025-08-01 12:27:27 PM,24735.0,75,1855125.0,86724347925.0
2025-08-01 12:27:30 PM,24735.0,75,1855125.0,86726203050.0
2025-08-01 12:27:35 PM,24735.0,75,1855125.0,86728058175.0
2025-08-01 12:27:39 PM,24735.0,75,1855125.0,86729913300.0
2025-08-01 12:27:40 PM,24735.0,75,1855125.0,86731768425.0
2025-08-01 12:27:47 PM,24735.0,75,1855125.0,86733623550.0
2025-08-01 12:27:53 PM,24734.0,0,0.0,86733623550.0
2025-08-01 12:27:53 PM,24734.0,75,1855050.0,86735478600.0
2025-08-01 12:27:57 PM,24735.0,0,0.0,86735478600.0
2025-08-01 12:27:57 PM,24735.0,225,5565375.0,86741043975.0
2025-08-01 12:28:00 PM,24737.0,0,0.0,86741043975.0
2025-08-01 12:28:00 PM,24737.0,75,1855275.0,86742899250.0
2025-08-01 12:28:00 PM,24734.2,75,1855065.0,86744754315.0
2025-08-01 12:28:01 PM,24734.1,0,0.0,86744754315.0
2025-08-01 12:28:02 PM,24734.1,150,3710115.0,86748464430.0
2025-08-01 12:28:07 PM,24735.9,0,0.0,86748464430.0
2025-08-01 12:28:07 PM,24735.9,75,1855192.5,86750319622.5
2025-08-01 12:28:09 PM,24735.0,0,0.0,86750319622.5
2025-08-01 12:28:10 PM,24735.0,75,1855125.0,86752174747.5
2025-08-01 12:28:11 PM,24735.9,0,0.0,86752174747.5
2025-08-01 12:28:12 PM,24735.9,75,1855192.5,86754029940.0
2025-08-01 12:28:13 PM,24735.9,75,1855192.5,86755885132.5
2025-08-01 12:28:15 PM,24735.7,0,0.0,86755885132.5
2025-08-01 12:28:16 PM,24735.9,0,0.0,86755885132.5
2025-08-01 12:28:17 PM,24735.9,1050,25972695.0,86781857827.5
2025-08-01 12:28:20 PM,24733.5,150,3710025.0,86785567852.5
2025-08-01 12:28:25 PM,24733.5,75,1855012.5,86787422865.0
2025-08-01 12:28:29 PM,24735.0,0,0.0,86787422865.0
2025-08-01 12:28:30 PM,24735.0,75,1855125.0,86789277990.0
2025-08-01 12:28:33 PM,24733.5,0,0.0,86789277990.0
2025-08-01 12:28:33 PM,24733.5,75,1855012.5,86791133002.5
2025-08-01 12:28:34 PM,24735.6,0,0.0,86791133002.5
2025-08-01 12:28:35 PM,24735.6,75,1855170.0,86792988172.5
2025-08-01 12:28:35 PM,24733.0,0,0.0,86792988172.5
2025-08-01 12:28:36 PM,24733.0,75,1854975.0,86794843147.5
2025-08-01 12:28:41 PM,24733.2,0,0.0,86794843147.5
2025-08-01 12:28:41 PM,24733.2,75,1854990.0,86796698137.5
2025-08-01 12:28:51 PM,24733.0,600,14839800.0,86811537937.5
2025-08-01 12:28:52 PM,24733.0,150,3709950.0,86815247887.5
2025-08-01 12:28:55 PM,24731.4,0,0.0,86815247887.5
2025-08-01 12:28:56 PM,24731.4,150,3709710.0,86818957597.5
2025-08-01 12:28:59 PM,24733.0,0,0.0,86818957597.5
2025-08-01 12:29:01 PM,24733.0,150,3709950.0,86822667547.5
2025-08-01 12:29:02 PM,24732.0,75,1854900.0,86824522447.5
2025-08-01 12:29:05 PM,24731.0,0,0.0,86824522447.5
2025-08-01 12:29:05 PM,24731.0,150,3709650.0,86828232097.5
2025-08-01 12:29:07 PM,24732.6,0,0.0,86828232097.5
2025-08-01 12:29:07 PM,24732.6,75,1854945.0,86830087042.5
2025-08-01 12:29:09 PM,24732.5,0,0.0,86830087042.5
2025-08-01 12:29:10 PM,24732.5,225,5564812.5,86835651855.0
2025-08-01 12:29:15 PM,24732.0,75,1854900.0,86837506755.0
2025-08-01 12:29:17 PM,24732.0,375,9274500.0,86846781255.0
2025-08-01 12:29:18 PM,24731.1,375,9274162.5,86856055417.5
2025-08-01 12:29:23 PM,24731.9,0,0.0,86856055417.5
2025-08-01 12:29:23 PM,24731.9,75,1854892.5,86857910310.0
2025-08-01 12:29:24 PM,24731.8,0,0.0,86857910310.0
2025-08-01 12:29:25 PM,24731.9,0,0.0,86857910310.0
2025-08-01 12:29:25 PM,24731.9,525,12984247.5,86870894557.5
2025-08-01 12:29:27 PM,24731.3,0,0.0,86870894557.5
2025-08-01 12:29:28 PM,24731.7,0,0.0,86870894557.5
2025-08-01 12:29:28 PM,24731.7,300,7419510.0,86878314067.5
2025-08-01 12:29:29 PM,24731.2,0,0.0,86878314067.5
2025-08-01 12:29:30 PM,24731.7,0,0.0,86878314067.5
2025-08-01 12:29:30 PM,24731.7,225,5564632.5,86883878700.0
2025-08-01 12:29:35 PM,24730.1,0,0.0,86883878700.0
2025-08-01 12:29:35 PM,24730.1,75,1854757.5,86885733457.5
2025-08-01 12:29:36 PM,24731.7,0,0.0,86885733457.5
2025-08-01 12:29:37 PM,24731.7,75,1854877.5,86887588335.0
2025-08-01 12:29:38 PM,24731.7,75,1854877.5,86889443212.5
2025-08-01 12:29:47 PM,24731.7,75,1854877.5,86891298090.0
2025-08-01 12:29:49 PM,24730.2,0,0.0,86891298090.0
2025-08-01 12:29:50 PM,24730.2,75,1854765.0,86893152855.0
2025-08-01 12:29:50 PM,24731.6,0,0.0,86893152855.0
2025-08-01 12:29:51 PM,24731.6,375,9274350.0,86902427205.0
2025-08-01 12:29:53 PM,24731.6,225,5564610.0,86907991815.0
2025-08-01 12:29:56 PM,24731.6,150,3709740.0,86911701555.0
2025-08-01 12:29:58 PM,24730.2,0,0.0,86911701555.0
2025-08-01 12:30:00 PM,24730.2,75,1854765.0,86913556320.0
2025-08-01 12:30:01 PM,24730.2,75,1854765.0,86915411085.0
2025-08-01 12:30:07 PM,24731.6,0,0.0,86915411085.0
2025-08-01 12:30:08 PM,24731.6,75,1854870.0,86917265955.0
2025-08-01 12:30:09 PM,24730.2,0,0.0,86917265955.0
2025-08-01 12:30:10 PM,24730.2,75,1854765.0,86919120720.0
2025-08-01 12:30:11 PM,24730.2,75,1854765.0,86920975485.0
2025-08-01 12:30:16 PM,24730.2,75,1854765.0,86922830250.0
2025-08-01 12:30:17 PM,24730.0,0,0.0,86922830250.0
2025-08-01 12:30:18 PM,24730.0,225,5564250.0,86928394500.0
2025-08-01 12:30:19 PM,24730.0,75,1854750.0,86930249250.0
2025-08-01 12:30:21 PM,24731.5,0,0.0,86930249250.0
2025-08-01 12:30:21 PM,24731.5,75,1854862.5,86932104112.5
2025-08-01 12:30:24 PM,24730.0,0,0.0,86932104112.5
2025-08-01 12:30:24 PM,24730.0,75,1854750.0,86933958862.5
2025-08-01 12:30:28 PM,24730.0,75,1854750.0,86935813612.5
2025-08-01 12:30:29 PM,24730.0,150,3709500.0,86939523112.5
2025-08-01 12:30:33 PM,24730.0,150,3709500.0,86943232612.5
2025-08-01 12:30:38 PM,24731.4,0,0.0,86943232612.5
2025-08-01 12:30:39 PM,24731.4,75,1854855.0,86945087467.5
2025-08-01 12:30:42 PM,24731.4,225,5564565.0,86950652032.5
2025-08-01 12:30:44 PM,24732.0,0,0.0,86950652032.5
2025-08-01 12:30:44 PM,24733.0,0,0.0,86950652032.5
2025-08-01 12:30:44 PM,24733.0,375,9274875.0,86959926907.5
2025-08-01 12:30:47 PM,24735.0,0,0.0,86959926907.5
2025-08-01 12:30:47 PM,24735.0,225,5565375.0,86965492282.5
2025-08-01 12:30:48 PM,24735.2,0,0.0,86965492282.5
2025-08-01 12:30:49 PM,24735.2,75,1855140.0,86967347422.5
2025-08-01 12:30:49 PM,24735.3,0,0.0,86967347422.5
2025-08-01 12:30:51 PM,24735.3,75,1855147.5,86969202570.0
2025-08-01 12:30:52 PM,24734.9,0,0.0,86969202570.0
2025-08-01 12:30:52 PM,24734.9,75,1855117.5,86971057687.5
2025-08-01 12:30:53 PM,24737.2,0,0.0,86971057687.5
2025-08-01 12:30:54 PM,24737.2,75,1855290.0,86972912977.5
2025-08-01 12:30:57 PM,24738.6,75,1855395.0,86974768372.5
2025-08-01 12:30:59 PM,24739.8,0,0.0,86974768372.5
2025-08-01 12:30:59 PM,24739.8,225,5566455.0,86980334827.5
2025-08-01 12:31:04 PM,24740.0,0,0.0,86980334827.5
2025-08-01 12:31:04 PM,24740.0,300,7422000.0,86987756827.5
2025-08-01 12:31:05 PM,24742.0,0,0.0,86987756827.5
2025-08-01 12:31:05 PM,24742.0,1800,44535600.0,87032292427.5
2025-08-01 12:31:07 PM,24740.4,0,0.0,87032292427.5
2025-08-01 12:31:07 PM,24740.4,75,1855530.0,87034147957.5
2025-08-01 12:31:07 PM,24743.8,0,0.0,87034147957.5
2025-08-01 12:31:07 PM,24743.8,75,1855785.0,87036003742.5
2025-08-01 12:31:09 PM,24740.4,0,0.0,87036003742.5
2025-08-01 12:31:09 PM,24740.4,75,1855530.0,87037859272.5
2025-08-01 12:31:10 PM,24744.4,0,0.0,87037859272.5
2025-08-01 12:31:10 PM,24744.4,825,20414130.0,87058273402.5
2025-08-01 12:31:13 PM,24744.7,0,0.0,87058273402.5
2025-08-01 12:31:14 PM,24748.0,0,0.0,87058273402.5
2025-08-01 12:31:14 PM,24746.9,3300,81664770.0,87139938172.5
2025-08-01 12:31:15 PM,24754.0,4125,102110250.0,87242048422.5
2025-08-01 12:31:16 PM,24754.0,75,1856550.0,87243904972.5
2025-08-01 12:31:17 PM,24752.4,0,0.0,87243904972.5
2025-08-01 12:31:17 PM,24752.4,975,24133590.0,87268038562.5
2025-08-01 12:31:19 PM,24754.0,0,0.0,87268038562.5
2025-08-01 12:31:19 PM,24754.0,375,9282750.0,87277321312.5
2025-08-01 12:31:20 PM,24753.9,150,3713085.0,87281034397.5
2025-08-01 12:31:22 PM,24752.0,0,0.0,87281034397.5
2025-08-01 12:31:22 PM,24752.0,75,1856400.0,87282890797.5
2025-08-01 12:31:23 PM,24754.0,0,0.0,87282890797.5
2025-08-01 12:31:24 PM,24755.2,0,0.0,87282890797.5
2025-08-01 12:31:24 PM,24755.2,3150,77978880.0,87360869677.5
2025-08-01 12:31:25 PM,24758.3,0,0.0,87360869677.5
2025-08-01 12:31:25 PM,24757.5,375,9284062.5,87370153740.0
2025-08-01 12:31:27 PM,24757.5,825,20424937.5,87390578677.5
2025-08-01 12:31:28 PM,24754.0,0,0.0,87390578677.5
2025-08-01 12:31:29 PM,24757.4,0,0.0,87390578677.5
2025-08-01 12:31:29 PM,24757.9,300,7427370.0,87398006047.5
2025-08-01 12:31:31 PM,24757.9,75,1856842.5,87399862890.0
2025-08-01 12:31:31 PM,24759.4,0,0.0,87399862890.0
2025-08-01 12:31:32 PM,24759.7,0,0.0,87399862890.0
2025-08-01 12:31:32 PM,24759.7,750,18569775.0,87418432665.0
2025-08-01 12:31:33 PM,24757.5,0,0.0,87418432665.0
2025-08-01 12:31:34 PM,24762.0,0,0.0,87418432665.0
2025-08-01 12:31:34 PM,24762.0,1500,37143000.0,87455575665.0
2025-08-01 12:31:35 PM,24759.3,0,0.0,87455575665.0
2025-08-01 12:31:36 PM,24759.3,525,12998632.5,87468574297.5
2025-08-01 12:31:37 PM,24758.2,0,0.0,87468574297.5
2025-08-01 12:31:37 PM,24758.2,375,9284325.0,87477858622.5
2025-08-01 12:31:39 PM,24762.3,0,0.0,87477858622.5
2025-08-01 12:31:39 PM,24765.0,0,0.0,87477858622.5
2025-08-01 12:31:41 PM,24765.0,1200,29718000.0,87507576622.5
2025-08-01 12:31:41 PM,24765.0,375,9286875.0,87516863497.5
2025-08-01 12:31:41 PM,24762.9,0,0.0,87516863497.5
2025-08-01 12:31:42 PM,24770.0,0,0.0,87516863497.5
2025-08-01 12:31:42 PM,24770.0,3150,78025500.0,87594888997.5
2025-08-01 12:31:42 PM,24766.0,675,16717050.0,87611606047.5
2025-08-01 12:31:43 PM,24770.0,0,0.0,87611606047.5
2025-08-01 12:31:44 PM,24765.4,0,0.0,87611606047.5
2025-08-01 12:31:44 PM,24765.4,825,20431455.0,87632037502.5
2025-08-01 12:31:45 PM,24770.0,0,0.0,87632037502.5
2025-08-01 12:31:46 PM,24770.0,75,1857750.0,87633895252.5
2025-08-01 12:31:46 PM,24769.6,150,3715440.0,87637610692.5
2025-08-01 12:31:46 PM,24769.3,0,0.0,87637610692.5
2025-08-01 12:31:47 PM,24762.9,0,0.0,87637610692.5
2025-08-01 12:31:47 PM,24769.4,1350,33438690.000000004,87671049382.5
2025-08-01 12:31:48 PM,24769.1,0,0.0,87671049382.5
2025-08-01 12:31:49 PM,24765.0,0,0.0,87671049382.5
2025-08-01 12:31:49 PM,24765.0,825,20431125.0,87691480507.5
2025-08-01 12:31:49 PM,24763.1,75,1857232.5,87693337740.0
2025-08-01 12:31:51 PM,24763.1,1725,42716347.5,87736054087.5
2025-08-01 12:31:51 PM,24764.9,225,5572102.5,87741626190.0
2025-08-01 12:31:51 PM,24763.1,0,0.0,87741626190.0
2025-08-01 12:31:52 PM,24762.8,0,0.0,87741626190.0
2025-08-01 12:31:52 PM,24762.0,450,11142900.0,87752769090.0
2025-08-01 12:31:52 PM,24762.0,225,5571450.0,87758340540.0
2025-08-01 12:31:53 PM,24760.0,0,0.0,87758340540.0
2025-08-01 12:31:54 PM,24762.9,0,0.0,87758340540.0
2025-08-01 12:31:54 PM,24762.9,300,7428870.0,87765769410.0
2025-08-01 12:31:55 PM,24762.6,0,0.0,87765769410.0
2025-08-01 12:31:56 PM,24763.0,675,16715025.0,87782484435.0
2025-08-01 12:31:57 PM,24759.4,0,0.0,87782484435.0
2025-08-01 12:31:57 PM,24759.4,375,9284775.0,87791769210.0
2025-08-01 12:32:01 PM,24760.0,0,0.0,87791769210.0
2025-08-01 12:32:01 PM,24762.0,0,0.0,87791769210.0
2025-08-01 12:32:02 PM,24760.0,0,0.0,87791769210.0
2025-08-01 12:32:02 PM,24760.0,225,5571000.0,87797340210.0
2025-08-01 12:32:03 PM,24762.0,0,0.0,87797340210.0
2025-08-01 12:32:04 PM,24762.0,300,7428600.0,87804768810.0
2025-08-01 12:32:05 PM,24760.0,0,0.0,87804768810.0
2025-08-01 12:32:05 PM,24762.0,0,0.0,87804768810.0
2025-08-01 12:32:05 PM,24762.0,225,5571450.0,87810340260.0
2025-08-01 12:32:07 PM,24760.0,0,0.0,87810340260.0
2025-08-01 12:32:07 PM,24760.0,225,5571000.0,87815911260.0
2025-08-01 12:32:08 PM,24756.9,0,0.0,87815911260.0
2025-08-01 12:32:09 PM,24756.8,0,0.0,87815911260.0
2025-08-01 12:32:09 PM,24756.8,3600,89124480.0,87905035740.0
2025-08-01 12:32:09 PM,24756.5,0,0.0,87905035740.0
2025-08-01 12:32:09 PM,24756.5,75,1856737.5,87906892477.5
2025-08-01 12:32:10 PM,24756.3,0,0.0,87906892477.5
2025-08-01 12:32:10 PM,24756.3,450,11140335.0,87918032812.5
2025-08-01 12:32:11 PM,24755.0,0,0.0,87918032812.5
2025-08-01 12:32:12 PM,24759.2,0,0.0,87918032812.5
2025-08-01 12:32:12 PM,24759.2,1350,33424920.0,87951457732.5
2025-08-01 12:32:12 PM,24759.0,75,1856925.0,87953314657.5
2025-08-01 12:32:14 PM,24756.8,0,0.0,87953314657.5
2025-08-01 12:32:14 PM,24756.8,75,1856760.0,87955171417.5
2025-08-01 12:32:15 PM,24755.0,0,0.0,87955171417.5
2025-08-01 12:32:16 PM,24755.0,300,7426500.0,87962597917.5
2025-08-01 12:32:17 PM,24750.3,0,0.0,87962597917.5
2025-08-01 12:32:17 PM,24750.0,5325,131793750.0,88094391667.5
2025-08-01 12:32:18 PM,24756.0,0,0.0,88094391667.5
2025-08-01 12:32:19 PM,24756.0,1800,44560800.0,88138952467.5
2025-08-01 12:32:19 PM,24753.9,0,0.0,88138952467.5
2025-08-01 12:32:21 PM,24753.9,1500,37130850.0,88176083317.5
2025-08-01 12:32:21 PM,24755.0,0,0.0,88176083317.5
2025-08-01 12:32:22 PM,24755.0,225,5569875.0,88181653192.5
2025-08-01 12:32:24 PM,24753.9,0,0.0,88181653192.5
2025-08-01 12:32:24 PM,24753.9,225,5569627.5,88187222820.0
2025-08-01 12:32:24 PM,24753.9,75,1856542.5,88189079362.5
2025-08-01 12:32:25 PM,24755.0,0,0.0,88189079362.5
2025-08-01 12:32:26 PM,24755.0,75,1856625.0,88190935987.5
2025-08-01 12:32:27 PM,24755.0,75,1856625.0,88192792612.5
2025-08-01 12:32:28 PM,24753.9,0,0.0,88192792612.5
2025-08-01 12:32:29 PM,24753.9,150,3713085.0,88196505697.5
2025-08-01 12:32:29 PM,24752.3,0,0.0,88196505697.5
2025-08-01 12:32:31 PM,24752.3,75,1856422.5,88198362120.0
2025-08-01 12:32:32 PM,24755.0,0,0.0,88198362120.0
2025-08-01 12:32:32 PM,24754.0,150,3713100.0,88202075220.0
2025-08-01 12:32:34 PM,24752.3,0,0.0,88202075220.0
2025-08-01 12:32:34 PM,24752.3,150,3712845.0,88205788065.0
2025-08-01 12:32:35 PM,24753.1,0,0.0,88205788065.0
2025-08-01 12:32:35 PM,24755.0,0,0.0,88205788065.0
2025-08-01 12:32:36 PM,24755.0,225,5569875.0,88211357940.0
2025-08-01 12:32:37 PM,24753.2,0,0.0,88211357940.0
2025-08-01 12:32:39 PM,24753.1,0,0.0,88211357940.0
2025-08-01 12:32:39 PM,24753.1,375,9282412.5,88220640352.5
2025-08-01 12:32:40 PM,24755.0,0,0.0,88220640352.5
2025-08-01 12:32:41 PM,24755.0,75,1856625.0,88222496977.5
2025-08-01 12:32:41 PM,24753.1,0,0.0,88222496977.5
2025-08-01 12:32:41 PM,24752.0,0,0.0,88222496977.5
2025-08-01 12:32:42 PM,24752.0,1875,46410000.0,88268906977.5
2025-08-01 12:32:43 PM,24755.0,0,0.0,88268906977.5
2025-08-01 12:32:44 PM,24755.0,225,5569875.0,88274476852.5
2025-08-01 12:32:46 PM,24755.0,75,1856625.0,88276333477.5
2025-08-01 12:32:49 PM,24752.0,0,0.0,88276333477.5
2025-08-01 12:32:49 PM,24752.0,450,11138400.0,88287471877.5
2025-08-01 12:32:51 PM,24755.4,0,0.0,88287471877.5
2025-08-01 12:32:51 PM,24755.4,150,3713310.0,88291185187.5
2025-08-01 12:32:53 PM,24755.9,0,0.0,88291185187.5
2025-08-01 12:32:54 PM,24755.9,225,5570077.5,88296755265.0
2025-08-01 12:32:54 PM,24756.9,0,0.0,88296755265.0
2025-08-01 12:32:56 PM,24756.9,300,7427070.0,88304182335.0
2025-08-01 12:32:56 PM,24755.9,0,0.0,88304182335.0
2025-08-01 12:32:57 PM,24755.9,75,1856692.5,88306039027.5
2025-08-01 12:32:58 PM,24755.4,0,0.0,88306039027.5
2025-08-01 12:32:59 PM,24755.4,75,1856655.0,88307895682.5
2025-08-01 12:33:02 PM,24756.3,225,5570167.5,88313465850.0
2025-08-01 12:33:02 PM,24755.0,150,3713250.0,88317179100.0
2025-08-01 12:33:04 PM,24752.0,0,0.0,88317179100.0
2025-08-01 12:33:04 PM,24752.0,300,7425600.0,88324604700.0
2025-08-01 12:33:05 PM,24749.5,0,0.0,88324604700.0
2025-08-01 12:33:06 PM,24745.0,1425,35261625.0,88359866325.0
2025-08-01 12:33:06 PM,24748.0,0,0.0,88359866325.0
2025-08-01 12:33:07 PM,24748.0,150,3712200.0,88363578525.0
2025-08-01 12:33:15 PM,24745.0,0,0.0,88363578525.0
2025-08-01 12:33:15 PM,24743.2,225,5567220.0,88369145745.0
2025-08-01 12:33:17 PM,24742.0,0,0.0,88369145745.0
2025-08-01 12:33:17 PM,24742.0,75,1855650.0,88371001395.0
2025-08-01 12:33:19 PM,24742.0,75,1855650.0,88372857045.0
2025-08-01 12:33:19 PM,24743.9,0,0.0,88372857045.0
2025-08-01 12:33:20 PM,24742.0,0,0.0,88372857045.0
2025-08-01 12:33:20 PM,24742.0,225,5566950.0,88378423995.0
2025-08-01 12:33:21 PM,24743.5,0,0.0,88378423995.0
2025-08-01 12:33:21 PM,24742.4,0,0.0,88378423995.0
2025-08-01 12:33:22 PM,24742.0,0,0.0,88378423995.0
2025-08-01 12:33:22 PM,24743.4,525,12990285.0,88391414280.0
2025-08-01 12:33:24 PM,24743.4,225,5567265.0,88396981545.0
2025-08-01 12:33:25 PM,24742.0,0,0.0,88396981545.0
2025-08-01 12:33:25 PM,24741.2,0,0.0,88396981545.0
2025-08-01 12:33:25 PM,24740.2,3375,83498175.0,88480479720.0
2025-08-01 12:33:28 PM,24740.9,0,0.0,88480479720.0
2025-08-01 12:33:29 PM,24740.9,225,5566702.5,88486046422.5
2025-08-01 12:33:29 PM,24740.2,0,0.0,88486046422.5
2025-08-01 12:33:29 PM,24740.0,0,0.0,88486046422.5
2025-08-01 12:33:30 PM,24735.0,0,0.0,88486046422.5
2025-08-01 12:33:30 PM,24735.0,1050,25971750.0,88512018172.5
2025-08-01 12:33:32 PM,24738.9,0,0.0,88512018172.5
2025-08-01 12:33:32 PM,24738.9,225,5566252.5,88517584425.0
2025-08-01 12:33:32 PM,24735.0,75,1855125.0,88519439550.0
2025-08-01 12:33:33 PM,24738.7,0,0.0,88519439550.0
2025-08-01 12:33:33 PM,24738.9,0,0.0,88519439550.0
2025-08-01 12:33:34 PM,24738.9,150,3710835.0,88523150385.0
2025-08-01 12:33:35 PM,24739.4,0,0.0,88523150385.0
2025-08-01 12:33:35 PM,24739.4,75,1855455.0,88525005840.0
2025-08-01 12:33:37 PM,24740.2,0,0.0,88525005840.0
2025-08-01 12:33:37 PM,24740.2,150,3711030.0,88528716870.0
2025-08-01 12:33:38 PM,24740.9,0,0.0,88528716870.0
2025-08-01 12:33:39 PM,24740.9,75,1855567.5,88530572437.5
2025-08-01 12:33:39 PM,24739.9,0,0.0,88530572437.5
2025-08-01 12:33:40 PM,24740.9,0,0.0,88530572437.5
2025-08-01 12:33:40 PM,24740.9,150,3711135.0,88534283572.5
2025-08-01 12:33:42 PM,24740.6,0,0.0,88534283572.5
2025-08-01 12:33:42 PM,24740.6,375,9277725.0,88543561297.5
2025-08-01 12:33:43 PM,24739.2,0,0.0,88543561297.5
2025-08-01 12:33:44 PM,24739.2,150,3710880.0,88547272177.5
2025-08-01 12:33:45 PM,24735.0,0,0.0,88547272177.5
2025-08-01 12:33:45 PM,24734.3,225,5565217.5,88552837395.0
2025-08-01 12:33:47 PM,24739.5,0,0.0,88552837395.0
2025-08-01 12:33:47 PM,24739.5,225,5566387.5,88558403782.5
2025-08-01 12:33:48 PM,24740.4,0,0.0,88558403782.5
2025-08-01 12:33:49 PM,24740.9,150,3711135.0,88562114917.5
2025-08-01 12:33:50 PM,24734.3,0,0.0,88562114917.5
2025-08-01 12:33:50 PM,24734.3,375,9275362.5,88571390280.0
2025-08-01 12:33:52 PM,24738.4,0,0.0,88571390280.0
2025-08-01 12:33:52 PM,24738.4,75,1855380.0,88573245660.0
2025-08-01 12:33:52 PM,24738.4,75,1855380.0,88575101040.0
2025-08-01 12:33:54 PM,24738.4,150,3710760.0,88578811800.0
2025-08-01 12:33:59 PM,24740.9,150,3711135.0,88582522935.0
2025-08-01 12:34:04 PM,24740.9,150,3711135.0,88586234070.0
2025-08-01 12:34:07 PM,24738.4,0,0.0,88586234070.0
2025-08-01 12:34:07 PM,24738.4,75,1855380.0,88588089450.0
2025-08-01 12:34:08 PM,24738.0,0,0.0,88588089450.0
2025-08-01 12:34:09 PM,24738.5,675,16698487.5,88604787937.5
2025-08-01 12:34:10 PM,24738.4,0,0.0,88604787937.5
2025-08-01 12:34:10 PM,24738.4,225,5566140.0,88610354077.5
2025-08-01 12:34:13 PM,24735.0,0,0.0,88610354077.5
2025-08-01 12:34:14 PM,24735.8,0,0.0,88610354077.5
2025-08-01 12:34:14 PM,24735.8,375,9275925.0,88619630002.5
2025-08-01 12:34:16 PM,24733.9,0,0.0,88619630002.5
2025-08-01 12:34:17 PM,24733.3,0,0.0,88619630002.5
2025-08-01 12:34:17 PM,24733.3,150,3709995.0,88623339997.5
2025-08-01 12:34:18 PM,24733.0,0,0.0,88623339997.5
2025-08-01 12:34:18 PM,24732.0,0,0.0,88623339997.5
2025-08-01 12:34:19 PM,24731.9,0,0.0,88623339997.5
2025-08-01 12:34:19 PM,24731.9,225,5564677.5,88628904675.0
2025-08-01 12:34:21 PM,24731.0,0,0.0,88628904675.0
2025-08-01 12:34:21 PM,24730.0,0,0.0,88628904675.0
2025-08-01 12:34:22 PM,24730.0,675,16692750.0,88645597425.0
2025-08-01 12:34:24 PM,24730.0,75,1854750.0,88647452175.0
2025-08-01 12:34:25 PM,24730.8,0,0.0,88647452175.0
2025-08-01 12:34:25 PM,24730.8,150,3709620.0,88651161795.0
2025-08-01 12:34:26 PM,24730.0,0,0.0,88651161795.0
2025-08-01 12:34:27 PM,24730.0,75,1854750.0,88653016545.0
2025-08-01 12:34:29 PM,24730.0,75,1854750.0,88654871295.0
2025-08-01 12:34:30 PM,24730.8,0,0.0,88654871295.0
2025-08-01 12:34:30 PM,24730.8,150,3709620.0,88658580915.0
2025-08-01 12:34:32 PM,24727.0,0,0.0,88658580915.0
2025-08-01 12:34:32 PM,24728.0,825,20400600.0,88678981515.0
2025-08-01 12:34:33 PM,24729.5,0,0.0,88678981515.0
2025-08-01 12:34:34 PM,24726.6,300,7417980.0,88686399495.0
2025-08-01 12:34:35 PM,24726.0,0,0.0,88686399495.0
2025-08-01 12:34:35 PM,24726.0,75,1854450.0,88688253945.0
2025-08-01 12:34:37 PM,24726.0,75,1854450.0,88690108395.0
2025-08-01 12:34:37 PM,24729.5,0,0.0,88690108395.0
2025-08-01 12:34:39 PM,24729.5,75,1854712.5,88691963107.5
2025-08-01 12:34:41 PM,24729.5,150,3709425.0,88695672532.5
2025-08-01 12:34:43 PM,24725.6,0,0.0,88695672532.5
2025-08-01 12:34:43 PM,24726.0,0,0.0,88695672532.5
2025-08-01 12:34:44 PM,24728.8,975,24110580.0,88719783112.5
2025-08-01 12:34:45 PM,24726.5,0,0.0,88719783112.5
2025-08-01 12:34:45 PM,24726.0,450,11126700.0,88730909812.5
2025-08-01 12:34:46 PM,24725.6,150,3708840.0,88734618652.5
2025-08-01 12:34:47 PM,24725.6,750,18544200.0,88753162852.5
2025-08-01 12:34:49 PM,24725.0,2025,50068125.0,88803230977.5
2025-08-01 12:34:50 PM,24722.0,0,0.0,88803230977.5
2025-08-01 12:34:50 PM,24722.0,675,16687350.0,88819918327.5
2025-08-01 12:34:51 PM,24722.0,75,1854150.0,88821772477.5
2025-08-01 12:34:53 PM,24723.2,0,0.0,88821772477.5
2025-08-01 12:34:54 PM,24722.0,450,11124900.0,88832897377.5
2025-08-01 12:34:55 PM,24722.0,150,3708300.0,88836605677.5
2025-08-01 12:34:57 PM,24721.0,0,0.0,88836605677.5
2025-08-01 12:34:57 PM,24721.0,150,3708150.0,88840313827.5
2025-08-01 12:34:59 PM,24721.0,150,3708150.0,88844021977.5
2025-08-01 12:35:00 PM,24721.0,75,1854075.0,88845876052.5
2025-08-01 12:35:02 PM,24721.0,300,7416300.0,88853292352.5
2025-08-01 12:35:03 PM,24720.0,0,0.0,88853292352.5
2025-08-01 12:35:04 PM,24716.0,1125,27805500.0,88881097852.5
2025-08-01 12:35:05 PM,24715.8,0,0.0,88881097852.5
2025-08-01 12:35:05 PM,24715.8,375,9268425.0,88890366277.5
2025-08-01 12:35:07 PM,24715.0,0,0.0,88890366277.5
2025-08-01 12:35:07 PM,24716.0,1950,48196200.0,88938562477.5
2025-08-01 12:35:09 PM,24715.0,375,9268125.0,88947830602.5
2025-08-01 12:35:09 PM,24715.0,75,1853625.0,88949684227.5
2025-08-01 12:35:10 PM,24715.0,225,5560875.0,88955245102.5
2025-08-01 12:35:11 PM,24715.0,75,1853625.0,88957098727.5
2025-08-01 12:35:12 PM,24710.0,0,0.0,88957098727.5
2025-08-01 12:35:12 PM,24710.0,9075,224243250.0,89181341977.5
2025-08-01 12:35:13 PM,24712.9,0,0.0,89181341977.5
2025-08-01 12:35:14 PM,24710.0,450,11119500.0,89192461477.5
2025-08-01 12:35:15 PM,24710.0,150,3706500.0,89196167977.5
2025-08-01 12:35:16 PM,24710.0,375,9266250.0,89205434227.5
2025-08-01 12:35:17 PM,24713.4,0,0.0,89205434227.5
2025-08-01 12:35:17 PM,24713.4,450,11121030.0,89216555257.5
2025-08-01 12:35:17 PM,24710.0,75,1853250.0,89218408507.5
2025-08-01 12:35:18 PM,24710.3,0,0.0,89218408507.5
2025-08-01 12:35:19 PM,24715.0,825,20389875.0,89238798382.5
2025-08-01 12:35:19 PM,24710.4,0,0.0,89238798382.5
2025-08-01 12:35:20 PM,24711.0,0,0.0,89238798382.5
2025-08-01 12:35:20 PM,24715.0,0,0.0,89238798382.5
2025-08-01 12:35:20 PM,24710.1,1050,25945605.0,89264743987.5
2025-08-01 12:35:21 PM,24710.3,0,0.0,89264743987.5
2025-08-01 12:35:22 PM,24710.3,150,3706545.0,89268450532.5
2025-08-01 12:35:23 PM,24715.0,0,0.0,89268450532.5
2025-08-01 12:35:24 PM,24715.0,75,1853625.0,89270304157.5
2025-08-01 12:35:24 PM,24710.0,0,0.0,89270304157.5
2025-08-01 12:35:25 PM,24710.0,525,12972750.0,89283276907.5
2025-08-01 12:35:26 PM,24714.7,0,0.0,89283276907.5
2025-08-01 12:35:27 PM,24710.0,0,0.0,89283276907.5
2025-08-01 12:35:27 PM,24710.0,750,18532500.0,89301809407.5
2025-08-01 12:35:30 PM,24710.0,75,1853250.0,89303662657.5
2025-08-01 12:35:32 PM,24714.7,75,1853602.5,89305516260.0
2025-08-01 12:35:33 PM,24710.3,0,0.0,89305516260.0
2025-08-01 12:35:34 PM,24710.1,300,7413030.0,89312929290.0
2025-08-01 12:35:35 PM,24714.7,0,0.0,89312929290.0
2025-08-01 12:35:35 PM,24714.7,750,18536025.0,89331465315.0
2025-08-01 12:35:36 PM,24710.1,0,0.0,89331465315.0
2025-08-01 12:35:37 PM,24710.1,525,12972802.5,89344438117.5
2025-08-01 12:35:37 PM,24714.7,0,0.0,89344438117.5
2025-08-01 12:35:39 PM,24714.7,75,1853602.5,89346291720.0
2025-08-01 12:35:40 PM,24710.5,0,0.0,89346291720.0
2025-08-01 12:35:40 PM,24710.1,0,0.0,89346291720.0
2025-08-01 12:35:40 PM,24709.1,0,0.0,89346291720.0
2025-08-01 12:35:40 PM,24703.0,21225,524321175.0,89870612895.0
2025-08-01 12:35:40 PM,24703.0,300,7410900.0,89878023795.0
2025-08-01 12:35:41 PM,24707.0,0,0.0,89878023795.0
2025-08-01 12:35:42 PM,24707.0,22500,555907500.0,90433931295.0
2025-08-01 12:35:42 PM,24700.6,1200,29640720.0,90463572015.0
2025-08-01 12:35:43 PM,24707.0,0,0.0,90463572015.0
2025-08-01 12:35:44 PM,24703.8,300,7411140.0,90470983155.0
2025-08-01 12:35:44 PM,24707.0,150,3706050.0,90474689205.0
2025-08-01 12:35:45 PM,24703.9,0,0.0,90474689205.0
2025-08-01 12:35:45 PM,24709.0,8325,205702425.0,90680391630.0
2025-08-01 12:35:45 PM,24703.9,450,11116755.0,90691508385.0
2025-08-01 12:35:46 PM,24707.0,0,0.0,90691508385.0
2025-08-01 12:35:46 PM,24703.9,0,0.0,90691508385.0
2025-08-01 12:35:47 PM,24703.9,300,7411170.0,90698919555.0
2025-08-01 12:35:48 PM,24703.1,0,0.0,90698919555.0
2025-08-01 12:35:49 PM,24707.0,450,11118150.0,90710037705.0
2025-08-01 12:35:50 PM,24702.4,0,0.0,90710037705.0
2025-08-01 12:35:50 PM,24707.0,0,0.0,90710037705.0
2025-08-01 12:35:50 PM,24707.0,1125,27795375.0,90737833080.0
2025-08-01 12:35:52 PM,24708.3,450,11118735.0,90748951815.0
2025-08-01 12:35:53 PM,24707.0,0,0.0,90748951815.0
2025-08-01 12:35:54 PM,24707.1,300,7412130.0,90756363945.0
2025-08-01 12:35:54 PM,24707.0,0,0.0,90756363945.0
2025-08-01 12:35:55 PM,24710.1,0,0.0,90756363945.0
2025-08-01 12:35:55 PM,24710.1,5250,129728024.99999999,90886091970.0
2025-08-01 12:35:55 PM,24709.5,150,3706425.0,90889798395.0
2025-08-01 12:35:56 PM,24710.2,0,0.0,90889798395.0
2025-08-01 12:35:57 PM,24709.9,375,9266212.5,90899064607.5
2025-08-01 12:35:59 PM,24714.0,75,1853550.0,90900918157.5
2025-08-01 12:35:59 PM,24713.8,0,0.0,90900918157.5
2025-08-01 12:36:00 PM,24709.3,0,0.0,90900918157.5
2025-08-01 12:36:00 PM,24714.8,375,9268050.0,90910186207.5
2025-08-01 12:36:02 PM,24712.8,150,3706920.0,90913893127.5
2025-08-01 12:36:04 PM,24712.0,0,0.0,90913893127.5
2025-08-01 12:36:04 PM,24712.0,75,1853400.0,90915746527.5
2025-08-01 12:36:05 PM,24714.7,0,0.0,90915746527.5
2025-08-01 12:36:05 PM,24712.4,0,0.0,90915746527.5
2025-08-01 12:36:05 PM,24714.7,525,12975217.5,90928721745.0
2025-08-01 12:36:07 PM,24715.0,0,0.0,90928721745.0
2025-08-01 12:36:07 PM,24715.0,675,16682625.0,90945404370.0
2025-08-01 12:36:08 PM,24715.1,0,0.0,90945404370.0
2025-08-01 12:36:09 PM,24715.1,450,11121795.0,90956526165.0
2025-08-01 12:36:09 PM,24714.8,0,0.0,90956526165.0
2025-08-01 12:36:10 PM,24714.8,150,3707220.0,90960233385.0
2025-08-01 12:36:11 PM,24712.9,0,0.0,90960233385.0
2025-08-01 12:36:12 PM,24712.9,225,5560402.5,90965793787.5
2025-08-01 12:36:13 PM,24715.0,0,0.0,90965793787.5
2025-08-01 12:36:13 PM,24714.7,0,0.0,90965793787.5
2025-08-01 12:36:13 PM,24715.0,675,16682625.0,90982476412.5
2025-08-01 12:36:15 PM,24715.0,75,1853625.0,90984330037.5
2025-08-01 12:36:17 PM,24718.4,0,0.0,90984330037.5
2025-08-01 12:36:17 PM,24718.4,75,1853880.0,90986183917.5
2025-08-01 12:36:17 PM,24715.3,0,0.0,90986183917.5
2025-08-01 12:36:17 PM,24720.0,0,0.0,90986183917.5
2025-08-01 12:36:18 PM,24715.2,0,0.0,90986183917.5
2025-08-01 12:36:18 PM,24715.2,375,9268200.0,90995452117.5
2025-08-01 12:36:20 PM,24718.4,0,0.0,90995452117.5
2025-08-01 12:36:20 PM,24718.4,225,5561640.0,91001013757.5
2025-08-01 12:36:20 PM,24719.7,0,0.0,91001013757.5
2025-08-01 12:36:22 PM,24719.7,525,12977842.5,91013991600.0
2025-08-01 12:36:22 PM,24720.0,150,3708000.0,91017699600.0
2025-08-01 12:36:23 PM,24720.0,75,1854000.0,91019553600.0
2025-08-01 12:36:24 PM,24716.5,0,0.0,91019553600.0
2025-08-01 12:36:25 PM,24716.6,0,0.0,91019553600.0
2025-08-01 12:36:25 PM,24716.6,225,5561235.0,91025114835.0
2025-08-01 12:36:26 PM,24715.3,0,0.0,91025114835.0
2025-08-01 12:36:27 PM,24720.0,675,16686000.0,91041800835.0
2025-08-01 12:36:27 PM,24715.6,75,1853670.0,91043654505.0
2025-08-01 12:36:28 PM,24718.8,0,0.0,91043654505.0
2025-08-01 12:36:28 PM,24718.8,75,1853910.0,91045508415.0
2025-08-01 12:36:29 PM,24715.2,0,0.0,91045508415.0
2025-08-01 12:36:30 PM,24715.2,75,1853640.0,91047362055.0
2025-08-01 12:36:31 PM,24719.9,0,0.0,91047362055.0
2025-08-01 12:36:32 PM,24719.9,75,1853992.5,91049216047.5
2025-08-01 12:36:33 PM,24719.9,75,1853992.5,91051070040.0
2025-08-01 12:36:35 PM,24719.9,150,3707985.0,91054778025.0
2025-08-01 12:36:37 PM,24719.9,75,1853992.5,91056632017.5
2025-08-01 12:36:37 PM,24719.9,150,3707985.0,91060340002.5
2025-08-01 12:36:38 PM,24720.0,0,0.0,91060340002.5
2025-08-01 12:36:38 PM,24720.0,75,1854000.0,91062194002.5
2025-08-01 12:36:40 PM,24720.0,75,1854000.0,91064048002.5
2025-08-01 12:36:40 PM,24715.5,0,0.0,91064048002.5
2025-08-01 12:36:42 PM,24715.5,75,1853662.5,91065901665.0
2025-08-01 12:36:45 PM,24719.9,75,1853992.5,91067755657.5
2025-08-01 12:36:47 PM,24715.2,150,3707280.0,91071462937.5
2025-08-01 12:36:48 PM,24715.2,225,5560920.0,91077023857.5
2025-08-01 12:36:49 PM,24714.0,0,0.0,91077023857.5
2025-08-01 12:36:50 PM,24713.9,525,12974797.5,91089998655.0
2025-08-01 12:36:50 PM,24713.9,75,1853542.5,91091852197.5
2025-08-01 12:36:52 PM,24713.9,75,1853542.5,91093705740.0
2025-08-01 12:36:52 PM,24713.9,75,1853542.5,91095559282.5
2025-08-01 12:36:54 PM,24712.0,0,0.0,91095559282.5
2025-08-01 12:36:54 PM,24710.0,0,0.0,91095559282.5
2025-08-01 12:36:55 PM,24710.0,1125,27798750.0,91123358032.5
2025-08-01 12:36:56 PM,24713.9,0,0.0,91123358032.5
2025-08-01 12:36:57 PM,24713.9,75,1853542.5,91125211575.0
2025-08-01 12:36:58 PM,24713.9,75,1853542.5,91127065117.5
2025-08-01 12:37:00 PM,24712.4,0,0.0,91127065117.5
2025-08-01 12:37:00 PM,24712.4,150,3706860.0,91130771977.5
2025-08-01 12:37:00 PM,24713.9,0,0.0,91130771977.5
2025-08-01 12:37:02 PM,24713.9,75,1853542.5,91132625520.0
2025-08-01 12:37:02 PM,24714.8,0,0.0,91132625520.0
2025-08-01 12:37:03 PM,24714.5,0,0.0,91132625520.0
2025-08-01 12:37:03 PM,24718.0,0,0.0,91132625520.0
2025-08-01 12:37:03 PM,24718.0,225,5561550.0,91138187070.0
2025-08-01 12:37:05 PM,24719.9,0,0.0,91138187070.0
2025-08-01 12:37:05 PM,24719.9,75,1853992.5,91140041062.5
2025-08-01 12:37:07 PM,24718.0,0,0.0,91140041062.5
2025-08-01 12:37:08 PM,24720.0,0,0.0,91140041062.5
2025-08-01 12:37:08 PM,24720.0,150,3708000.0,91143749062.5
2025-08-01 12:37:08 PM,24720.0,75,1854000.0,91145603062.5
2025-08-01 12:37:10 PM,24722.7,0,0.0,91145603062.5
2025-08-01 12:37:10 PM,24722.7,1050,25958835.0,91171561897.5
2025-08-01 12:37:12 PM,24723.0,0,0.0,91171561897.5
2025-08-01 12:37:12 PM,24717.1,0,0.0,91171561897.5
2025-08-01 12:37:13 PM,24722.9,0,0.0,91171561897.5
2025-08-01 12:37:13 PM,24722.9,1125,27813262.5,91199375160.0
2025-08-01 12:37:14 PM,24718.4,0,0.0,91199375160.0
2025-08-01 12:37:14 PM,24724.6,0,0.0,91199375160.0
2025-08-01 12:37:15 PM,24724.6,225,5563035.0,91204938195.0
2025-08-01 12:37:21 PM,24724.4,75,1854330.0,91206792525.0
2025-08-01 12:37:25 PM,24724.0,0,0.0,91206792525.0
2025-08-01 12:37:25 PM,24724.0,75,1854300.0,91208646825.0
2025-08-01 12:37:28 PM,24724.0,75,1854300.0,91210501125.0
2025-08-01 12:37:31 PM,24724.0,225,5562900.0,91216064025.0
2025-08-01 12:37:35 PM,24725.0,0,0.0,91216064025.0
2025-08-01 12:37:36 PM,24728.0,0,0.0,91216064025.0
2025-08-01 12:37:36 PM,24728.0,2250,55638000.0,91271702025.0
2025-08-01 12:37:36 PM,24728.0,450,11127600.0,91282829625.0
2025-08-01 12:37:38 PM,24728.0,150,3709200.0,91286538825.0
2025-08-01 12:37:40 PM,24728.2,375,9273075.0,91295811900.0
2025-08-01 12:37:41 PM,24730.0,0,0.0,91295811900.0
2025-08-01 12:37:41 PM,24729.5,2250,55641375.0,91351453275.0
2025-08-01 12:37:43 PM,24729.1,450,11128095.0,91362581370.0
2025-08-01 12:37:43 PM,24728.2,0,0.0,91362581370.0
2025-08-01 12:37:43 PM,24728.2,75,1854615.0,91364435985.0
2025-08-01 12:37:44 PM,24728.9,0,0.0,91364435985.0
2025-08-01 12:37:45 PM,24723.2,1200,29667840.0,91394103825.0
2025-08-01 12:37:46 PM,24726.9,0,0.0,91394103825.0
2025-08-01 12:37:46 PM,24723.2,375,9271200.0,91403375025.0
2025-08-01 12:37:46 PM,24726.3,150,3708945.0,91407083970.0
2025-08-01 12:37:47 PM,24723.2,0,0.0,91407083970.0
2025-08-01 12:37:48 PM,24723.2,300,7416960.0,91414500930.0
2025-08-01 12:37:49 PM,24726.6,0,0.0,91414500930.0
2025-08-01 12:37:49 PM,24723.2,525,12979680.0,91427480610.0
2025-08-01 12:37:51 PM,24726.4,0,0.0,91427480610.0
2025-08-01 12:37:51 PM,24726.4,150,3708960.0,91431189570.0
2025-08-01 12:37:52 PM,24726.2,0,0.0,91431189570.0
2025-08-01 12:37:53 PM,24726.3,225,5563417.5,91436752987.5
2025-08-01 12:37:54 PM,24724.0,0,0.0,91436752987.5
2025-08-01 12:37:54 PM,24724.0,750,18543000.0,91455295987.5
2025-08-01 12:37:56 PM,24726.4,0,0.0,91455295987.5
2025-08-01 12:37:56 PM,24726.4,150,3708960.0,91459004947.5
2025-08-01 12:37:58 PM,24726.4,375,9272400.0,91468277347.5
2025-08-01 12:37:59 PM,24726.4,375,9272400.0,91477549747.5
2025-08-01 12:38:01 PM,24725.8,0,0.0,91477549747.5
2025-08-01 12:38:01 PM,24725.8,225,5563305.0,91483113052.5
2025-08-01 12:38:02 PM,24726.2,0,0.0,91483113052.5
2025-08-01 12:38:03 PM,24726.2,300,7417860.0,91490530912.5
2025-08-01 12:38:03 PM,24724.0,150,3708600.0,91494239512.5
2025-08-01 12:38:03 PM,24723.2,0,0.0,91494239512.5
2025-08-01 12:38:04 PM,24724.3,0,0.0,91494239512.5
2025-08-01 12:38:04 PM,24722.9,0,0.0,91494239512.5
2025-08-01 12:38:04 PM,24722.9,4200,103836180.0,91598075692.5
2025-08-01 12:38:05 PM,24720.0,0,0.0,91598075692.5
2025-08-01 12:38:06 PM,24720.0,75,1854000.0,91599929692.5
2025-08-01 12:38:10 PM,24723.3,0,0.0,91599929692.5
2025-08-01 12:38:11 PM,24723.3,1350,33376455.0,91633306147.5
2025-08-01 12:38:12 PM,24720.0,0,0.0,91633306147.5
2025-08-01 12:38:13 PM,24720.9,375,9270337.5,91642576485.0
2025-08-01 12:38:13 PM,24720.0,0,0.0,91642576485.0
2025-08-01 12:38:14 PM,24720.0,600,14832000.0,91657408485.0
2025-08-01 12:38:15 PM,24718.0,0,0.0,91657408485.0
2025-08-01 12:38:16 PM,24720.0,1050,25956000.0,91683364485.0
2025-08-01 12:38:18 PM,24720.0,525,12978000.0,91696342485.0
2025-08-01 12:38:19 PM,24719.8,450,11123910.0,91707466395.0
2025-08-01 12:38:21 PM,24720.0,225,5562000.0,91713028395.0
2025-08-01 12:38:23 PM,24720.0,375,9270000.0,91722298395.0
2025-08-01 12:38:24 PM,24718.3,0,0.0,91722298395.0
2025-08-01 12:38:24 PM,24720.0,525,12978000.0,91735276395.0
2025-08-01 12:38:26 PM,24720.0,150,3708000.0,91738984395.0
2025-08-01 12:38:27 PM,24720.9,0,0.0,91738984395.0
2025-08-01 12:38:28 PM,24720.9,150,3708135.0,91742692530.0
2025-08-01 12:38:29 PM,24726.3,0,0.0,91742692530.0
2025-08-01 12:38:29 PM,24720.2,2025,50058405.0,91792750935.0
2025-08-01 12:38:31 PM,24727.9,0,0.0,91792750935.0
2025-08-01 12:38:32 PM,24725.2,0,0.0,91792750935.0
2025-08-01 12:38:33 PM,24725.2,2100,51922920.0,91844673855.0
2025-08-01 12:38:34 PM,24725.3,0,0.0,91844673855.0
2025-08-01 12:38:34 PM,24726.0,525,12981150.0,91857655005.0
2025-08-01 12:38:36 PM,24722.0,1725,42645450.0,91900300455.0
2025-08-01 12:38:36 PM,24725.5,0,0.0,91900300455.0
2025-08-01 12:38:37 PM,24724.9,0,0.0,91900300455.0
2025-08-01 12:38:38 PM,24723.0,825,20396475.0,91920696930.0
2025-08-01 12:38:39 PM,24722.0,0,0.0,91920696930.0
2025-08-01 12:38:39 PM,24720.9,525,12978472.5,91933675402.5
2025-08-01 12:38:40 PM,24720.0,0,0.0,91933675402.5
2025-08-01 12:38:41 PM,24720.0,375,9270000.0,91942945402.5
2025-08-01 12:38:43 PM,24720.5,675,16686337.5,91959631740.0
2025-08-01 12:38:44 PM,24724.1,375,9271537.5,91968903277.5
2025-08-01 12:38:45 PM,24723.7,0,0.0,91968903277.5
2025-08-01 12:38:46 PM,24724.3,225,5562967.5,91974466245.0
2025-08-01 12:38:46 PM,24720.5,0,0.0,91974466245.0
2025-08-01 12:38:47 PM,24724.2,0,0.0,91974466245.0
2025-08-01 12:38:48 PM,24724.2,150,3708630.0,91978174875.0
2025-08-01 12:38:48 PM,24724.7,0,0.0,91978174875.0
2025-08-01 12:38:49 PM,24724.7,750,18543525.0,91996718400.0
2025-08-01 12:38:50 PM,24720.5,0,0.0,91996718400.0
2025-08-01 12:38:51 PM,24721.9,675,16687282.500000002,92013405682.5
2025-08-01 12:38:52 PM,24720.9,0,0.0,92013405682.5
2025-08-01 12:38:53 PM,24720.5,975,24102487.5,92037508170.0
2025-08-01 12:38:54 PM,24717.8,0,0.0,92037508170.0
2025-08-01 12:38:54 PM,24723.8,675,16688565.0,92054196735.0
2025-08-01 12:38:56 PM,24723.6,225,5562810.0,92059759545.0
2025-08-01 12:38:57 PM,24723.7,0,0.0,92059759545.0
2025-08-01 12:38:58 PM,24718.0,675,16684650.0,92076444195.0
2025-08-01 12:38:59 PM,24724.5,0,0.0,92076444195.0
2025-08-01 12:38:59 PM,24716.9,825,20391442.5,92096835637.5
2025-08-01 12:38:59 PM,24716.8,150,3707520.0,92100543157.5
2025-08-01 12:39:00 PM,24724.5,0,0.0,92100543157.5
2025-08-01 12:39:01 PM,24716.5,900,22244850.0,92122788007.5
2025-08-01 12:39:05 PM,24719.0,0,0.0,92122788007.5
2025-08-01 12:39:06 PM,24719.0,75,1853925.0,92124641932.5
2025-08-01 12:39:06 PM,24720.5,0,0.0,92124641932.5
2025-08-01 12:39:08 PM,24720.5,150,3708075.0,92128350007.5
2025-08-01 12:39:10 PM,24721.7,0,0.0,92128350007.5
2025-08-01 12:39:11 PM,24717.8,150,3707670.0,92132057677.5
2025-08-01 12:39:11 PM,24723.6,75,1854270.0,92133911947.5
2025-08-01 12:39:14 PM,24717.2,0,0.0,92133911947.5
2025-08-01 12:39:14 PM,24717.2,75,1853790.0,92135765737.5
2025-08-01 12:39:15 PM,24717.5,0,0.0,92135765737.5
2025-08-01 12:39:16 PM,24717.5,75,1853812.5,92137619550.0
2025-08-01 12:39:16 PM,24723.5,0,0.0,92137619550.0
2025-08-01 12:39:18 PM,24723.5,75,1854262.5,92139473812.5
2025-08-01 12:39:19 PM,24723.5,525,12979837.5,92152453650.0
2025-08-01 12:39:22 PM,24717.0,0,0.0,92152453650.0
2025-08-01 12:39:23 PM,24717.0,75,1853775.0,92154307425.0
2025-08-01 12:39:32 PM,24721.0,0,0.0,92154307425.0
2025-08-01 12:39:33 PM,24721.0,75,1854075.0,92156161500.0
2025-08-01 12:39:34 PM,24721.0,225,5562225.0,92161723725.0
2025-08-01 12:39:35 PM,24715.8,0,0.0,92161723725.0
2025-08-01 12:39:35 PM,24715.0,0,0.0,92161723725.0
2025-08-01 12:39:36 PM,24715.0,1125,27804375.0,92189528100.0
2025-08-01 12:39:54 PM,24710.1,0,0.0,92189528100.0
2025-08-01 12:39:54 PM,24710.4,0,0.0,92189528100.0
2025-08-01 12:39:54 PM,24710.1,0,0.0,92189528100.0
2025-08-01 12:39:54 PM,24710.1,1350,33358634.999999996,92222886735.0
2025-08-01 12:39:56 PM,24710.7,0,0.0,92222886735.0
2025-08-01 12:39:57 PM,24710.1,0,0.0,92222886735.0
2025-08-01 12:39:58 PM,24710.1,225,5559772.5,92228446507.5
2025-08-01 12:39:59 PM,24710.1,75,1853257.5,92230299765.0
2025-08-01 12:40:01 PM,24710.1,75,1853257.5,92232153022.5
2025-08-01 12:40:03 PM,24710.1,150,3706515.0,92235859537.5
2025-08-01 12:40:04 PM,24710.4,0,0.0,92235859537.5
2025-08-01 12:40:04 PM,24710.4,375,9266400.0,92245125937.5
2025-08-01 12:40:05 PM,24710.1,0,0.0,92245125937.5
2025-08-01 12:40:06 PM,24710.1,150,3706515.0,92248832452.5
2025-08-01 12:40:07 PM,24707.0,0,0.0,92248832452.5
2025-08-01 12:40:08 PM,24707.0,1200,29648400.0,92278480852.5
2025-08-01 12:40:09 PM,24713.0,0,0.0,92278480852.5
2025-08-01 12:40:09 PM,24713.0,600,14827800.0,92293308652.5
2025-08-01 12:40:11 PM,24707.0,0,0.0,92293308652.5
2025-08-01 12:40:13 PM,24707.0,150,3706050.0,92297014702.5
2025-08-01 12:40:14 PM,24705.1,0,0.0,92297014702.5
2025-08-01 12:40:14 PM,24705.1,600,14823060.0,92311837762.5
2025-08-01 12:40:16 PM,24705.1,225,5558647.5,92317396410.0
2025-08-01 12:40:16 PM,24705.0,0,0.0,92317396410.0
2025-08-01 12:40:18 PM,24705.0,75,1852875.0,92319249285.0
2025-08-01 12:40:18 PM,24708.6,0,0.0,92319249285.0
2025-08-01 12:40:19 PM,24708.9,0,0.0,92319249285.0
2025-08-01 12:40:19 PM,24708.9,525,12972172.5,92332221457.5
2025-08-01 12:40:22 PM,24705.0,0,0.0,92332221457.5
2025-08-01 12:40:23 PM,24705.0,300,7411500.0,92339632957.5
2025-08-01 12:40:24 PM,24705.0,75,1852875.0,92341485832.5
2025-08-01 12:40:24 PM,24708.8,0,0.0,92341485832.5
2025-08-01 12:40:26 PM,24709.6,0,0.0,92341485832.5
2025-08-01 12:40:26 PM,24709.6,150,3706440.0,92345192272.5
2025-08-01 12:40:27 PM,24709.0,0,0.0,92345192272.5
2025-08-01 12:40:27 PM,24708.0,0,0.0,92345192272.5
2025-08-01 12:40:27 PM,24705.1,300,7411530.0,92352603802.5
2025-08-01 12:40:29 PM,24709.2,0,0.0,92352603802.5
2025-08-01 12:40:29 PM,24705.1,375,9264412.5,92361868215.0
2025-08-01 12:40:30 PM,24705.0,0,0.0,92361868215.0
2025-08-01 12:40:31 PM,24705.0,300,7411500.0,92369279715.0
2025-08-01 12:40:32 PM,24705.0,75,1852875.0,92371132590.0
2025-08-01 12:40:33 PM,24705.1,0,0.0,92371132590.0
2025-08-01 12:40:34 PM,24705.0,0,0.0,92371132590.0
2025-08-01 12:40:34 PM,24705.0,375,9264375.0,92380396965.0
2025-08-01 12:40:35 PM,24703.4,0,0.0,92380396965.0
2025-08-01 12:40:36 PM,24703.4,1500,37055100.0,92417452065.0
2025-08-01 12:40:37 PM,24703.3,0,0.0,92417452065.0
2025-08-01 12:40:37 PM,24703.4,225,5558265.0,92423010330.0
2025-08-01 12:40:39 PM,24705.0,0,0.0,92423010330.0
2025-08-01 12:40:39 PM,24705.0,300,7411500.0,92430421830.0
2025-08-01 12:40:42 PM,24702.1,0,0.0,92430421830.0
2025-08-01 12:40:42 PM,24702.1,300,7410630.0,92437832460.0
2025-08-01 12:40:43 PM,24702.6,0,0.0,92437832460.0
2025-08-01 12:40:44 PM,24702.0,0,0.0,92437832460.0
2025-08-01 12:40:44 PM,24702.0,150,3705300.0,92441537760.0
2025-08-01 12:40:45 PM,24701.1,0,0.0,92441537760.0
2025-08-01 12:40:46 PM,24701.1,150,3705165.0,92445242925.0
2025-08-01 12:40:51 PM,24701.2,0,0.0,92445242925.0
2025-08-01 12:40:51 PM,24701.2,150,3705180.0,92448948105.0
2025-08-01 12:40:52 PM,24702.0,0,0.0,92448948105.0
2025-08-01 12:40:52 PM,24702.0,300,7410600.0,92456358705.0
2025-08-01 12:40:53 PM,24701.2,150,3705180.0,92460063885.0
2025-08-01 12:40:53 PM,24702.0,0,0.0,92460063885.0
2025-08-01 12:40:54 PM,24702.0,450,11115900.0,92471179785.0
2025-08-01 12:40:55 PM,24701.9,0,0.0,92471179785.0
2025-08-01 12:40:56 PM,24702.3,2550,62990865.0,92534170650.0
2025-08-01 12:40:57 PM,24701.0,0,0.0,92534170650.0
2025-08-01 12:40:57 PM,24701.0,300,7410300.0,92541580950.0
2025-08-01 12:40:59 PM,24700.2,0,0.0,92541580950.0
2025-08-01 12:40:59 PM,24700.2,900,22230180.0,92563811130.0
2025-08-01 12:41:01 PM,24700.0,0,0.0,92563811130.0
2025-08-01 12:41:01 PM,24700.0,750,18525000.0,92582336130.0
2025-08-01 12:41:02 PM,24707.0,0,0.0,92582336130.0
2025-08-01 12:41:02 PM,24707.1,0,0.0,92582336130.0
2025-08-01 12:41:03 PM,24707.1,825,20383357.5,92602719487.5
2025-08-01 12:41:04 PM,24700.0,0,0.0,92602719487.5
2025-08-01 12:41:04 PM,24700.0,75,1852500.0,92604571987.5
2025-08-01 12:41:06 PM,24700.2,0,0.0,92604571987.5
2025-08-01 12:41:07 PM,24700.0,0,0.0,92604571987.5
2025-08-01 12:41:08 PM,24700.0,600,14820000.0,92619391987.5
2025-08-01 12:41:08 PM,24700.9,75,1852567.5,92621244555.0
2025-08-01 12:41:08 PM,24701.0,0,0.0,92621244555.0
2025-08-01 12:41:09 PM,24701.0,75,1852575.0,92623097130.0
2025-08-01 12:41:11 PM,24701.0,525,12968025.0,92636065155.0
2025-08-01 12:41:12 PM,24700.3,0,0.0,92636065155.0
2025-08-01 12:41:13 PM,24700.3,75,1852522.5,92637917677.5
2025-08-01 12:41:13 PM,24705.0,0,0.0,92637917677.5
2025-08-01 12:41:14 PM,24702.4,0,0.0,92637917677.5
2025-08-01 12:41:14 PM,24702.4,150,3705360.0,92641623037.5
2025-08-01 12:41:15 PM,24700.0,0,0.0,92641623037.5
2025-08-01 12:41:16 PM,24705.0,1275,31498875.0,92673121912.5
2025-08-01 12:41:16 PM,24706.2,150,3705930.0,92676827842.5
2025-08-01 12:41:16 PM,24713.9,0,0.0,92676827842.5
2025-08-01 12:41:17 PM,24710.0,0,0.0,92676827842.5
2025-08-01 12:41:18 PM,24710.0,900,22239000.0,92699066842.5
2025-08-01 12:41:18 PM,24711.7,0,0.0,92699066842.5
2025-08-01 12:41:19 PM,24711.7,525,12973642.5,92712040485.0
2025-08-01 12:41:20 PM,24711.0,0,0.0,92712040485.0
2025-08-01 12:41:21 PM,24715.0,0,0.0,92712040485.0
2025-08-01 12:41:21 PM,24715.0,375,9268125.0,92721308610.0
2025-08-01 12:41:23 PM,24710.3,0,0.0,92721308610.0
2025-08-01 12:41:24 PM,24712.4,0,0.0,92721308610.0
2025-08-01 12:41:24 PM,24712.4,150,3706860.0,92725015470.0
2025-08-01 12:41:28 PM,24711.2,0,0.0,92725015470.0
2025-08-01 12:41:29 PM,24711.2,75,1853340.0,92726868810.0
2025-08-01 12:41:30 PM,24714.0,0,0.0,92726868810.0
2025-08-01 12:41:31 PM,24714.0,75,1853550.0,92728722360.0
2025-08-01 12:41:33 PM,24710.4,0,0.0,92728722360.0
2025-08-01 12:41:33 PM,24710.4,150,3706560.0,92732428920.0
2025-08-01 12:41:35 PM,24714.0,0,0.0,92732428920.0
2025-08-01 12:41:36 PM,24714.0,300,7414200.0,92739843120.0
2025-08-01 12:41:36 PM,24714.6,0,0.0,92739843120.0
2025-08-01 12:41:37 PM,24714.7,0,0.0,92739843120.0
2025-08-01 12:41:38 PM,24714.7,150,3707205.0,92743550325.0
2025-08-01 12:41:43 PM,24710.0,0,0.0,92743550325.0
2025-08-01 12:41:44 PM,24715.0,0,0.0,92743550325.0
2025-08-01 12:41:44 PM,24715.0,225,5560875.0,92749111200.0
2025-08-01 12:41:45 PM,24710.0,0,0.0,92749111200.0
2025-08-01 12:41:46 PM,24710.0,75,1853250.0,92750964450.0
2025-08-01 12:41:47 PM,24714.7,0,0.0,92750964450.0
2025-08-01 12:41:48 PM,24714.4,0,0.0,92750964450.0
2025-08-01 12:41:48 PM,24714.4,225,5560740.0,92756525190.0
2025-08-01 12:41:52 PM,24713.4,0,0.0,92756525190.0
2025-08-01 12:41:53 PM,24713.4,75,1853505.0,92758378695.0
2025-08-01 12:41:53 PM,24714.7,0,0.0,92758378695.0
2025-08-01 12:41:54 PM,24714.7,75,1853602.5,92760232297.5
2025-08-01 12:41:55 PM,24715.0,0,0.0,92760232297.5
2025-08-01 12:41:56 PM,24715.0,450,11121750.0,92771354047.5
2025-08-01 12:41:58 PM,24714.4,0,0.0,92771354047.5
2025-08-01 12:41:59 PM,24714.4,75,1853580.0,92773207627.5
2025-08-01 12:42:00 PM,24715.0,0,0.0,92773207627.5
2025-08-01 12:42:01 PM,24715.0,75,1853625.0,92775061252.5
2025-08-01 12:42:02 PM,24710.0,0,0.0,92775061252.5
2025-08-01 12:42:03 PM,24708.5,0,0.0,92775061252.5
2025-08-01 12:42:03 PM,24708.5,300,7412550.0,92782473802.5
2025-08-01 12:42:03 PM,24710.5,0,0.0,92782473802.5
2025-08-01 12:42:04 PM,24710.5,150,3706575.0,92786180377.5
2025-08-01 12:42:06 PM,24709.3,0,0.0,92786180377.5
2025-08-01 12:42:07 PM,24705.0,0,0.0,92786180377.5
2025-08-01 12:42:08 PM,24705.0,150,3705750.0,92789886127.5
2025-08-01 12:42:10 PM,24705.8,0,0.0,92789886127.5
2025-08-01 12:42:10 PM,24705.4,0,0.0,92789886127.5
2025-08-01 12:42:11 PM,24705.4,150,3705810.0,92793591937.5
2025-08-01 12:42:13 PM,24708.0,0,0.0,92793591937.5
2025-08-01 12:42:14 PM,24708.9,0,0.0,92793591937.5
2025-08-01 12:42:14 PM,24708.9,225,5559502.5,92799151440.0
2025-08-01 12:42:16 PM,24709.0,0,0.0,92799151440.0
2025-08-01 12:42:18 PM,24709.0,75,1853175.0,92801004615.0
2025-08-01 12:42:20 PM,24711.1,0,0.0,92801004615.0
2025-08-01 12:42:21 PM,24711.1,150,3706665.0,92804711280.0
2025-08-01 12:42:23 PM,24707.0,0,0.0,92804711280.0
2025-08-01 12:42:23 PM,24705.0,0,0.0,92804711280.0
2025-08-01 12:42:23 PM,24705.0,675,16675875.0,92821387155.0
2025-08-01 12:42:24 PM,24708.9,0,0.0,92821387155.0
2025-08-01 12:42:24 PM,24708.9,525,12972172.5,92834359327.5
2025-08-01 12:42:25 PM,24712.5,0,0.0,92834359327.5
2025-08-01 12:42:26 PM,24712.5,150,3706875.0,92838066202.5
2025-08-01 12:42:29 PM,24707.4,0,0.0,92838066202.5
2025-08-01 12:42:29 PM,24709.7,0,0.0,92838066202.5
2025-08-01 12:42:29 PM,24709.7,150,3706455.0,92841772657.5
2025-08-01 12:42:35 PM,24711.0,0,0.0,92841772657.5
2025-08-01 12:42:36 PM,24711.0,150,3706650.0,92845479307.5
2025-08-01 12:42:36 PM,24706.8,0,0.0,92845479307.5
2025-08-01 12:42:38 PM,24706.8,750,18530100.0,92864009407.5
2025-08-01 12:42:41 PM,24713.9,0,0.0,92864009407.5
2025-08-01 12:42:43 PM,24713.9,75,1853542.5,92865862950.0
2025-08-01 12:42:45 PM,24712.2,0,0.0,92865862950.0
2025-08-01 12:42:46 PM,24712.2,75,1853415.0,92867716365.0
2025-08-01 12:42:47 PM,24714.0,0,0.0,92867716365.0
2025-08-01 12:42:48 PM,24714.0,150,3707100.0,92871423465.0
2025-08-01 12:42:50 PM,24709.7,0,0.0,92871423465.0
2025-08-01 12:42:51 PM,24712.3,0,0.0,92871423465.0
2025-08-01 12:42:51 PM,24712.3,150,3706845.0,92875130310.0
2025-08-01 12:42:54 PM,24713.9,0,0.0,92875130310.0
2025-08-01 12:42:54 PM,24713.9,225,5560627.5,92880690937.5
2025-08-01 12:42:55 PM,24715.0,0,0.0,92880690937.5
2025-08-01 12:42:56 PM,24715.0,525,12975375.0,92893666312.5
2025-08-01 12:42:56 PM,24712.4,0,0.0,92893666312.5
2025-08-01 12:42:58 PM,24712.4,75,1853430.0,92895519742.5
2025-08-01 12:42:58 PM,24716.5,0,0.0,92895519742.5
2025-08-01 12:42:59 PM,24716.8,0,0.0,92895519742.5
2025-08-01 12:42:59 PM,24716.8,300,7415040.0,92902934782.5
2025-08-01 12:43:01 PM,24713.9,0,0.0,92902934782.5
2025-08-01 12:43:01 PM,24713.9,75,1853542.5,92904788325.0
2025-08-01 12:43:01 PM,24712.9,0,0.0,92904788325.0
2025-08-01 12:43:03 PM,24712.9,75,1853467.5,92906641792.5
2025-08-01 12:43:03 PM,24710.0,0,0.0,92906641792.5
2025-08-01 12:43:04 PM,24710.0,525,12972750.0,92919614542.5
2025-08-01 12:43:06 PM,24702.9,1050,25938045.0,92945552587.5
2025-08-01 12:43:07 PM,24702.0,0,0.0,92945552587.5
2025-08-01 12:43:08 PM,24702.0,150,3705300.0,92949257887.5
2025-08-01 12:43:08 PM,24701.0,0,0.0,92949257887.5
2025-08-01 12:43:09 PM,24701.0,1275,31493775.0,92980751662.5
2025-08-01 12:43:10 PM,24700.6,0,0.0,92980751662.5
2025-08-01 12:43:11 PM,24700.4,225,5557590.0,92986309252.5
2025-08-01 12:43:12 PM,24701.3,0,0.0,92986309252.5
2025-08-01 12:43:12 PM,24700.1,0,0.0,92986309252.5
2025-08-01 12:43:13 PM,24700.1,825,20377582.5,93006686835.0
2025-08-01 12:43:13 PM,24704.1,0,0.0,93006686835.0
2025-08-01 12:43:14 PM,24700.6,0,0.0,93006686835.0
2025-08-01 12:43:14 PM,24700.6,375,9262725.0,93015949560.0
2025-08-01 12:43:15 PM,24700.0,0,0.0,93015949560.0
2025-08-01 12:43:16 PM,24700.0,2325,57427500.0,93073377060.0
2025-08-01 12:43:16 PM,24700.6,0,0.0,93073377060.0
2025-08-01 12:43:17 PM,24700.0,0,0.0,93073377060.0
2025-08-01 12:43:18 PM,24700.0,900,22230000.0,93095607060.0
2025-08-01 12:43:18 PM,24700.3,0,0.0,93095607060.0
2025-08-01 12:43:19 PM,24700.6,0,0.0,93095607060.0
2025-08-01 12:43:19 PM,24700.6,375,9262725.0,93104869785.0
2025-08-01 12:43:19 PM,24700.0,150,3705000.0,93108574785.0
2025-08-01 12:43:21 PM,24700.0,150,3705000.0,93112279785.0
2025-08-01 12:43:22 PM,24702.4,0,0.0,93112279785.0
2025-08-01 12:43:23 PM,24700.0,900,22230000.0,93134509785.0
2025-08-01 12:43:23 PM,24700.0,75,1852500.0,93136362285.0
2025-08-01 12:43:24 PM,24700.3,3150,77805945.0,93214168230.0
2025-08-01 12:43:25 PM,24700.0,0,0.0,93214168230.0
2025-08-01 12:43:26 PM,24700.0,825,20377500.0,93234545730.0
2025-08-01 12:43:27 PM,24700.5,0,0.0,93234545730.0
2025-08-01 12:43:28 PM,24700.5,75,1852537.5,93236398267.5
2025-08-01 12:43:28 PM,24700.0,75,1852500.0,93238250767.5
2025-08-01 12:43:28 PM,24700.5,0,0.0,93238250767.5
2025-08-01 12:43:29 PM,24700.5,750,18525375.0,93256776142.5
2025-08-01 12:43:30 PM,24700.0,0,0.0,93256776142.5
2025-08-01 12:43:31 PM,24700.0,2025,50017500.0,93306793642.5
2025-08-01 12:43:32 PM,24697.0,0,0.0,93306793642.5
2025-08-01 12:43:32 PM,24694.2,0,0.0,93306793642.5
2025-08-01 12:43:33 PM,24697.0,6075,150034275.0,93456827917.5
2025-08-01 12:43:33 PM,24697.0,150,3704550.0,93460532467.5
2025-08-01 12:43:33 PM,24694.0,0,0.0,93460532467.5
2025-08-01 12:43:34 PM,24694.0,2700,66673800.0,93527206267.5
2025-08-01 12:43:34 PM,24696.9,0,0.0,93527206267.5
2025-08-01 12:43:35 PM,24697.0,0,0.0,93527206267.5
2025-08-01 12:43:36 PM,24697.0,1350,33340950.0,93560547217.5
2025-08-01 12:43:36 PM,24693.3,0,0.0,93560547217.5
2025-08-01 12:43:37 PM,24696.9,0,0.0,93560547217.5
2025-08-01 12:43:37 PM,24693.3,0,0.0,93560547217.5
2025-08-01 12:43:38 PM,24693.3,525,12963982.5,93573511200.0
2025-08-01 12:43:38 PM,24693.1,0,0.0,93573511200.0
2025-08-01 12:43:39 PM,24692.4,2400,59261760.0,93632772960.0
2025-08-01 12:43:40 PM,24691.8,0,0.0,93632772960.0
2025-08-01 12:43:41 PM,24691.8,1200,29630160.0,93662403120.0
2025-08-01 12:43:41 PM,24691.6,0,0.0,93662403120.0
2025-08-01 12:43:42 PM,24693.3,0,0.0,93662403120.0
2025-08-01 12:43:42 PM,24693.3,375,9259987.5,93671663107.5
2025-08-01 12:43:43 PM,24691.1,0,0.0,93671663107.5
2025-08-01 12:43:44 PM,24692.0,1125,27778500.0,93699441607.5
2025-08-01 12:43:45 PM,24690.1,0,0.0,93699441607.5
2025-08-01 12:43:46 PM,24690.0,3750,92587500.0,93792029107.5
2025-08-01 12:43:46 PM,24691.0,0,0.0,93792029107.5
2025-08-01 12:43:46 PM,24692.0,0,0.0,93792029107.5
2025-08-01 12:43:47 PM,24697.9,0,0.0,93792029107.5
2025-08-01 12:43:47 PM,24697.9,8100,200052990.0,93992082097.5
2025-08-01 12:43:48 PM,24698.5,0,0.0,93992082097.5
2025-08-01 12:43:49 PM,24698.5,1725,42604912.5,94034687010.0
2025-08-01 12:43:50 PM,24696.9,0,0.0,94034687010.0
2025-08-01 12:43:51 PM,24695.0,150,3704250.0,94038391260.0
2025-08-01 12:43:51 PM,24695.0,300,7408500.0,94045799760.0
2025-08-01 12:43:52 PM,24699.1,0,0.0,94045799760.0
2025-08-01 12:43:52 PM,24695.0,0,0.0,94045799760.0
2025-08-01 12:43:52 PM,24699.7,300,7409910.0,94053209670.0
2025-08-01 12:43:54 PM,24695.0,225,5556375.0,94058766045.0
2025-08-01 12:43:54 PM,24698.7,0,0.0,94058766045.0
2025-08-01 12:43:54 PM,24699.1,0,0.0,94058766045.0
2025-08-01 12:43:55 PM,24695.0,0,0.0,94058766045.0
2025-08-01 12:43:56 PM,24698.3,450,11114235.0,94069880280.0
2025-08-01 12:43:56 PM,24695.0,75,1852125.0,94071732405.0
2025-08-01 12:43:58 PM,24696.9,0,0.0,94071732405.0
2025-08-01 12:43:59 PM,24696.9,75,1852267.5,94073584672.5
2025-08-01 12:43:59 PM,24697.9,75,1852342.5,94075437015.0
2025-08-01 12:44:00 PM,24699.0,0,0.0,94075437015.0
2025-08-01 12:44:01 PM,24699.0,375,9262125.0,94084699140.0
2025-08-01 12:44:01 PM,24698.9,0,0.0,94084699140.0
2025-08-01 12:44:01 PM,24704.9,0,0.0,94084699140.0
2025-08-01 12:44:02 PM,24707.2,0,0.0,94084699140.0
2025-08-01 12:44:02 PM,24707.2,2025,50032080.0,94134731220.0
2025-08-01 12:44:03 PM,24702.7,0,0.0,94134731220.0
2025-08-01 12:44:03 PM,24708.9,0,0.0,94134731220.0
2025-08-01 12:44:04 PM,24702.7,975,24085132.5,94158816352.5
2025-08-01 12:44:04 PM,24702.3,75,1852672.5,94160669025.0
2025-08-01 12:44:05 PM,24707.9,0,0.0,94160669025.0
2025-08-01 12:44:06 PM,24702.2,150,3705330.0,94164374355.0
2025-08-01 12:44:06 PM,24700.6,150,3705090.0,94168079445.0
2025-08-01 12:44:07 PM,24701.1,0,0.0,94168079445.0
2025-08-01 12:44:07 PM,24707.9,300,7412370.0,94175491815.0
2025-08-01 12:44:08 PM,24703.0,0,0.0,94175491815.0
2025-08-01 12:44:09 PM,24703.0,300,7410900.0,94182902715.0
2025-08-01 12:44:11 PM,24704.3,0,0.0,94182902715.0
2025-08-01 12:44:11 PM,24704.3,150,3705645.0,94186608360.0
2025-08-01 12:44:12 PM,24703.5,0,0.0,94186608360.0
2025-08-01 12:44:12 PM,24703.5,300,7411050.0,94194019410.0
2025-08-01 12:44:13 PM,24702.6,0,0.0,94194019410.0
2025-08-01 12:44:14 PM,24711.9,375,9266962.5,94203286372.5
2025-08-01 12:44:15 PM,24707.9,0,0.0,94203286372.5
2025-08-01 12:44:15 PM,24711.7,0,0.0,94203286372.5
2025-08-01 12:44:16 PM,24710.0,375,9266250.0,94212552622.5
2025-08-01 12:44:16 PM,24712.6,0,0.0,94212552622.5
2025-08-01 12:44:17 PM,24707.9,0,0.0,94212552622.5
2025-08-01 12:44:17 PM,24707.9,525,12971647.5,94225524270.0
2025-08-01 12:44:18 PM,24709.5,0,0.0,94225524270.0
2025-08-01 12:44:19 PM,24709.5,75,1853212.5,94227377482.5
2025-08-01 12:44:20 PM,24713.4,0,0.0,94227377482.5
2025-08-01 12:44:20 PM,24711.9,0,0.0,94227377482.5
2025-08-01 12:44:21 PM,24711.9,300,7413570.0,94234791052.5
2025-08-01 12:44:21 PM,24711.8,0,0.0,94234791052.5
2025-08-01 12:44:22 PM,24712.8,225,5560380.0,94240351432.5
2025-08-01 12:44:22 PM,24707.9,0,0.0,94240351432.5
2025-08-01 12:44:23 PM,24711.9,0,0.0,94240351432.5
2025-08-01 12:44:23 PM,24712.4,0,0.0,94240351432.5
2025-08-01 12:44:24 PM,24711.9,1500,37067850.0,94277419282.5
2025-08-01 12:44:24 PM,24712.0,0,0.0,94277419282.5
2025-08-01 12:44:25 PM,24707.9,0,0.0,94277419282.5
2025-08-01 12:44:26 PM,24707.9,300,7412370.0,94284831652.5
2025-08-01 12:44:27 PM,24711.0,0,0.0,94284831652.5
2025-08-01 12:44:27 PM,24711.0,75,1853325.0,94286684977.5
2025-08-01 12:44:29 PM,24712.0,0,0.0,94286684977.5
2025-08-01 12:44:29 PM,24712.4,0,0.0,94286684977.5
2025-08-01 12:44:29 PM,24712.4,450,11120580.0,94297805557.5
2025-08-01 12:44:29 PM,24707.0,0,0.0,94297805557.5
2025-08-01 12:44:30 PM,24705.0,0,0.0,94297805557.5
2025-08-01 12:44:31 PM,24705.0,225,5558625.0,94303364182.5
2025-08-01 12:44:31 PM,24710.4,0,0.0,94303364182.5
2025-08-01 12:44:32 PM,24710.9,0,0.0,94303364182.5
2025-08-01 12:44:32 PM,24710.9,375,9266587.5,94312630770.0
2025-08-01 12:44:33 PM,24707.0,0,0.0,94312630770.0
2025-08-01 12:44:34 PM,24705.0,900,22234500.0,94334865270.0
2025-08-01 12:44:36 PM,24705.0,150,3705750.0,94338571020.0
2025-08-01 12:44:38 PM,24709.5,0,0.0,94338571020.0
2025-08-01 12:44:39 PM,24707.9,150,3706185.0,94342277205.0
2025-08-01 12:44:39 PM,24705.0,150,3705750.0,94345982955.0
2025-08-01 12:44:39 PM,24707.8,0,0.0,94345982955.0
2025-08-01 12:44:40 PM,24708.7,0,0.0,94345982955.0
2025-08-01 12:44:41 PM,24708.7,150,3706305.0,94349689260.0
2025-08-01 12:44:41 PM,24705.0,0,0.0,94349689260.0
2025-08-01 12:44:42 PM,24709.0,0,0.0,94349689260.0
2025-08-01 12:44:42 PM,24709.0,825,20384925.0,94370074185.0
2025-08-01 12:44:44 PM,24704.9,0,0.0,94370074185.0
2025-08-01 12:44:44 PM,24704.9,75,1852867.5,94371927052.5
2025-08-01 12:44:44 PM,24703.0,0,0.0,94371927052.5
2025-08-01 12:44:45 PM,24702.6,0,0.0,94371927052.5
2025-08-01 12:44:46 PM,24702.6,225,5558085.0,94377485137.5
2025-08-01 12:44:46 PM,24702.0,0,0.0,94377485137.5
2025-08-01 12:44:47 PM,24702.0,75,1852650.0,94379337787.5
2025-08-01 12:44:47 PM,24704.9,0,0.0,94379337787.5
2025-08-01 12:44:49 PM,24704.9,75,1852867.5,94381190655.0
2025-08-01 12:44:51 PM,24703.3,0,0.0,94381190655.0
2025-08-01 12:44:52 PM,24705.0,0,0.0,94381190655.0
2025-08-01 12:44:52 PM,24705.0,450,11117250.0,94392307905.0
2025-08-01 12:44:53 PM,24703.7,0,0.0,94392307905.0
2025-08-01 12:44:54 PM,24703.7,75,1852777.5,94394160682.5
2025-08-01 12:44:59 PM,24708.0,0,0.0,94394160682.5
2025-08-01 12:45:01 PM,24708.0,150,3706200.0,94397866882.5
2025-08-01 12:45:02 PM,24708.0,75,1853100.0,94399719982.5
2025-08-01 12:45:03 PM,24705.0,0,0.0,94399719982.5
2025-08-01 12:45:03 PM,24703.9,0,0.0,94399719982.5
2025-08-01 12:45:04 PM,24703.0,300,7410900.0,94407130882.5
2025-08-01 12:45:04 PM,24702.0,0,0.0,94407130882.5
2025-08-01 12:45:06 PM,24705.9,0,0.0,94407130882.5
2025-08-01 12:45:06 PM,24705.9,150,3705885.0,94410836767.5
2025-08-01 12:45:06 PM,24705.0,75,1852875.0,94412689642.5
2025-08-01 12:45:06 PM,24705.9,0,0.0,94412689642.5
2025-08-01 12:45:07 PM,24705.9,225,5558827.5,94418248470.0
2025-08-01 12:45:11 PM,24705.9,150,3705885.0,94421954355.0
2025-08-01 12:45:12 PM,24705.0,0,0.0,94421954355.0
2025-08-01 12:45:12 PM,24705.0,75,1852875.0,94423807230.0
2025-08-01 12:45:13 PM,24702.2,0,0.0,94423807230.0
2025-08-01 12:45:13 PM,24702.7,0,0.0,94423807230.0
2025-08-01 12:45:14 PM,24702.7,150,3705405.0,94427512635.0
2025-08-01 12:45:15 PM,24703.9,0,0.0,94427512635.0
2025-08-01 12:45:16 PM,24703.9,75,1852792.5,94429365427.5
2025-08-01 12:45:17 PM,24703.0,0,0.0,94429365427.5
2025-08-01 12:45:17 PM,24703.0,150,3705450.0,94433070877.5
2025-08-01 12:45:19 PM,24703.0,750,18527250.0,94451598127.5
2025-08-01 12:45:19 PM,24708.0,0,0.0,94451598127.5
2025-08-01 12:45:21 PM,24708.0,75,1853100.0,94453451227.5
2025-08-01 12:45:22 PM,24705.6,0,0.0,94453451227.5
2025-08-01 12:45:22 PM,24705.6,75,1852920.0,94455304147.5
2025-08-01 12:45:25 PM,24705.3,0,0.0,94455304147.5
2025-08-01 12:45:25 PM,24708.5,0,0.0,94455304147.5
2025-08-01 12:45:26 PM,24708.5,150,3706275.0,94459010422.5
2025-08-01 12:45:26 PM,24705.3,0,0.0,94459010422.5
2025-08-01 12:45:27 PM,24705.3,75,1852897.5,94460863320.0
2025-08-01 12:45:28 PM,24708.0,0,0.0,94460863320.0
2025-08-01 12:45:29 PM,24708.0,75,1853100.0,94462716420.0
2025-08-01 12:45:31 PM,24708.0,75,1853100.0,94464569520.0
2025-08-01 12:45:33 PM,24703.3,0,0.0,94464569520.0
2025-08-01 12:45:33 PM,24709.2,0,0.0,94464569520.0
2025-08-01 12:45:33 PM,24709.4,0,0.0,94464569520.0
2025-08-01 12:45:34 PM,24709.4,300,7412820.0,94471982340.0
2025-08-01 12:45:34 PM,24709.5,0,0.0,94471982340.0
2025-08-01 12:45:35 PM,24709.8,0,0.0,94471982340.0
2025-08-01 12:45:36 PM,24709.8,225,5559705.0,94477542045.0
2025-08-01 12:45:38 PM,24708.7,0,0.0,94477542045.0
2025-08-01 12:45:39 PM,24709.1,0,0.0,94477542045.0
2025-08-01 12:45:39 PM,24709.1,150,3706365.0,94481248410.0
2025-08-01 12:45:40 PM,24709.6,0,0.0,94481248410.0
2025-08-01 12:45:41 PM,24707.5,0,0.0,94481248410.0
2025-08-01 12:45:41 PM,24707.5,375,9265312.5,94490513722.5
2025-08-01 12:45:43 PM,24704.0,0,0.0,94490513722.5
2025-08-01 12:45:44 PM,24704.0,375,9264000.0,94499777722.5
2025-08-01 12:45:45 PM,24706.4,0,0.0,94499777722.5
2025-08-01 12:45:46 PM,24706.4,75,1852980.0,94501630702.5
2025-08-01 12:45:46 PM,24708.7,0,0.0,94501630702.5
2025-08-01 12:45:47 PM,24708.7,300,7412610.0,94509043312.5
2025-08-01 12:45:48 PM,24708.8,0,0.0,94509043312.5
2025-08-01 12:45:49 PM,24708.8,75,1853160.0,94510896472.5
2025-08-01 12:45:54 PM,24705.0,0,0.0,94510896472.5
2025-08-01 12:45:54 PM,24705.0,75,1852875.0,94512749347.5
2025-08-01 12:45:55 PM,24703.6,0,0.0,94512749347.5
2025-08-01 12:45:56 PM,24703.6,150,3705540.0,94516454887.5
2025-08-01 12:45:58 PM,24707.0,0,0.0,94516454887.5
2025-08-01 12:45:58 PM,24705.3,0,0.0,94516454887.5
2025-08-01 12:45:59 PM,24707.0,225,5559075.0,94522013962.5
2025-08-01 12:46:00 PM,24705.3,0,0.0,94522013962.5
2025-08-01 12:46:01 PM,24705.3,150,3705795.0,94525719757.5
2025-08-01 12:46:02 PM,24708.8,0,0.0,94525719757.5
2025-08-01 12:46:02 PM,24708.8,75,1853160.0,94527572917.5
2025-08-01 12:46:06 PM,24707.0,0,0.0,94527572917.5
2025-08-01 12:46:07 PM,24707.0,75,1853025.0,94529425942.5
2025-08-01 12:46:08 PM,24706.8,0,0.0,94529425942.5
2025-08-01 12:46:08 PM,24706.0,0,0.0,94529425942.5
2025-08-01 12:46:09 PM,24706.0,150,3705900.0,94533131842.5
2025-08-01 12:46:10 PM,24705.3,0,0.0,94533131842.5
2025-08-01 12:46:10 PM,24706.0,0,0.0,94533131842.5
2025-08-01 12:46:11 PM,24706.0,150,3705900.0,94536837742.5
2025-08-01 12:46:11 PM,24707.4,0,0.0,94536837742.5
2025-08-01 12:46:12 PM,24707.4,75,1853055.0,94538690797.5
2025-08-01 12:46:13 PM,24708.0,0,0.0,94538690797.5
2025-08-01 12:46:13 PM,24710.0,0,0.0,94538690797.5
2025-08-01 12:46:14 PM,24708.0,675,16677900.0,94555368697.5
2025-08-01 12:46:16 PM,24708.0,75,1853100.0,94557221797.5
2025-08-01 12:46:16 PM,24707.4,0,0.0,94557221797.5
2025-08-01 12:46:17 PM,24708.0,150,3706200.0,94560927997.5
2025-08-01 12:46:19 PM,24707.4,0,0.0,94560927997.5
2025-08-01 12:46:19 PM,24703.0,0,0.0,94560927997.5
2025-08-01 12:46:21 PM,24703.0,525,12969075.0,94573897072.5
2025-08-01 12:46:21 PM,24706.4,0,0.0,94573897072.5
2025-08-01 12:46:22 PM,24706.4,225,5558940.0,94579456012.5
2025-08-01 12:46:23 PM,24703.9,0,0.0,94579456012.5
2025-08-01 12:46:24 PM,24703.0,450,11116350.0,94590572362.5
2025-08-01 12:46:25 PM,24703.9,0,0.0,94590572362.5
2025-08-01 12:46:26 PM,24703.9,75,1852792.5,94592425155.0
2025-08-01 12:46:26 PM,24703.0,0,0.0,94592425155.0
2025-08-01 12:46:27 PM,24703.0,150,3705450.0,94596130605.0
2025-08-01 12:46:28 PM,24703.9,0,0.0,94596130605.0
2025-08-01 12:46:28 PM,24703.0,0,0.0,94596130605.0
2025-08-01 12:46:29 PM,24703.9,1200,29644680.0,94625775285.0
2025-08-01 12:46:29 PM,24702.8,0,0.0,94625775285.0
2025-08-01 12:46:30 PM,24703.9,0,0.0,94625775285.0
2025-08-01 12:46:31 PM,24703.9,150,3705585.0,94629480870.0
2025-08-01 12:46:31 PM,24703.9,225,5558377.5,94635039247.5
2025-08-01 12:46:31 PM,24709.0,0,0.0,94635039247.5
2025-08-01 12:46:32 PM,24704.1,600,14822460.0,94649861707.5
2025-08-01 12:46:34 PM,24703.6,0,0.0,94649861707.5
2025-08-01 12:46:34 PM,24703.6,75,1852770.0,94651714477.5
2025-08-01 12:46:34 PM,24709.0,0,0.0,94651714477.5
2025-08-01 12:46:36 PM,24708.4,150,3706260.0,94655420737.5
2025-08-01 12:46:37 PM,24709.0,0,0.0,94655420737.5
2025-08-01 12:46:37 PM,24709.9,375,9266212.5,94664686950.0
2025-08-01 12:46:38 PM,24709.0,0,0.0,94664686950.0
2025-08-01 12:46:39 PM,24709.0,75,1853175.0,94666540125.0
2025-08-01 12:46:39 PM,24705.0,0,0.0,94666540125.0
2025-08-01 12:46:40 PM,24707.8,0,0.0,94666540125.0
2025-08-01 12:46:41 PM,24708.2,1275,31502955.0,94698043080.0
2025-08-01 12:46:41 PM,24703.0,0,0.0,94698043080.0
2025-08-01 12:46:42 PM,24703.0,150,3705450.0,94701748530.0
2025-08-01 12:46:43 PM,24706.7,0,0.0,94701748530.0
2025-08-01 12:46:44 PM,24706.7,75,1853002.5,94703601532.5
2025-08-01 12:46:44 PM,24703.0,0,0.0,94703601532.5
2025-08-01 12:46:46 PM,24703.0,450,11116350.0,94714717882.5
2025-08-01 12:46:47 PM,24707.8,150,3706170.0,94718424052.5
2025-08-01 12:46:48 PM,24707.0,0,0.0,94718424052.5
2025-08-01 12:46:49 PM,24707.0,75,1853025.0,94720277077.5
2025-08-01 12:46:49 PM,24708.4,0,0.0,94720277077.5
2025-08-01 12:46:51 PM,24708.4,75,1853130.0,94722130207.5
2025-08-01 12:46:51 PM,24707.1,0,0.0,94722130207.5
2025-08-01 12:46:52 PM,24707.1,75,1853032.5,94723983240.0
2025-08-01 12:46:55 PM,24709.8,0,0.0,94723983240.0
2025-08-01 12:46:56 PM,24709.8,75,1853235.0,94725836475.0
2025-08-01 12:46:58 PM,24707.1,0,0.0,94725836475.0
2025-08-01 12:46:59 PM,24707.1,75,1853032.5,94727689507.5
2025-08-01 12:47:01 PM,24709.9,0,0.0,94727689507.5
2025-08-01 12:47:01 PM,24710.0,0,0.0,94727689507.5
2025-08-01 12:47:02 PM,24710.8,975,24093030.0,94751782537.5
2025-08-01 12:47:05 PM,24711.8,0,0.0,94751782537.5
2025-08-01 12:47:05 PM,24707.1,0,0.0,94751782537.5
2025-08-01 12:47:06 PM,24707.1,525,12971227.5,94764753765.0
2025-08-01 12:47:07 PM,24712.0,0,0.0,94764753765.0
2025-08-01 12:47:07 PM,24712.0,150,3706800.0,94768460565.0
2025-08-01 12:47:09 PM,24712.0,75,1853400.0,94770313965.0
2025-08-01 12:47:10 PM,24713.0,0,0.0,94770313965.0
2025-08-01 12:47:11 PM,24713.0,75,1853475.0,94772167440.0
2025-08-01 12:47:12 PM,24713.0,75,1853475.0,94774020915.0
2025-08-01 12:47:13 PM,24713.3,0,0.0,94774020915.0
2025-08-01 12:47:13 PM,24710.8,0,0.0,94774020915.0
2025-08-01 12:47:14 PM,24710.8,150,3706620.0,94777727535.0
2025-08-01 12:47:15 PM,24709.8,0,0.0,94777727535.0
2025-08-01 12:47:16 PM,24709.8,150,3706470.0,94781434005.0
2025-08-01 12:47:16 PM,24713.3,75,1853497.5,94783287502.5
2025-08-01 12:47:17 PM,24713.6,0,0.0,94783287502.5
2025-08-01 12:47:17 PM,24713.6,75,1853520.0,94785141022.5
2025-08-01 12:47:18 PM,24713.9,0,0.0,94785141022.5
2025-08-01 12:47:19 PM,24713.9,2100,51899190.0,94837040212.5
2025-08-01 12:47:22 PM,24713.9,225,5560627.5,94842600840.0
2025-08-01 12:47:23 PM,24714.0,0,0.0,94842600840.0
2025-08-01 12:47:24 PM,24715.0,0,0.0,94842600840.0
2025-08-01 12:47:24 PM,24715.0,1125,27804375.0,94870405215.0
2025-08-01 12:47:25 PM,24714.3,0,0.0,94870405215.0
2025-08-01 12:47:26 PM,24714.3,75,1853572.5,94872258787.5
2025-08-01 12:47:29 PM,24714.3,150,3707145.0,94875965932.5
2025-08-01 12:47:31 PM,24713.9,0,0.0,94875965932.5
2025-08-01 12:47:31 PM,24713.9,150,3707085.0,94879673017.5
2025-08-01 12:47:31 PM,24710.8,0,0.0,94879673017.5
2025-08-01 12:47:31 PM,24710.8,75,1853310.0,94881526327.5
2025-08-01 12:47:31 PM,24712.9,0,0.0,94881526327.5
2025-08-01 12:47:32 PM,24712.9,150,3706935.0,94885233262.5
2025-08-01 12:47:35 PM,24716.0,0,0.0,94885233262.5
2025-08-01 12:47:36 PM,24716.0,300,7414800.0,94892648062.5
2025-08-01 12:47:37 PM,24715.0,0,0.0,94892648062.5
2025-08-01 12:47:37 PM,24712.0,0,0.0,94892648062.5
2025-08-01 12:47:37 PM,24712.0,150,3706800.0,94896354862.5
2025-08-01 12:47:39 PM,24715.0,0,0.0,94896354862.5
2025-08-01 12:47:39 PM,24718.9,0,0.0,94896354862.5
2025-08-01 12:47:40 PM,24718.8,0,0.0,94896354862.5
2025-08-01 12:47:41 PM,24718.8,1050,25954740.0,94922309602.5
2025-08-01 12:47:42 PM,24718.9,0,0.0,94922309602.5
2025-08-01 12:47:42 PM,24718.9,75,1853917.5,94924163520.0
2025-08-01 12:47:44 PM,24718.6,225,5561685.0,94929725205.0
2025-08-01 12:47:47 PM,24718.0,0,0.0,94929725205.0
2025-08-01 12:47:47 PM,24718.0,75,1853850.0,94931579055.0
2025-08-01 12:47:48 PM,24719.8,0,0.0,94931579055.0
2025-08-01 12:47:49 PM,24719.8,150,3707970.0,94935287025.0
2025-08-01 12:47:54 PM,24719.8,300,7415940.0,94942702965.0
2025-08-01 12:47:57 PM,24715.0,0,0.0,94942702965.0
2025-08-01 12:47:57 PM,24715.0,150,3707250.0,94946410215.0
2025-08-01 12:47:59 PM,24719.7,0,0.0,94946410215.0
2025-08-01 12:47:59 PM,24719.7,150,3707955.0,94950118170.0
2025-08-01 12:48:01 PM,24715.0,0,0.0,94950118170.0
2025-08-01 12:48:01 PM,24714.0,0,0.0,94950118170.0
2025-08-01 12:48:02 PM,24713.9,0,0.0,94950118170.0
2025-08-01 12:48:02 PM,24713.9,225,5560627.5,94955678797.5
2025-08-01 12:48:03 PM,24713.0,0,0.0,94955678797.5
2025-08-01 12:48:03 PM,24713.9,0,0.0,94955678797.5
2025-08-01 12:48:04 PM,24713.9,150,3707085.0,94959385882.5
2025-08-01 12:48:07 PM,24713.9,75,1853542.5,94961239425.0
2025-08-01 12:48:08 PM,24717.7,0,0.0,94961239425.0
2025-08-01 12:48:09 PM,24717.7,525,12976792.5,94974216217.5
2025-08-01 12:48:12 PM,24713.9,0,0.0,94974216217.5
2025-08-01 12:48:14 PM,24713.9,450,11121255.0,94985337472.5
2025-08-01 12:48:18 PM,24718.4,0,0.0,94985337472.5
2025-08-01 12:48:18 PM,24718.9,0,0.0,94985337472.5
2025-08-01 12:48:19 PM,24713.9,300,7414170.0,94992751642.5
2025-08-01 12:48:19 PM,24713.9,75,1853542.5,94994605185.0
2025-08-01 12:48:21 PM,24713.0,0,0.0,94994605185.0
2025-08-01 12:48:22 PM,24713.0,150,3706950.0,94998312135.0
2025-08-01 12:48:23 PM,24715.3,0,0.0,94998312135.0
2025-08-01 12:48:24 PM,24712.0,0,0.0,94998312135.0
2025-08-01 12:48:24 PM,24712.0,150,3706800.0,95002018935.0
2025-08-01 12:48:24 PM,24711.0,0,0.0,95002018935.0
2025-08-01 12:48:25 PM,24715.3,0,0.0,95002018935.0
2025-08-01 12:48:26 PM,24715.3,150,3707295.0,95005726230.0
2025-08-01 12:48:28 PM,24717.7,0,0.0,95005726230.0
2025-08-01 12:48:29 PM,24717.7,1800,44491860.0,95050218090.0
2025-08-01 12:48:29 PM,24711.1,0,0.0,95050218090.0
2025-08-01 12:48:31 PM,24711.1,75,1853332.5,95052071422.5
2025-08-01 12:48:32 PM,24717.6,0,0.0,95052071422.5
2025-08-01 12:48:32 PM,24717.6,225,5561460.0,95057632882.5
2025-08-01 12:48:33 PM,24711.0,0,0.0,95057632882.5
2025-08-01 12:48:34 PM,24711.0,75,1853325.0,95059486207.5
2025-08-01 12:48:38 PM,24711.4,0,0.0,95059486207.5
2025-08-01 12:48:39 PM,24711.4,2700,66720780.00000001,95126206987.5
2025-08-01 12:48:40 PM,24717.8,0,0.0,95126206987.5
2025-08-01 12:48:41 PM,24717.8,75,1853835.0,95128060822.5
2025-08-01 12:48:43 PM,24712.4,0,0.0,95128060822.5
2025-08-01 12:48:44 PM,24712.4,75,1853430.0,95129914252.5
2025-08-01 12:48:47 PM,24711.0,0,0.0,95129914252.5
2025-08-01 12:48:47 PM,24711.0,450,11119950.0,95141034202.5
2025-08-01 12:48:48 PM,24717.6,0,0.0,95141034202.5
2025-08-01 12:48:49 PM,24717.6,675,16684379.999999998,95157718582.5
2025-08-01 12:48:51 PM,24717.5,0,0.0,95157718582.5
2025-08-01 12:48:52 PM,24717.5,150,3707625.0,95161426207.5
2025-08-01 12:48:52 PM,24711.0,0,0.0,95161426207.5
2025-08-01 12:48:54 PM,24711.0,75,1853325.0,95163279532.5
2025-08-01 12:48:57 PM,24717.5,75,1853812.5,95165133345.0
2025-08-01 12:48:57 PM,24717.7,0,0.0,95165133345.0
2025-08-01 12:48:59 PM,24717.7,75,1853827.5,95166987172.5
2025-08-01 12:49:00 PM,24716.6,0,0.0,95166987172.5
2025-08-01 12:49:01 PM,24716.6,75,1853745.0,95168840917.5
2025-08-01 12:49:02 PM,24716.9,0,0.0,95168840917.5
2025-08-01 12:49:02 PM,24716.6,0,0.0,95168840917.5
2025-08-01 12:49:02 PM,24716.6,150,3707490.0,95172548407.5
2025-08-01 12:49:08 PM,24716.0,0,0.0,95172548407.5
2025-08-01 12:49:09 PM,24716.0,75,1853700.0,95174402107.5
2025-08-01 12:49:09 PM,24714.7,0,0.0,95174402107.5
2025-08-01 12:49:11 PM,24714.7,75,1853602.5,95176255710.0
2025-08-01 12:49:16 PM,24711.5,0,0.0,95176255710.0
2025-08-01 12:49:17 PM,24711.5,150,3706725.0,95179962435.0
2025-08-01 12:49:21 PM,24715.0,75,1853625.0,95181816060.0
2025-08-01 12:49:26 PM,24715.0,225,5560875.0,95187376935.0
2025-08-01 12:49:26 PM,24714.9,0,0.0,95187376935.0
2025-08-01 12:49:27 PM,24714.9,150,3707235.0,95191084170.0
2025-08-01 12:49:29 PM,24711.0,0,0.0,95191084170.0
2025-08-01 12:49:31 PM,24711.0,150,3706650.0,95194790820.0
2025-08-01 12:49:35 PM,24718.3,0,0.0,95194790820.0
2025-08-01 12:49:36 PM,24718.3,3000,74154900.0,95268945720.0
2025-08-01 12:49:41 PM,24715.0,0,0.0,95268945720.0
2025-08-01 12:49:42 PM,24715.0,75,1853625.0,95270799345.0
2025-08-01 12:49:43 PM,24716.4,0,0.0,95270799345.0
2025-08-01 12:49:44 PM,24716.4,75,1853730.0,95272653075.0
2025-08-01 12:49:44 PM,24714.0,0,0.0,95272653075.0
2025-08-01 12:49:46 PM,24714.0,75,1853550.0,95274506625.0
2025-08-01 12:49:46 PM,24711.1,0,0.0,95274506625.0
2025-08-01 12:49:46 PM,24712.9,0,0.0,95274506625.0
2025-08-01 12:49:47 PM,24712.9,450,11120805.0,95285627430.0
2025-08-01 12:49:48 PM,24711.1,0,0.0,95285627430.0
2025-08-01 12:49:48 PM,24716.7,0,0.0,95285627430.0
2025-08-01 12:49:49 PM,24716.7,375,9268762.5,95294896192.5
2025-08-01 12:49:49 PM,24716.8,0,0.0,95294896192.5
2025-08-01 12:49:50 PM,24716.4,0,0.0,95294896192.5
2025-08-01 12:49:51 PM,24716.4,375,9268650.0,95304164842.5
2025-08-01 12:49:52 PM,24716.5,0,0.0,95304164842.5
2025-08-01 12:49:52 PM,24716.2,0,0.0,95304164842.5
2025-08-01 12:49:52 PM,24716.2,150,3707430.0,95307872272.5
2025-08-01 12:49:55 PM,24707.0,0,0.0,95307872272.5
2025-08-01 12:49:55 PM,24705.0,0,0.0,95307872272.5
2025-08-01 12:49:55 PM,24702.0,0,0.0,95307872272.5
2025-08-01 12:49:56 PM,24702.0,2475,61137450.0,95369009722.5
2025-08-01 12:49:56 PM,24706.2,0,0.0,95369009722.5
2025-08-01 12:49:57 PM,24706.2,375,9264825.0,95378274547.5
2025-08-01 12:50:02 PM,24702.0,0,0.0,95378274547.5
2025-08-01 12:50:02 PM,24706.0,0,0.0,95378274547.5
2025-08-01 12:50:02 PM,24706.0,225,5558850.0,95383833397.5
2025-08-01 12:50:07 PM,24703.5,0,0.0,95383833397.5
2025-08-01 12:50:07 PM,24703.5,75,1852762.5,95385686160.0
2025-08-01 12:50:10 PM,24701.0,0,0.0,95385686160.0
2025-08-01 12:50:11 PM,24701.0,600,14820600.0,95400506760.0
2025-08-01 12:50:11 PM,24701.1,0,0.0,95400506760.0
2025-08-01 12:50:12 PM,24704.7,150,3705705.0,95404212465.0
2025-08-01 12:50:12 PM,24704.9,0,0.0,95404212465.0
2025-08-01 12:50:13 PM,24701.0,0,0.0,95404212465.0
2025-08-01 12:50:14 PM,24701.0,225,5557725.0,95409770190.0
2025-08-01 12:50:17 PM,24701.0,150,3705150.0,95413475340.0
2025-08-01 12:50:18 PM,24702.1,0,0.0,95413475340.0
2025-08-01 12:50:19 PM,24702.1,75,1852657.5,95415327997.5
2025-08-01 12:50:23 PM,24704.9,0,0.0,95415327997.5
2025-08-01 12:50:24 PM,24702.0,150,3705300.0,95419033297.5
2025-08-01 12:50:24 PM,24704.9,0,0.0,95419033297.5
2025-08-01 12:50:26 PM,24704.9,300,7411470.0,95426444767.5
2025-08-01 12:50:29 PM,24705.0,0,0.0,95426444767.5
2025-08-01 12:50:29 PM,24705.0,75,1852875.0,95428297642.5
2025-08-01 12:50:29 PM,24704.8,0,0.0,95428297642.5
2025-08-01 12:50:30 PM,24705.0,0,0.0,95428297642.5
2025-08-01 12:50:31 PM,24705.0,150,3705750.0,95432003392.5
2025-08-01 12:50:31 PM,24707.0,0,0.0,95432003392.5
2025-08-01 12:50:32 PM,24707.0,150,3706050.0,95435709442.5
2025-08-01 12:50:34 PM,24710.4,0,0.0,95435709442.5
2025-08-01 12:50:36 PM,24710.4,150,3706560.0,95439416002.5
2025-08-01 12:50:40 PM,24707.0,0,0.0,95439416002.5
2025-08-01 12:50:41 PM,24707.0,75,1853025.0,95441269027.5
2025-08-01 12:50:41 PM,24705.1,0,0.0,95441269027.5
2025-08-01 12:50:42 PM,24705.1,75,1852882.5,95443121910.0
2025-08-01 12:50:45 PM,24714.0,0,0.0,95443121910.0
2025-08-01 12:50:46 PM,24714.0,75,1853550.0,95444975460.0
2025-08-01 12:50:53 PM,24708.0,0,0.0,95444975460.0
2025-08-01 12:50:53 PM,24709.0,0,0.0,95444975460.0
2025-08-01 12:50:54 PM,24709.0,150,3706350.0,95448681810.0
2025-08-01 12:50:56 PM,24708.0,0,0.0,95448681810.0
2025-08-01 12:50:57 PM,24708.0,75,1853100.0,95450534910.0
2025-08-01 12:50:59 PM,24705.8,0,0.0,95450534910.0
2025-08-01 12:50:59 PM,24705.8,75,1852935.0,95452387845.0
2025-08-01 12:51:01 PM,24705.0,0,0.0,95452387845.0
2025-08-01 12:51:01 PM,24705.0,225,5558625.0,95457946470.0
2025-08-01 12:51:01 PM,24703.8,0,0.0,95457946470.0
2025-08-01 12:51:02 PM,24706.2,2325,57441915.0,95515388385.0
2025-08-01 12:51:08 PM,24704.9,0,0.0,95515388385.0
2025-08-01 12:51:09 PM,24706.9,0,0.0,95515388385.0
2025-08-01 12:51:09 PM,24706.9,525,12971122.5,95528359507.5
2025-08-01 12:51:10 PM,24705.3,0,0.0,95528359507.5
2025-08-01 12:51:11 PM,24705.3,75,1852897.5,95530212405.0
2025-08-01 12:51:11 PM,24706.2,0,0.0,95530212405.0
2025-08-01 12:51:12 PM,24706.0,0,0.0,95530212405.0
2025-08-01 12:51:12 PM,24706.0,225,5558850.0,95535771255.0
2025-08-01 12:51:13 PM,24706.2,0,0.0,95535771255.0
2025-08-01 12:51:13 PM,24707.2,0,0.0,95535771255.0
2025-08-01 12:51:14 PM,24707.2,975,24089520.0,95559860775.0
2025-08-01 12:51:18 PM,24707.5,0,0.0,95559860775.0
2025-08-01 12:51:19 PM,24705.0,450,11117250.0,95570978025.0
2025-08-01 12:51:22 PM,24705.0,75,1852875.0,95572830900.0
2025-08-01 12:51:24 PM,24705.0,75,1852875.0,95574683775.0
2025-08-01 12:51:25 PM,24709.4,0,0.0,95574683775.0
2025-08-01 12:51:26 PM,24709.4,75,1853205.0,95576536980.0
2025-08-01 12:51:27 PM,24708.4,75,1853130.0,95578390110.0
2025-08-01 12:51:32 PM,24708.2,0,0.0,95578390110.0
2025-08-01 12:51:32 PM,24708.2,150,3706230.0,95582096340.0
2025-08-01 12:51:34 PM,24707.2,0,0.0,95582096340.0
2025-08-01 12:51:34 PM,24707.0,225,5559075.0,95587655415.0
2025-08-01 12:51:36 PM,24705.0,0,0.0,95587655415.0
2025-08-01 12:51:36 PM,24705.0,150,3705750.0,95591361165.0
2025-08-01 12:51:37 PM,24707.0,0,0.0,95591361165.0
2025-08-01 12:51:37 PM,24707.0,75,1853025.0,95593214190.0
2025-08-01 12:51:41 PM,24707.5,0,0.0,95593214190.0
2025-08-01 12:51:41 PM,24707.5,150,3706125.0,95596920315.0
2025-08-01 12:51:43 PM,24707.1,0,0.0,95596920315.0
2025-08-01 12:51:44 PM,24707.1,75,1853032.5,95598773347.5
2025-08-01 12:51:44 PM,24705.0,1350,33351750.0,95632125097.5
2025-08-01 12:51:44 PM,24704.0,0,0.0,95632125097.5
2025-08-01 12:51:44 PM,24701.5,0,0.0,95632125097.5
2025-08-01 12:51:44 PM,24701.0,0,0.0,95632125097.5
2025-08-01 12:51:46 PM,24701.0,525,12968025.0,95645093122.5
2025-08-01 12:51:48 PM,24707.1,0,0.0,95645093122.5
2025-08-01 12:51:48 PM,24712.9,0,0.0,95645093122.5
2025-08-01 12:51:49 PM,24712.9,750,18534675.0,95663627797.5
2025-08-01 12:51:50 PM,24715.0,0,0.0,95663627797.5
2025-08-01 12:51:50 PM,24714.2,0,0.0,95663627797.5
2025-08-01 12:51:51 PM,24714.2,150,3707130.0,95667334927.5
2025-08-01 12:51:52 PM,24713.8,0,0.0,95667334927.5
2025-08-01 12:51:52 PM,24713.8,75,1853535.0,95669188462.5
2025-08-01 12:51:57 PM,24710.8,0,0.0,95669188462.5
2025-08-01 12:51:57 PM,24710.8,75,1853310.0,95671041772.5
2025-08-01 12:52:04 PM,24710.0,0,0.0,95671041772.5
2025-08-01 12:52:04 PM,24710.0,75,1853250.0,95672895022.5
2025-08-01 12:52:04 PM,24714.9,0,0.0,95672895022.5
2025-08-01 12:52:05 PM,24715.0,0,0.0,95672895022.5
2025-08-01 12:52:05 PM,24717.0,0,0.0,95672895022.5
2025-08-01 12:52:06 PM,24717.0,450,11122650.0,95684017672.5
2025-08-01 12:52:06 PM,24708.7,0,0.0,95684017672.5
2025-08-01 12:52:07 PM,24708.7,75,1853152.5,95685870825.0
2025-08-01 12:52:09 PM,24714.9,0,0.0,95685870825.0
2025-08-01 12:52:09 PM,24712.8,0,0.0,95685870825.0
2025-08-01 12:52:09 PM,24712.8,150,3706920.0,95689577745.0
2025-08-01 12:52:18 PM,24711.0,0,0.0,95689577745.0
2025-08-01 12:52:19 PM,24711.0,75,1853325.0,95691431070.0
2025-08-01 12:52:21 PM,24712.6,0,0.0,95691431070.0
2025-08-01 12:52:22 PM,24717.7,0,0.0,95691431070.0
2025-08-01 12:52:22 PM,24717.7,225,5561482.5,95696992552.5
2025-08-01 12:52:23 PM,24713.6,0,0.0,95696992552.5
2025-08-01 12:52:24 PM,24713.5,0,0.0,95696992552.5
2025-08-01 12:52:24 PM,24713.5,300,7414050.0,95704406602.5
2025-08-01 12:52:24 PM,24718.8,0,0.0,95704406602.5
2025-08-01 12:52:26 PM,24718.8,225,5561730.0,95709968332.5
2025-08-01 12:52:28 PM,24715.0,0,0.0,95709968332.5
2025-08-01 12:52:29 PM,24715.0,75,1853625.0,95711821957.5
2025-08-01 12:52:29 PM,24711.2,0,0.0,95711821957.5
2025-08-01 12:52:30 PM,24716.6,0,0.0,95711821957.5
2025-08-01 12:52:31 PM,24716.6,300,7414980.0,95719236937.5
2025-08-01 12:52:31 PM,24712.0,0,0.0,95719236937.5
2025-08-01 12:52:32 PM,24717.0,0,0.0,95719236937.5
2025-08-01 12:52:32 PM,24715.5,0,0.0,95719236937.5
2025-08-01 12:52:32 PM,24715.5,1350,33365925.0,95752602862.5
2025-08-01 12:52:34 PM,24716.9,0,0.0,95752602862.5
2025-08-01 12:52:36 PM,24716.9,525,12976372.5,95765579235.0
2025-08-01 12:52:36 PM,24716.3,0,0.0,95765579235.0
2025-08-01 12:52:37 PM,24716.3,75,1853722.5,95767432957.5
2025-08-01 12:52:39 PM,24715.5,0,0.0,95767432957.5
2025-08-01 12:52:41 PM,24711.2,0,0.0,95767432957.5
2025-08-01 12:52:41 PM,24711.2,225,5560020.0,95772992977.5
2025-08-01 12:52:41 PM,24710.0,0,0.0,95772992977.5
2025-08-01 12:52:42 PM,24710.0,225,5559750.0,95778552727.5
2025-08-01 12:52:49 PM,24710.0,75,1853250.0,95780405977.5
2025-08-01 12:52:52 PM,24711.0,0,0.0,95780405977.5
2025-08-01 12:52:52 PM,24711.0,75,1853325.0,95782259302.5
2025-08-01 12:53:00 PM,24716.5,0,0.0,95782259302.5
2025-08-01 12:53:00 PM,24716.5,75,1853737.5,95784113040.0
2025-08-01 12:53:01 PM,24711.0,0,0.0,95784113040.0
2025-08-01 12:53:02 PM,24711.0,75,1853325.0,95785966365.0
2025-08-01 12:53:03 PM,24715.1,0,0.0,95785966365.0
2025-08-01 12:53:04 PM,24715.1,75,1853632.5,95787819997.5
2025-08-01 12:53:04 PM,24715.2,0,0.0,95787819997.5
2025-08-01 12:53:05 PM,24715.2,225,5560920.0,95793380917.5
2025-08-01 12:53:06 PM,24716.9,0,0.0,95793380917.5
2025-08-01 12:53:06 PM,24716.7,0,0.0,95793380917.5
2025-08-01 12:53:07 PM,24716.7,375,9268762.5,95802649680.0
2025-08-01 12:53:08 PM,24715.5,0,0.0,95802649680.0
2025-08-01 12:53:09 PM,24715.5,75,1853662.5,95804503342.5
2025-08-01 12:53:09 PM,24714.9,0,0.0,95804503342.5
2025-08-01 12:53:10 PM,24714.9,75,1853617.5,95806356960.0
2025-08-01 12:53:12 PM,24712.0,0,0.0,95806356960.0
2025-08-01 12:53:12 PM,24712.0,150,3706800.0,95810063760.0
2025-08-01 12:53:12 PM,24716.7,0,0.0,95810063760.0
2025-08-01 12:53:14 PM,24716.1,0,0.0,95810063760.0
2025-08-01 12:53:14 PM,24716.1,375,9268537.5,95819332297.5
2025-08-01 12:53:17 PM,24711.0,0,0.0,95819332297.5
2025-08-01 12:53:18 PM,24714.1,0,0.0,95819332297.5
2025-08-01 12:53:18 PM,24713.7,0,0.0,95819332297.5
2025-08-01 12:53:19 PM,24713.7,300,7414110.0,95826746407.5
2025-08-01 12:53:20 PM,24715.0,0,0.0,95826746407.5
2025-08-01 12:53:20 PM,24715.0,150,3707250.0,95830453657.5
2025-08-01 12:53:21 PM,24715.7,0,0.0,95830453657.5
2025-08-01 12:53:21 PM,24710.1,0,0.0,95830453657.5
2025-08-01 12:53:22 PM,24710.1,150,3706515.0,95834160172.5
2025-08-01 12:53:23 PM,24711.0,0,0.0,95834160172.5
2025-08-01 12:53:23 PM,24709.5,0,0.0,95834160172.5
2025-08-01 12:53:24 PM,24709.5,300,7412850.0,95841573022.5
2025-08-01 12:53:27 PM,24715.3,0,0.0,95841573022.5
2025-08-01 12:53:28 PM,24715.4,0,0.0,95841573022.5
2025-08-01 12:53:29 PM,24715.4,300,7414620.0,95848987642.5
2025-08-01 12:53:29 PM,24709.6,0,0.0,95848987642.5
2025-08-01 12:53:30 PM,24709.6,75,1853220.0,95850840862.5
2025-08-01 12:53:31 PM,24715.5,0,0.0,95850840862.5
2025-08-01 12:53:32 PM,24715.5,75,1853662.5,95852694525.0
2025-08-01 12:53:34 PM,24708.9,0,0.0,95852694525.0
2025-08-01 12:53:35 PM,24708.9,75,1853167.5,95854547692.5
2025-08-01 12:53:37 PM,24705.3,0,0.0,95854547692.5
2025-08-01 12:53:37 PM,24705.3,1800,44469540.0,95899017232.5
2025-08-01 12:53:40 PM,24714.1,75,1853557.5,95900870790.0
2025-08-01 12:53:41 PM,24709.4,0,0.0,95900870790.0
2025-08-01 12:53:42 PM,24709.4,150,3706410.0,95904577200.0
2025-08-01 12:53:48 PM,24714.0,0,0.0,95904577200.0
2025-08-01 12:53:48 PM,24715.0,0,0.0,95904577200.0
2025-08-01 12:53:49 PM,24715.0,150,3707250.0,95908284450.0
2025-08-01 12:53:52 PM,24709.6,0,0.0,95908284450.0
2025-08-01 12:53:52 PM,24709.6,1500,37064400.0,95945348850.0
2025-08-01 12:53:55 PM,24716.0,0,0.0,95945348850.0
2025-08-01 12:53:55 PM,24716.1,0,0.0,95945348850.0
2025-08-01 12:53:55 PM,24717.8,450,11123010.0,95956471860.0
2025-08-01 12:53:57 PM,24717.3,0,0.0,95956471860.0
2025-08-01 12:53:59 PM,24717.3,75,1853797.5,95958325657.5
2025-08-01 12:54:02 PM,24717.9,0,0.0,95958325657.5
2025-08-01 12:54:03 PM,24712.1,0,0.0,95958325657.5
2025-08-01 12:54:04 PM,24712.1,150,3706815.0,95962032472.5
2025-08-01 12:54:04 PM,24712.2,0,0.0,95962032472.5
2025-08-01 12:54:05 PM,24712.2,75,1853415.0,95963885887.5
2025-08-01 12:54:06 PM,24717.1,0,0.0,95963885887.5
2025-08-01 12:54:07 PM,24717.1,75,1853782.5,95965739670.0
2025-08-01 12:54:09 PM,24717.3,0,0.0,95965739670.0
2025-08-01 12:54:10 PM,24717.3,150,3707595.0,95969447265.0
2025-08-01 12:54:13 PM,24712.2,0,0.0,95969447265.0
2025-08-01 12:54:13 PM,24712.2,75,1853415.0,95971300680.0
2025-08-01 12:54:17 PM,24716.1,225,5561122.5,95976861802.5
2025-08-01 12:54:18 PM,24711.0,0,0.0,95976861802.5
2025-08-01 12:54:18 PM,24714.7,225,5560807.5,95982422610.0
2025-08-01 12:54:22 PM,24716.0,0,0.0,95982422610.0
2025-08-01 12:54:23 PM,24710.1,0,0.0,95982422610.0
2025-08-01 12:54:23 PM,24710.1,150,3706515.0,95986129125.0
2025-08-01 12:54:24 PM,24710.0,0,0.0,95986129125.0
2025-08-01 12:54:25 PM,24710.0,75,1853250.0,95987982375.0
2025-08-01 12:54:28 PM,24716.8,0,0.0,95987982375.0
2025-08-01 12:54:28 PM,24716.8,75,1853760.0,95989836135.0
2025-08-01 12:54:29 PM,24712.0,0,0.0,95989836135.0
2025-08-01 12:54:30 PM,24712.0,75,1853400.0,95991689535.0
2025-08-01 12:54:38 PM,24716.7,0,0.0,95991689535.0
2025-08-01 12:54:38 PM,24717.0,225,5561325.0,95997250860.0
2025-08-01 12:54:45 PM,24717.3,0,0.0,95997250860.0
2025-08-01 12:54:45 PM,24717.3,150,3707595.0,96000958455.0
2025-08-01 12:54:47 PM,24718.0,0,0.0,96000958455.0
2025-08-01 12:54:48 PM,24718.0,225,5561550.0,96006520005.0
2025-08-01 12:54:53 PM,24718.0,75,1853850.0,96008373855.0
2025-08-01 12:54:55 PM,24718.0,150,3707700.0,96012081555.0
2025-08-01 12:54:57 PM,24718.0,75,1853850.0,96013935405.0
2025-08-01 12:54:58 PM,24719.8,0,0.0,96013935405.0
2025-08-01 12:54:58 PM,24719.8,375,9269925.0,96023205330.0
2025-08-01 12:55:01 PM,24716.0,0,0.0,96023205330.0
2025-08-01 12:55:02 PM,24716.0,300,7414800.0,96030620130.0
2025-08-01 12:55:03 PM,24716.0,225,5561100.0,96036181230.0
2025-08-01 12:55:08 PM,24716.0,75,1853700.0,96038034930.0
2025-08-01 12:55:11 PM,24718.0,0,0.0,96038034930.0
2025-08-01 12:55:12 PM,24718.0,150,3707700.0,96041742630.0
2025-08-01 12:55:18 PM,24719.9,0,0.0,96041742630.0
2025-08-01 12:55:18 PM,24719.9,225,5561977.5,96047304607.5
2025-08-01 12:55:18 PM,24720.0,1200,29664000.0,96076968607.5
2025-08-01 12:55:19 PM,24721.7,0,0.0,96076968607.5
2025-08-01 12:55:20 PM,24721.7,450,11124765.0,96088093372.5
2025-08-01 12:55:21 PM,24717.0,0,0.0,96088093372.5
2025-08-01 12:55:22 PM,24717.0,75,1853775.0,96089947147.5
2025-08-01 12:55:23 PM,24717.0,75,1853775.0,96091800922.5
2025-08-01 12:55:25 PM,24717.0,150,3707550.0,96095508472.5
2025-08-01 12:55:27 PM,24716.0,0,0.0,96095508472.5
2025-08-01 12:55:28 PM,24716.0,150,3707400.0,96099215872.5
2025-08-01 12:55:36 PM,24720.1,0,0.0,96099215872.5
2025-08-01 12:55:36 PM,24720.1,150,3708015.0,96102923887.5
2025-08-01 12:55:40 PM,24717.6,0,0.0,96102923887.5
2025-08-01 12:55:40 PM,24717.6,75,1853820.0,96104777707.5
2025-08-01 12:55:48 PM,24720.1,0,0.0,96104777707.5
2025-08-01 12:55:50 PM,24720.1,300,7416030.0,96112193737.5
2025-08-01 12:55:50 PM,24721.4,0,0.0,96112193737.5
2025-08-01 12:55:51 PM,24721.4,75,1854105.0,96114047842.5
2025-08-01 12:55:52 PM,24721.9,0,0.0,96114047842.5
2025-08-01 12:55:53 PM,24721.9,75,1854142.5,96115901985.0
2025-08-01 12:55:56 PM,24719.0,0,0.0,96115901985.0
2025-08-01 12:55:56 PM,24719.0,150,3707850.0,96119609835.0
2025-08-01 12:55:59 PM,24722.2,0,0.0,96119609835.0
2025-08-01 12:56:00 PM,24722.2,300,7416660.0,96127026495.0
2025-08-01 12:56:01 PM,24722.2,1125,27812475.0,96154838970.0
2025-08-01 12:56:02 PM,24722.3,0,0.0,96154838970.0
2025-08-01 12:56:03 PM,24722.3,75,1854172.5,96156693142.5
2025-08-01 12:56:06 PM,24722.2,0,0.0,96156693142.5
2025-08-01 12:56:08 PM,24720.0,450,11124000.0,96167817142.5
2025-08-01 12:56:09 PM,24720.8,0,0.0,96167817142.5
2025-08-01 12:56:09 PM,24718.0,225,5561550.0,96173378692.5
2025-08-01 12:56:12 PM,24720.0,0,0.0,96173378692.5
2025-08-01 12:56:13 PM,24720.0,225,5562000.0,96178940692.5
2025-08-01 12:56:14 PM,24720.9,0,0.0,96178940692.5
2025-08-01 12:56:14 PM,24720.0,225,5562000.0,96184502692.5
2025-08-01 12:56:17 PM,24722.3,0,0.0,96184502692.5
2025-08-01 12:56:18 PM,24722.3,75,1854172.5,96186356865.0
2025-08-01 12:56:19 PM,24720.6,0,0.0,96186356865.0
2025-08-01 12:56:19 PM,24720.6,75,1854045.0,96188210910.0
2025-08-01 12:56:21 PM,24720.6,450,11124270.0,96199335180.0
2025-08-01 12:56:22 PM,24722.7,0,0.0,96199335180.0
2025-08-01 12:56:23 PM,24720.0,0,0.0,96199335180.0
2025-08-01 12:56:23 PM,24720.0,225,5562000.0,96204897180.0
2025-08-01 12:56:24 PM,24720.6,0,0.0,96204897180.0
2025-08-01 12:56:24 PM,24720.0,0,0.0,96204897180.0
2025-08-01 12:56:24 PM,24720.6,375,9270225.0,96214167405.0
2025-08-01 12:56:26 PM,24723.0,0,0.0,96214167405.0
2025-08-01 12:56:26 PM,24723.0,150,3708450.0,96217875855.0
2025-08-01 12:56:27 PM,24720.0,0,0.0,96217875855.0
2025-08-01 12:56:28 PM,24720.0,375,9270000.0,96227145855.0
2025-08-01 12:56:29 PM,24720.0,75,1854000.0,96228999855.0
2025-08-01 12:56:32 PM,24721.2,0,0.0,96228999855.0
2025-08-01 12:56:32 PM,24721.3,0,0.0,96228999855.0
2025-08-01 12:56:33 PM,24721.3,150,3708195.0,96232708050.0
2025-08-01 12:56:33 PM,24721.6,0,0.0,96232708050.0
2025-08-01 12:56:34 PM,24721.6,150,3708240.0,96236416290.0
2025-08-01 12:56:36 PM,24718.9,0,0.0,96236416290.0
2025-08-01 12:56:36 PM,24717.5,0,0.0,96236416290.0
2025-08-01 12:56:36 PM,24717.5,675,16684312.5,96253100602.5
2025-08-01 12:56:37 PM,24715.0,0,0.0,96253100602.5
2025-08-01 12:56:38 PM,24717.3,375,9268987.5,96262369590.0
2025-08-01 12:56:39 PM,24714.0,0,0.0,96262369590.0
2025-08-01 12:56:39 PM,24714.0,75,1853550.0,96264223140.0
2025-08-01 12:56:44 PM,24716.9,0,0.0,96264223140.0
2025-08-01 12:56:44 PM,24717.0,525,12976425.0,96277199565.0
2025-08-01 12:56:47 PM,24718.0,0,0.0,96277199565.0
2025-08-01 12:56:48 PM,24719.5,0,0.0,96277199565.0
2025-08-01 12:56:48 PM,24718.0,0,0.0,96277199565.0
2025-08-01 12:56:48 PM,24718.0,750,18538500.0,96295738065.0
2025-08-01 12:56:49 PM,24718.0,1050,25953900.0,96321691965.0
2025-08-01 12:56:51 PM,24715.0,0,0.0,96321691965.0
2025-08-01 12:56:53 PM,24714.9,0,0.0,96321691965.0
2025-08-01 12:56:53 PM,24714.9,375,9268087.5,96330960052.5
2025-08-01 12:56:58 PM,24714.9,75,1853617.5,96332813670.0
2025-08-01 12:56:59 PM,24714.9,75,1853617.5,96334667287.5
2025-08-01 12:57:01 PM,24714.9,150,3707235.0,96338374522.5
2025-08-01 12:57:03 PM,24714.0,0,0.0,96338374522.5
2025-08-01 12:57:03 PM,24714.0,150,3707100.0,96342081622.5
2025-08-01 12:57:04 PM,24715.0,0,0.0,96342081622.5
2025-08-01 12:57:04 PM,24714.9,150,3707235.0,96345788857.5
2025-08-01 12:57:06 PM,24714.9,75,1853617.5,96347642475.0
2025-08-01 12:57:08 PM,24714.9,300,7414470.0,96355056945.0
2025-08-01 12:57:09 PM,24714.9,75,1853617.5,96356910562.5
2025-08-01 12:57:11 PM,24715.0,0,0.0,96356910562.5
2025-08-01 12:57:11 PM,24715.0,225,5560875.0,96362471437.5
2025-08-01 12:57:13 PM,24715.0,75,1853625.0,96364325062.5
2025-08-01 12:57:15 PM,24715.0,75,1853625.0,96366178687.5
2025-08-01 12:57:15 PM,24714.6,0,0.0,96366178687.5
2025-08-01 12:57:16 PM,24714.6,150,3707190.0,96369885877.5
2025-08-01 12:57:17 PM,24715.0,0,0.0,96369885877.5
2025-08-01 12:57:18 PM,24721.3,0,0.0,96369885877.5
2025-08-01 12:57:18 PM,24721.3,1350,33373755.0,96403259632.5
2025-08-01 12:57:18 PM,24720.9,0,0.0,96403259632.5
2025-08-01 12:57:19 PM,24720.9,75,1854067.5,96405113700.0
2025-08-01 12:57:20 PM,24716.0,0,0.0,96405113700.0
2025-08-01 12:57:21 PM,24716.0,75,1853700.0,96406967400.0
2025-08-01 12:57:23 PM,24719.9,0,0.0,96406967400.0
2025-08-01 12:57:24 PM,24719.9,75,1853992.5,96408821392.5
2025-08-01 12:57:31 PM,24715.0,0,0.0,96408821392.5
2025-08-01 12:57:31 PM,24719.9,150,3707985.0,96412529377.5
2025-08-01 12:57:40 PM,24719.0,0,0.0,96412529377.5
2025-08-01 12:57:41 PM,24719.0,75,1853925.0,96414383302.5
2025-08-01 12:57:43 PM,24719.0,75,1853925.0,96416237227.5
2025-08-01 12:57:48 PM,24719.0,75,1853925.0,96418091152.5
2025-08-01 12:57:48 PM,24719.4,0,0.0,96418091152.5
2025-08-01 12:57:49 PM,24719.4,150,3707910.0,96421799062.5
2025-08-01 12:57:50 PM,24719.0,0,0.0,96421799062.5
2025-08-01 12:57:51 PM,24719.0,75,1853925.0,96423652987.5
2025-08-01 12:58:06 PM,24719.5,0,0.0,96423652987.5
2025-08-01 12:58:06 PM,24719.5,75,1853962.5,96425506950.0
2025-08-01 12:58:08 PM,24719.5,225,5561887.5,96431068837.5
2025-08-01 12:58:09 PM,24714.0,0,0.0,96431068837.5
2025-08-01 12:58:09 PM,24714.0,375,9267750.0,96440336587.5
2025-08-01 12:58:11 PM,24715.9,0,0.0,96440336587.5
2025-08-01 12:58:11 PM,24715.9,75,1853692.5,96442190280.0
2025-08-01 12:58:14 PM,24713.7,0,0.0,96442190280.0
2025-08-01 12:58:14 PM,24713.7,75,1853527.5,96444043807.5
2025-08-01 12:58:18 PM,24713.0,0,0.0,96444043807.5
2025-08-01 12:58:18 PM,24713.0,75,1853475.0,96445897282.5
2025-08-01 12:58:19 PM,24714.0,375,9267750.0,96455165032.5
2025-08-01 12:58:20 PM,24710.2,0,0.0,96455165032.5
2025-08-01 12:58:21 PM,24714.6,0,0.0,96455165032.5
2025-08-01 12:58:21 PM,24714.6,375,9267975.0,96464433007.5
2025-08-01 12:58:24 PM,24710.0,0,0.0,96464433007.5
2025-08-01 12:58:24 PM,24710.0,75,1853250.0,96466286257.5
2025-08-01 12:58:28 PM,24712.0,0,0.0,96466286257.5
2025-08-01 12:58:29 PM,24711.5,0,0.0,96466286257.5
2025-08-01 12:58:29 PM,24711.5,150,3706725.0,96469992982.5
2025-08-01 12:58:38 PM,24710.7,0,0.0,96469992982.5
2025-08-01 12:58:39 PM,24710.7,75,1853302.5,96471846285.0
2025-08-01 12:58:41 PM,24714.5,0,0.0,96471846285.0
2025-08-01 12:58:41 PM,24714.5,75,1853587.5,96473699872.5
2025-08-01 12:58:47 PM,24714.5,75,1853587.5,96475553460.0
2025-08-01 12:58:52 PM,24714.6,0,0.0,96475553460.0
2025-08-01 12:58:52 PM,24715.3,300,7414590.0,96482968050.0
2025-08-01 12:58:56 PM,24715.3,75,1853647.5,96484821697.5
2025-08-01 12:59:15 PM,24710.8,0,0.0,96484821697.5
2025-08-01 12:59:16 PM,24710.8,975,24093030.0,96508914727.5
2025-08-01 12:59:16 PM,24711.2,0,0.0,96508914727.5
2025-08-01 12:59:17 PM,24711.2,75,1853340.0,96510768067.5
2025-08-01 12:59:20 PM,24715.2,0,0.0,96510768067.5
2025-08-01 12:59:20 PM,24715.2,150,3707280.0,96514475347.5
2025-08-01 12:59:26 PM,24712.2,75,1853415.0,96516328762.5
2025-08-01 12:59:31 PM,24712.2,75,1853415.0,96518182177.5
2025-08-01 12:59:36 PM,24715.2,0,0.0,96518182177.5
2025-08-01 12:59:37 PM,24715.2,75,1853640.0,96520035817.5
2025-08-01 12:59:39 PM,24715.3,0,0.0,96520035817.5
2025-08-01 12:59:39 PM,24715.3,150,3707295.0,96523743112.5
2025-08-01 12:59:40 PM,24715.0,0,0.0,96523743112.5
2025-08-01 12:59:41 PM,24715.0,75,1853625.0,96525596737.5
2025-08-01 12:59:41 PM,24715.8,0,0.0,96525596737.5
2025-08-01 12:59:42 PM,24715.8,75,1853685.0,96527450422.5
2025-08-01 12:59:44 PM,24715.8,75,1853685.0,96529304107.5
2025-08-01 12:59:48 PM,24714.0,0,0.0,96529304107.5
2025-08-01 12:59:48 PM,24710.0,0,0.0,96529304107.5
2025-08-01 12:59:49 PM,24710.0,600,14826000.0,96544130107.5
2025-08-01 12:59:51 PM,24711.9,0,0.0,96544130107.5
2025-08-01 12:59:51 PM,24711.9,75,1853392.5,96545983500.0
2025-08-01 12:59:55 PM,24710.0,0,0.0,96545983500.0
2025-08-01 12:59:56 PM,24710.0,600,14826000.0,96560809500.0
2025-08-01 12:59:57 PM,24710.0,75,1853250.0,96562662750.0
2025-08-01 01:00:01 PM,24707.0,0,0.0,96562662750.0
2025-08-01 01:00:02 PM,24708.8,0,0.0,96562662750.0
2025-08-01 01:00:02 PM,24708.8,225,5559480.0,96568222230.0
2025-08-01 01:00:03 PM,24706.6,0,0.0,96568222230.0
2025-08-01 01:00:04 PM,24705.0,0,0.0,96568222230.0
2025-08-01 01:00:04 PM,24705.0,225,5558625.0,96573780855.0
2025-08-01 01:00:05 PM,24705.0,75,1852875.0,96575633730.0
2025-08-01 01:00:09 PM,24705.0,75,1852875.0,96577486605.0
2025-08-01 01:00:11 PM,24708.8,0,0.0,96577486605.0
2025-08-01 01:00:12 PM,24708.8,150,3706320.0,96581192925.0
2025-08-01 01:00:15 PM,24710.0,0,0.0,96581192925.0
2025-08-01 01:00:15 PM,24710.0,375,9266250.0,96590459175.0
2025-08-01 01:00:17 PM,24712.9,0,0.0,96590459175.0
2025-08-01 01:00:19 PM,24712.9,75,1853467.5,96592312642.5
2025-08-01 01:00:24 PM,24709.7,0,0.0,96592312642.5
2025-08-01 01:00:24 PM,24709.7,75,1853227.5,96594165870.0
2025-08-01 01:00:24 PM,24712.9,0,0.0,96594165870.0
2025-08-01 01:00:25 PM,24708.9,0,0.0,96594165870.0
2025-08-01 01:00:25 PM,24708.9,225,5559502.5,96599725372.5
2025-08-01 01:00:27 PM,24712.9,0,0.0,96599725372.5
2025-08-01 01:00:29 PM,24712.9,150,3706935.0,96603432307.5
2025-08-01 01:00:29 PM,24710.0,0,0.0,96603432307.5
2025-08-01 01:00:30 PM,24710.0,75,1853250.0,96605285557.5
2025-08-01 01:00:38 PM,24706.2,0,0.0,96605285557.5
2025-08-01 01:00:39 PM,24706.2,300,7411860.0,96612697417.5
2025-08-01 01:00:48 PM,24712.1,0,0.0,96612697417.5
2025-08-01 01:00:48 PM,24706.1,0,0.0,96612697417.5
2025-08-01 01:00:49 PM,24706.1,525,12970702.5,96625668120.0
2025-08-01 01:00:49 PM,24712.9,0,0.0,96625668120.0
2025-08-01 01:00:50 PM,24712.9,75,1853467.5,96627521587.5
2025-08-01 01:00:58 PM,24712.0,0,0.0,96627521587.5
2025-08-01 01:00:58 PM,24712.0,225,5560200.0,96633081787.5
2025-08-01 01:00:59 PM,24708.0,0,0.0,96633081787.5
2025-08-01 01:01:00 PM,24708.0,75,1853100.0,96634934887.5
2025-08-01 01:01:03 PM,24706.2,0,0.0,96634934887.5
2025-08-01 01:01:03 PM,24706.2,150,3705930.0,96638640817.5
2025-08-01 01:01:05 PM,24706.2,75,1852965.0,96640493782.5
2025-08-01 01:01:06 PM,24709.6,0,0.0,96640493782.5
2025-08-01 01:01:07 PM,24709.6,75,1853220.0,96642347002.5
2025-08-01 01:01:08 PM,24708.8,0,0.0,96642347002.5
2025-08-01 01:01:08 PM,24708.8,375,9265800.0,96651612802.5
2025-08-01 01:01:13 PM,24709.2,0,0.0,96651612802.5
2025-08-01 01:01:14 PM,24709.6,0,0.0,96651612802.5
2025-08-01 01:01:15 PM,24710.8,0,0.0,96651612802.5
2025-08-01 01:01:15 PM,24710.8,1050,25946340.0,96677559142.5
2025-08-01 01:01:19 PM,24705.0,0,0.0,96677559142.5
2025-08-01 01:01:20 PM,24705.0,225,5558625.0,96683117767.5
2025-08-01 01:01:20 PM,24709.6,0,0.0,96683117767.5
2025-08-01 01:01:21 PM,24709.6,75,1853220.0,96684970987.5
2025-08-01 01:01:25 PM,24709.6,75,1853220.0,96686824207.5
2025-08-01 01:01:31 PM,24705.1,0,0.0,96686824207.5
2025-08-01 01:01:32 PM,24709.6,0,0.0,96686824207.5
2025-08-01 01:01:33 PM,24705.1,0,0.0,96686824207.5
2025-08-01 01:01:33 PM,24705.1,225,5558647.5,96692382855.0
2025-08-01 01:01:36 PM,24709.6,0,0.0,96692382855.0
2025-08-01 01:01:36 PM,24709.6,225,5559660.0,96697942515.0
2025-08-01 01:01:39 PM,24709.6,75,1853220.0,96699795735.0
2025-08-01 01:01:43 PM,24709.6,150,3706440.0,96703502175.0
2025-08-01 01:01:46 PM,24709.6,300,7412880.0,96710915055.0
2025-08-01 01:01:48 PM,24709.6,1425,35211180.0,96746126235.0
2025-08-01 01:01:51 PM,24709.6,150,3706440.0,96749832675.0
2025-08-01 01:01:56 PM,24709.5,0,0.0,96749832675.0
2025-08-01 01:01:58 PM,24709.5,75,1853212.5,96751685887.5
2025-08-01 01:01:59 PM,24708.8,0,0.0,96751685887.5
2025-08-01 01:01:59 PM,24708.8,75,1853160.0,96753539047.5
2025-08-01 01:02:02 PM,24709.6,0,0.0,96753539047.5
2025-08-01 01:02:03 PM,24709.6,150,3706440.0,96757245487.5
2025-08-01 01:02:04 PM,24712.0,0,0.0,96757245487.5
2025-08-01 01:02:04 PM,24712.0,75,1853400.0,96759098887.5
2025-08-01 01:02:05 PM,24710.0,0,0.0,96759098887.5
2025-08-01 01:02:06 PM,24710.0,75,1853250.0,96760952137.5
2025-08-01 01:02:09 PM,24712.0,0,0.0,96760952137.5
2025-08-01 01:02:09 PM,24712.0,75,1853400.0,96762805537.5
2025-08-01 01:02:13 PM,24712.9,0,0.0,96762805537.5
2025-08-01 01:02:14 PM,24712.9,75,1853467.5,96764659005.0
2025-08-01 01:02:21 PM,24712.9,150,3706935.0,96768365940.0
2025-08-01 01:02:24 PM,24712.0,0,0.0,96768365940.0
2025-08-01 01:02:24 PM,24712.0,75,1853400.0,96770219340.0
2025-08-01 01:02:29 PM,24710.1,75,1853257.5,96772072597.5
2025-08-01 01:02:31 PM,24710.1,150,3706515.0,96775779112.5
2025-08-01 01:02:31 PM,24708.9,0,0.0,96775779112.5
2025-08-01 01:02:32 PM,24708.9,225,5559502.5,96781338615.0
2025-08-01 01:02:34 PM,24711.5,0,0.0,96781338615.0
2025-08-01 01:02:36 PM,24711.5,75,1853362.5,96783191977.5
2025-08-01 01:02:36 PM,24712.8,0,0.0,96783191977.5
2025-08-01 01:02:37 PM,24712.8,75,1853460.0,96785045437.5
2025-08-01 01:02:40 PM,24712.2,0,0.0,96785045437.5
2025-08-01 01:02:41 PM,24712.2,75,1853415.0,96786898852.5
2025-08-01 01:02:41 PM,24706.6,0,0.0,96786898852.5
2025-08-01 01:02:42 PM,24706.6,150,3705990.0,96790604842.5
2025-08-01 01:02:50 PM,24710.8,0,0.0,96790604842.5
2025-08-01 01:02:50 PM,24710.7,0,0.0,96790604842.5
2025-08-01 01:02:51 PM,24710.7,375,9266512.5,96799871355.0
2025-08-01 01:02:52 PM,24710.0,0,0.0,96799871355.0
2025-08-01 01:02:52 PM,24710.0,75,1853250.0,96801724605.0
2025-08-01 01:02:55 PM,24705.0,0,0.0,96801724605.0
2025-08-01 01:02:56 PM,24705.0,600,14823000.0,96816547605.0
2025-08-01 01:03:00 PM,24710.0,0,0.0,96816547605.0
2025-08-01 01:03:01 PM,24710.0,75,1853250.0,96818400855.0
2025-08-01 01:03:04 PM,24711.5,0,0.0,96818400855.0
2025-08-01 01:03:04 PM,24711.5,375,9266812.5,96827667667.5
2025-08-01 01:03:09 PM,24705.0,0,0.0,96827667667.5
2025-08-01 01:03:09 PM,24705.0,75,1852875.0,96829520542.5
2025-08-01 01:03:12 PM,24707.0,0,0.0,96829520542.5
2025-08-01 01:03:12 PM,24707.0,300,7412100.0,96836932642.5
2025-08-01 01:03:14 PM,24705.0,0,0.0,96836932642.5
2025-08-01 01:03:16 PM,24705.0,525,12970125.0,96849902767.5
2025-08-01 01:03:17 PM,24705.7,0,0.0,96849902767.5
2025-08-01 01:03:17 PM,24705.7,150,3705855.0,96853608622.5
2025-08-01 01:03:18 PM,24705.1,0,0.0,96853608622.5
2025-08-01 01:03:19 PM,24705.7,0,0.0,96853608622.5
2025-08-01 01:03:19 PM,24705.7,150,3705855.0,96857314477.5
2025-08-01 01:03:24 PM,24705.0,0,0.0,96857314477.5
2025-08-01 01:03:24 PM,24705.0,150,3705750.0,96861020227.5
2025-08-01 01:03:26 PM,24705.7,0,0.0,96861020227.5
2025-08-01 01:03:26 PM,24705.7,225,5558782.5,96866579010.0
2025-08-01 01:03:27 PM,24705.7,150,3705855.0,96870284865.0
2025-08-01 01:03:29 PM,24705.7,150,3705855.0,96873990720.0
2025-08-01 01:03:31 PM,24705.7,150,3705855.0,96877696575.0
2025-08-01 01:03:32 PM,24705.7,75,1852927.5,96879549502.5
2025-08-01 01:03:32 PM,24709.1,75,1853182.5,96881402685.0
2025-08-01 01:03:41 PM,24705.7,0,0.0,96881402685.0
2025-08-01 01:03:41 PM,24705.7,75,1852927.5,96883255612.5
2025-08-01 01:03:44 PM,24705.7,75,1852927.5,96885108540.0
2025-08-01 01:03:45 PM,24708.0,0,0.0,96885108540.0
2025-08-01 01:03:46 PM,24708.0,75,1853100.0,96886961640.0
2025-08-01 01:03:49 PM,24705.7,0,0.0,96886961640.0
2025-08-01 01:03:49 PM,24705.7,225,5558782.5,96892520422.5
2025-08-01 01:03:51 PM,24709.3,0,0.0,96892520422.5
2025-08-01 01:03:51 PM,24709.3,75,1853197.5,96894373620.0
2025-08-01 01:03:53 PM,24709.3,150,3706395.0,96898080015.0
2025-08-01 01:03:54 PM,24709.3,150,3706395.0,96901786410.0
2025-08-01 01:03:57 PM,24709.0,0,0.0,96901786410.0
2025-08-01 01:03:58 PM,24709.0,75,1853175.0,96903639585.0
2025-08-01 01:03:59 PM,24709.3,0,0.0,96903639585.0
2025-08-01 01:03:59 PM,24709.3,75,1853197.5,96905492782.5
2025-08-01 01:04:01 PM,24705.8,0,0.0,96905492782.5
2025-08-01 01:04:02 PM,24705.8,825,20382285.0,96925875067.5
2025-08-01 01:04:05 PM,24709.3,0,0.0,96925875067.5
2025-08-01 01:04:06 PM,24709.3,150,3706395.0,96929581462.5
2025-08-01 01:04:08 PM,24704.0,0,0.0,96929581462.5
2025-08-01 01:04:09 PM,24704.0,750,18528000.0,96948109462.5
2025-08-01 01:04:11 PM,24704.0,450,11116800.0,96959226262.5
2025-08-01 01:04:11 PM,24704.9,0,0.0,96959226262.5
2025-08-01 01:04:11 PM,24704.9,75,1852867.5,96961079130.0
2025-08-01 01:04:12 PM,24704.8,0,0.0,96961079130.0
2025-08-01 01:04:12 PM,24704.8,150,3705720.0,96964784850.0
2025-08-01 01:04:13 PM,24704.6,75,1852845.0,96966637695.0
2025-08-01 01:04:14 PM,24704.0,0,0.0,96966637695.0
2025-08-01 01:04:14 PM,24704.0,75,1852800.0,96968490495.0
2025-08-01 01:04:16 PM,24703.0,0,0.0,96968490495.0
2025-08-01 01:04:17 PM,24701.9,0,0.0,96968490495.0
2025-08-01 01:04:17 PM,24701.9,225,5557927.5,96974048422.5
2025-08-01 01:04:19 PM,24702.5,0,0.0,96974048422.5
2025-08-01 01:04:19 PM,24702.5,75,1852687.5,96975901110.0
2025-08-01 01:04:20 PM,24702.9,0,0.0,96975901110.0
2025-08-01 01:04:21 PM,24702.9,75,1852717.5,96977753827.5
2025-08-01 01:04:23 PM,24702.5,0,0.0,96977753827.5
2025-08-01 01:04:24 PM,24700.1,0,0.0,96977753827.5
2025-08-01 01:04:24 PM,24700.1,975,24082597.5,97001836425.0
2025-08-01 01:04:25 PM,24702.5,0,0.0,97001836425.0
2025-08-01 01:04:26 PM,24702.5,75,1852687.5,97003689112.5
2025-08-01 01:04:27 PM,24700.0,0,0.0,97003689112.5
2025-08-01 01:04:27 PM,24700.0,375,9262500.0,97012951612.5
2025-08-01 01:04:29 PM,24700.0,75,1852500.0,97014804112.5
2025-08-01 01:04:29 PM,24700.0,75,1852500.0,97016656612.5
2025-08-01 01:04:32 PM,24701.8,0,0.0,97016656612.5
2025-08-01 01:04:33 PM,24701.8,75,1852635.0,97018509247.5
2025-08-01 01:04:33 PM,24703.4,0,0.0,97018509247.5
2025-08-01 01:04:34 PM,24703.4,225,5558265.0,97024067512.5
2025-08-01 01:04:35 PM,24701.8,0,0.0,97024067512.5
2025-08-01 01:04:35 PM,24700.0,0,0.0,97024067512.5
2025-08-01 01:04:36 PM,24700.0,150,3705000.0,97027772512.5
2025-08-01 01:04:38 PM,24702.0,0,0.0,97027772512.5
2025-08-01 01:04:39 PM,24702.0,75,1852650.0,97029625162.5
2025-08-01 01:04:40 PM,24702.1,0,0.0,97029625162.5
2025-08-01 01:04:41 PM,24702.1,150,3705315.0,97033330477.5
2025-08-01 01:04:43 PM,24704.0,0,0.0,97033330477.5
2025-08-01 01:04:44 PM,24704.0,150,3705600.0,97037036077.5
2025-08-01 01:04:46 PM,24705.0,0,0.0,97037036077.5
2025-08-01 01:04:47 PM,24705.0,150,3705750.0,97040741827.5
2025-08-01 01:04:50 PM,24704.0,0,0.0,97040741827.5
2025-08-01 01:04:51 PM,24704.0,75,1852800.0,97042594627.5
2025-08-01 01:04:52 PM,24704.7,0,0.0,97042594627.5
2025-08-01 01:04:52 PM,24704.7,75,1852852.5,97044447480.0
2025-08-01 01:04:54 PM,24704.4,0,0.0,97044447480.0
2025-08-01 01:04:54 PM,24704.4,75,1852830.0,97046300310.0
2025-08-01 01:04:55 PM,24704.5,0,0.0,97046300310.0
2025-08-01 01:04:56 PM,24704.5,75,1852837.5,97048153147.5
2025-08-01 01:04:57 PM,24707.4,0,0.0,97048153147.5
2025-08-01 01:04:57 PM,24707.4,1875,46326375.0,97094479522.5
2025-08-01 01:04:59 PM,24702.8,0,0.0,97094479522.5
2025-08-01 01:04:59 PM,24702.8,75,1852710.0,97096332232.5
2025-08-01 01:05:03 PM,24703.5,0,0.0,97096332232.5
2025-08-01 01:05:04 PM,24703.5,150,3705525.0,97100037757.5
2025-08-01 01:05:04 PM,24704.1,0,0.0,97100037757.5
2025-08-01 01:05:05 PM,24703.5,0,0.0,97100037757.5
2025-08-01 01:05:06 PM,24703.5,225,5558287.5,97105596045.0
2025-08-01 01:05:07 PM,24709.0,0,0.0,97105596045.0
2025-08-01 01:05:07 PM,24709.0,225,5559525.0,97111155570.0
2025-08-01 01:05:09 PM,24709.0,75,1853175.0,97113008745.0
2025-08-01 01:05:11 PM,24709.0,75,1853175.0,97114861920.0
2025-08-01 01:05:16 PM,24707.0,0,0.0,97114861920.0
2025-08-01 01:05:16 PM,24707.0,75,1853025.0,97116714945.0
2025-08-01 01:05:17 PM,24705.0,0,0.0,97116714945.0
2025-08-01 01:05:17 PM,24703.5,0,0.0,97116714945.0
2025-08-01 01:05:17 PM,24703.5,150,3705525.0,97120420470.0
2025-08-01 01:05:23 PM,24708.9,0,0.0,97120420470.0
2025-08-01 01:05:24 PM,24708.9,75,1853167.5,97122273637.5
2025-08-01 01:05:27 PM,24713.9,0,0.0,97122273637.5
2025-08-01 01:05:27 PM,24715.9,0,0.0,97122273637.5
2025-08-01 01:05:27 PM,24715.9,2100,51903390.0,97174177027.5
2025-08-01 01:05:28 PM,24715.9,150,3707385.0,97177884412.5
2025-08-01 01:05:29 PM,24715.9,75,1853692.5,97179738105.0
2025-08-01 01:05:30 PM,24712.5,0,0.0,97179738105.0
2025-08-01 01:05:30 PM,24715.9,0,0.0,97179738105.0
2025-08-01 01:05:31 PM,24715.9,375,9268462.5,97189006567.5
2025-08-01 01:05:32 PM,24712.0,0,0.0,97189006567.5
2025-08-01 01:05:32 PM,24712.0,150,3706800.0,97192713367.5
2025-08-01 01:05:33 PM,24715.0,0,0.0,97192713367.5
2025-08-01 01:05:34 PM,24715.0,75,1853625.0,97194566992.5
2025-08-01 01:05:36 PM,24711.6,0,0.0,97194566992.5
2025-08-01 01:05:37 PM,24715.0,0,0.0,97194566992.5
2025-08-01 01:05:37 PM,24715.0,150,3707250.0,97198274242.5
2025-08-01 01:05:38 PM,24715.9,75,1853692.5,97200127935.0
2025-08-01 01:05:41 PM,24717.0,0,0.0,97200127935.0
2025-08-01 01:05:42 PM,24716.2,0,0.0,97200127935.0
2025-08-01 01:05:42 PM,24716.2,450,11122290.0,97211250225.0
2025-08-01 01:05:46 PM,24717.0,0,0.0,97211250225.0
2025-08-01 01:05:46 PM,24717.0,75,1853775.0,97213104000.0
2025-08-01 01:05:49 PM,24717.0,75,1853775.0,97214957775.0
2025-08-01 01:05:51 PM,24717.0,75,1853775.0,97216811550.0
2025-08-01 01:05:54 PM,24717.0,1275,31514175.0,97248325725.0
2025-08-01 01:05:59 PM,24717.0,75,1853775.0,97250179500.0
2025-08-01 01:06:00 PM,24717.9,0,0.0,97250179500.0
2025-08-01 01:06:01 PM,24716.2,300,7414860.0,97257594360.0
2025-08-01 01:06:01 PM,24715.0,75,1853625.0,97259447985.0
2025-08-01 01:06:11 PM,24715.5,0,0.0,97259447985.0
2025-08-01 01:06:13 PM,24715.5,75,1853662.5,97261301647.5
2025-08-01 01:06:13 PM,24716.2,0,0.0,97261301647.5
2025-08-01 01:06:14 PM,24717.0,0,0.0,97261301647.5
2025-08-01 01:06:14 PM,24719.2,375,9269700.0,97270571347.5
2025-08-01 01:06:14 PM,24719.2,75,1853940.0,97272425287.5
2025-08-01 01:06:17 PM,24716.2,0,0.0,97272425287.5
2025-08-01 01:06:18 PM,24716.2,75,1853715.0,97274279002.5
2025-08-01 01:06:21 PM,24718.0,0,0.0,97274279002.5
2025-08-01 01:06:21 PM,24718.0,75,1853850.0,97276132852.5
2025-08-01 01:06:24 PM,24717.0,0,0.0,97276132852.5
2025-08-01 01:06:24 PM,24717.0,75,1853775.0,97277986627.5
2025-08-01 01:06:27 PM,24715.0,0,0.0,97277986627.5
2025-08-01 01:06:27 PM,24715.0,675,16682625.0,97294669252.5
2025-08-01 01:06:29 PM,24719.2,0,0.0,97294669252.5
2025-08-01 01:06:29 PM,24715.4,225,5560965.0,97300230217.5
2025-08-01 01:06:29 PM,24719.2,225,5561820.0,97305792037.5
2025-08-01 01:06:31 PM,24718.9,75,1853917.5,97307645955.0
2025-08-01 01:06:32 PM,24721.1,1725,42643897.5,97350289852.5
2025-08-01 01:06:35 PM,24720.0,0,0.0,97350289852.5
2025-08-01 01:06:36 PM,24720.0,75,1854000.0,97352143852.5
2025-08-01 01:06:42 PM,24722.0,0,0.0,97352143852.5
2025-08-01 01:06:42 PM,24722.3,0,0.0,97352143852.5
2025-08-01 01:06:42 PM,24722.3,225,5562517.5,97357706370.0
2025-08-01 01:06:43 PM,24730.0,0,0.0,97357706370.0
2025-08-01 01:06:44 PM,24729.9,0,0.0,97357706370.0
2025-08-01 01:06:44 PM,24729.9,2850,70480215.0,97428186585.0
2025-08-01 01:06:45 PM,24729.8,0,0.0,97428186585.0
2025-08-01 01:06:46 PM,24728.5,375,9273187.5,97437459772.5
2025-08-01 01:06:47 PM,24724.5,0,0.0,97437459772.5
2025-08-01 01:06:47 PM,24724.5,150,3708675.0,97441168447.5
2025-08-01 01:06:48 PM,24729.9,0,0.0,97441168447.5
2025-08-01 01:06:49 PM,24729.8,0,0.0,97441168447.5
2025-08-01 01:06:49 PM,24729.8,150,3709470.0,97444877917.5
2025-08-01 01:06:51 PM,24725.1,0,0.0,97444877917.5
2025-08-01 01:06:51 PM,24725.1,75,1854382.5,97446732300.0
2025-08-01 01:06:53 PM,24729.9,0,0.0,97446732300.0
2025-08-01 01:06:54 PM,24729.9,75,1854742.5,97448587042.5
2025-08-01 01:06:56 PM,24729.9,75,1854742.5,97450441785.0
2025-08-01 01:06:56 PM,24730.0,0,0.0,97450441785.0
2025-08-01 01:06:56 PM,24729.2,0,0.0,97450441785.0
2025-08-01 01:06:57 PM,24729.2,300,7418760.0,97457860545.0
2025-08-01 01:06:58 PM,24725.0,0,0.0,97457860545.0
2025-08-01 01:06:59 PM,24725.0,75,1854375.0,97459714920.0
2025-08-01 01:07:01 PM,24729.9,0,0.0,97459714920.0
2025-08-01 01:07:01 PM,24729.9,225,5564227.5,97465279147.5
2025-08-01 01:07:02 PM,24725.0,0,0.0,97465279147.5
2025-08-01 01:07:02 PM,24725.0,225,5563125.0,97470842272.5
2025-08-01 01:07:03 PM,24728.9,75,1854667.5,97472696940.0
2025-08-01 01:07:04 PM,24729.0,0,0.0,97472696940.0
2025-08-01 01:07:04 PM,24729.0,75,1854675.0,97474551615.0
2025-08-01 01:07:04 PM,24725.0,75,1854375.0,97476405990.0
2025-08-01 01:07:06 PM,24729.0,75,1854675.0,97478260665.0
2025-08-01 01:07:07 PM,24725.1,0,0.0,97478260665.0
2025-08-01 01:07:07 PM,24725.1,75,1854382.5,97480115047.5
2025-08-01 01:07:08 PM,24725.1,75,1854382.5,97481969430.0
2025-08-01 01:07:09 PM,24729.0,0,0.0,97481969430.0
2025-08-01 01:07:09 PM,24729.0,75,1854675.0,97483824105.0
2025-08-01 01:07:10 PM,24733.0,0,0.0,97483824105.0
2025-08-01 01:07:11 PM,24731.0,825,20403075.0,97504227180.0
2025-08-01 01:07:13 PM,24728.9,0,0.0,97504227180.0
2025-08-01 01:07:13 PM,24728.9,75,1854667.5,97506081847.5
2025-08-01 01:07:13 PM,24728.5,0,0.0,97506081847.5
2025-08-01 01:07:14 PM,24729.0,0,0.0,97506081847.5
2025-08-01 01:07:14 PM,24729.0,150,3709350.0,97509791197.5
2025-08-01 01:07:17 PM,24730.0,0,0.0,97509791197.5
2025-08-01 01:07:17 PM,24730.0,150,3709500.0,97513500697.5
2025-08-01 01:07:18 PM,24734.7,525,12985717.5,97526486415.0
2025-08-01 01:07:20 PM,24731.5,0,0.0,97526486415.0
2025-08-01 01:07:21 PM,24731.5,300,7419450.0,97533905865.0
2025-08-01 01:07:22 PM,24734.7,0,0.0,97533905865.0
2025-08-01 01:07:22 PM,24734.7,75,1855102.5,97535760967.5
2025-08-01 01:07:23 PM,24734.2,0,0.0,97535760967.5
2025-08-01 01:07:23 PM,24734.9,0,0.0,97535760967.5
2025-08-01 01:07:24 PM,24734.9,150,3710235.0,97539471202.5
2025-08-01 01:07:27 PM,24735.0,0,0.0,97539471202.5
2025-08-01 01:07:27 PM,24735.0,150,3710250.0,97543181452.5
2025-08-01 01:07:29 PM,24732.0,0,0.0,97543181452.5
2025-08-01 01:07:29 PM,24734.0,450,11130300.0,97554311752.5
2025-08-01 01:07:30 PM,24731.0,0,0.0,97554311752.5
2025-08-01 01:07:31 PM,24729.0,300,7418700.0,97561730452.5
2025-08-01 01:07:31 PM,24729.0,75,1854675.0,97563585127.5
2025-08-01 01:07:32 PM,24729.9,0,0.0,97563585127.5
2025-08-01 01:07:32 PM,24727.9,0,0.0,97563585127.5
2025-08-01 01:07:32 PM,24727.9,225,5563777.5,97569148905.0
2025-08-01 01:07:33 PM,24725.0,0,0.0,97569148905.0
2025-08-01 01:07:34 PM,24727.9,0,0.0,97569148905.0
2025-08-01 01:07:34 PM,24727.9,150,3709185.0,97572858090.0
2025-08-01 01:07:35 PM,24725.0,0,0.0,97572858090.0
2025-08-01 01:07:36 PM,24729.1,225,5564047.5,97578422137.5
2025-08-01 01:07:36 PM,24726.0,0,0.0,97578422137.5
2025-08-01 01:07:36 PM,24726.0,75,1854450.0,97580276587.5
2025-08-01 01:07:37 PM,24729.9,0,0.0,97580276587.5
2025-08-01 01:07:37 PM,24729.9,75,1854742.5,97582131330.0
2025-08-01 01:07:38 PM,24729.0,75,1854675.0,97583986005.0
2025-08-01 01:07:41 PM,24729.6,0,0.0,97583986005.0
2025-08-01 01:07:41 PM,24729.6,75,1854720.0,97585840725.0
2025-08-01 01:07:42 PM,24729.6,75,1854720.0,97587695445.0
2025-08-01 01:07:43 PM,24723.8,1050,25959990.0,97613655435.0
2025-08-01 01:07:44 PM,24729.6,0,0.0,97613655435.0
2025-08-01 01:07:44 PM,24729.6,75,1854720.0,97615510155.0
2025-08-01 01:07:45 PM,24723.5,0,0.0,97615510155.0
2025-08-01 01:07:45 PM,24729.7,0,0.0,97615510155.0
2025-08-01 01:07:46 PM,24729.7,1875,46368187.5,97661878342.5
2025-08-01 01:07:48 PM,24723.4,0,0.0,97661878342.5
2025-08-01 01:07:48 PM,24723.4,150,3708510.0,97665586852.5
2025-08-01 01:07:54 PM,24725.0,0,0.0,97665586852.5
2025-08-01 01:07:54 PM,24725.0,75,1854375.0,97667441227.5
2025-08-01 01:07:58 PM,24725.3,0,0.0,97667441227.5
2025-08-01 01:07:59 PM,24725.3,150,3708795.0,97671150022.5
2025-08-01 01:07:59 PM,24725.4,75,1854405.0,97673004427.5
2025-08-01 01:08:02 PM,24723.3,0,0.0,97673004427.5
2025-08-01 01:08:02 PM,24723.3,975,24105217.5,97697109645.0
2025-08-01 01:08:03 PM,24725.0,0,0.0,97697109645.0
2025-08-01 01:08:04 PM,24725.2,0,0.0,97697109645.0
2025-08-01 01:08:04 PM,24725.2,300,7417560.0,97704527205.0
2025-08-01 01:08:05 PM,24725.4,0,0.0,97704527205.0
2025-08-01 01:08:06 PM,24725.4,75,1854405.0,97706381610.0
2025-08-01 01:08:08 PM,24725.4,300,7417620.0,97713799230.0
2025-08-01 01:08:09 PM,24725.1,0,0.0,97713799230.0
2025-08-01 01:08:09 PM,24725.1,375,9271912.5,97723071142.5
2025-08-01 01:08:13 PM,24729.7,0,0.0,97723071142.5
2025-08-01 01:08:14 PM,24729.7,75,1854727.5,97724925870.0
2025-08-01 01:08:17 PM,24725.7,0,0.0,97724925870.0
2025-08-01 01:08:18 PM,24725.7,150,3708855.0,97728634725.0
2025-08-01 01:08:19 PM,24725.4,0,0.0,97728634725.0
2025-08-01 01:08:19 PM,24730.5,0,0.0,97728634725.0
2025-08-01 01:08:19 PM,24730.5,675,16693087.5,97745327812.5
2025-08-01 01:08:21 PM,24725.0,75,1854375.0,97747182187.5
2025-08-01 01:08:23 PM,24725.0,1650,40796250.0,97787978437.5
2025-08-01 01:08:24 PM,24724.0,0,0.0,97787978437.5
2025-08-01 01:08:24 PM,24724.0,75,1854300.0,97789832737.5
2025-08-01 01:08:26 PM,24725.7,0,0.0,97789832737.5
2025-08-01 01:08:26 PM,24725.7,75,1854427.5,97791687165.0
2025-08-01 01:08:29 PM,24725.0,0,0.0,97791687165.0
2025-08-01 01:08:29 PM,24725.0,150,3708750.0,97795395915.0
2025-08-01 01:08:30 PM,24725.0,75,1854375.0,97797250290.0
2025-08-01 01:08:31 PM,24725.0,75,1854375.0,97799104665.0
2025-08-01 01:08:34 PM,24725.7,225,5563282.5,97804667947.5
2025-08-01 01:08:35 PM,24725.0,0,0.0,97804667947.5
2025-08-01 01:08:36 PM,24725.7,225,5563282.5,97810231230.0
2025-08-01 01:08:38 PM,24725.7,75,1854427.5,97812085657.5
2025-08-01 01:08:39 PM,24725.0,0,0.0,97812085657.5
2025-08-01 01:08:39 PM,24725.0,75,1854375.0,97813940032.5
2025-08-01 01:08:40 PM,24725.7,0,0.0,97813940032.5
2025-08-01 01:08:41 PM,24725.7,75,1854427.5,97815794460.0
2025-08-01 01:08:44 PM,24723.6,0,0.0,97815794460.0
2025-08-01 01:08:44 PM,24723.6,1725,42648210.0,97858442670.0
2025-08-01 01:08:45 PM,24725.7,0,0.0,97858442670.0
2025-08-01 01:08:46 PM,24728.5,150,3709275.0,97862151945.0
2025-08-01 01:08:48 PM,24729.1,0,0.0,97862151945.0
2025-08-01 01:08:49 PM,24729.1,150,3709365.0,97865861310.0
2025-08-01 01:08:51 PM,24729.4,0,0.0,97865861310.0
2025-08-01 01:08:51 PM,24729.4,75,1854705.0,97867716015.0
2025-08-01 01:08:53 PM,24729.0,0,0.0,97867716015.0
2025-08-01 01:08:53 PM,24729.0,75,1854675.0,97869570690.0
2025-08-01 01:08:57 PM,24724.3,0,0.0,97869570690.0
2025-08-01 01:08:58 PM,24729.0,0,0.0,97869570690.0
2025-08-01 01:08:58 PM,24729.0,150,3709350.0,97873280040.0
2025-08-01 01:08:58 PM,24724.5,0,0.0,97873280040.0
2025-08-01 01:08:59 PM,24723.0,0,0.0,97873280040.0
2025-08-01 01:08:59 PM,24723.0,450,11125350.0,97884405390.0
2025-08-01 01:09:01 PM,24726.4,0,0.0,97884405390.0
2025-08-01 01:09:02 PM,24723.0,0,0.0,97884405390.0
2025-08-01 01:09:03 PM,24723.0,375,9271125.0,97893676515.0
2025-08-01 01:09:05 PM,24723.9,0,0.0,97893676515.0
2025-08-01 01:09:06 PM,24723.0,0,0.0,97893676515.0
2025-08-01 01:09:06 PM,24722.0,750,18541500.0,97912218015.0
2025-08-01 01:09:08 PM,24723.9,0,0.0,97912218015.0
2025-08-01 01:09:09 PM,24722.0,0,0.0,97912218015.0
2025-08-01 01:09:09 PM,24723.9,0,0.0,97912218015.0
2025-08-01 01:09:09 PM,24723.9,225,5562877.5,97917780892.5
2025-08-01 01:09:10 PM,24723.9,75,1854292.5,97919635185.0
2025-08-01 01:09:10 PM,24724.5,0,0.0,97919635185.0
2025-08-01 01:09:11 PM,24722.0,225,5562450.0,97925197635.0
2025-08-01 01:09:12 PM,24723.4,0,0.0,97925197635.0
2025-08-01 01:09:13 PM,24723.4,150,3708510.0,97928906145.0
2025-08-01 01:09:13 PM,24721.1,0,0.0,97928906145.0
2025-08-01 01:09:14 PM,24721.1,225,5562247.5,97934468392.5
2025-08-01 01:09:16 PM,24722.5,0,0.0,97934468392.5
2025-08-01 01:09:18 PM,24722.5,75,1854187.5,97936322580.0
2025-08-01 01:09:19 PM,24722.2,0,0.0,97936322580.0
2025-08-01 01:09:19 PM,24722.2,75,1854165.0,97938176745.0
2025-08-01 01:09:21 PM,24721.2,0,0.0,97938176745.0
2025-08-01 01:09:22 PM,24721.0,0,0.0,97938176745.0
2025-08-01 01:09:23 PM,24721.0,600,14832600.0,97953009345.0
2025-08-01 01:09:23 PM,24722.2,0,0.0,97953009345.0
2025-08-01 01:09:24 PM,24722.2,150,3708330.0,97956717675.0
2025-08-01 01:09:25 PM,24720.0,0,0.0,97956717675.0
2025-08-01 01:09:26 PM,24722.8,675,16687890.0,97973405565.0
2025-08-01 01:09:28 PM,24722.2,0,0.0,97973405565.0
2025-08-01 01:09:28 PM,24722.2,150,3708330.0,97977113895.0
2025-08-01 01:09:29 PM,24723.3,0,0.0,97977113895.0
2025-08-01 01:09:29 PM,24723.3,75,1854247.5,97978968142.5
2025-08-01 01:09:33 PM,24718.7,0,0.0,97978968142.5
2025-08-01 01:09:33 PM,24718.7,75,1853902.5,97980822045.0
2025-08-01 01:09:33 PM,24723.9,0,0.0,97980822045.0
2025-08-01 01:09:34 PM,24723.9,75,1854292.5,97982676337.5
2025-08-01 01:09:35 PM,24717.7,0,0.0,97982676337.5
2025-08-01 01:09:35 PM,24717.7,75,1853827.5,97984530165.0
2025-08-01 01:09:36 PM,24723.8,0,0.0,97984530165.0
2025-08-01 01:09:36 PM,24723.8,75,1854285.0,97986384450.0
2025-08-01 01:09:41 PM,24720.0,0,0.0,97986384450.0
2025-08-01 01:09:41 PM,24720.0,150,3708000.0,97990092450.0
2025-08-01 01:09:44 PM,24717.1,0,0.0,97990092450.0
2025-08-01 01:09:44 PM,24717.1,375,9268912.5,97999361362.5
2025-08-01 01:09:45 PM,24716.2,825,20390865.0,98019752227.5
2025-08-01 01:09:47 PM,24715.0,0,0.0,98019752227.5
2025-08-01 01:09:48 PM,24715.0,150,3707250.0,98023459477.5
2025-08-01 01:09:51 PM,24715.0,75,1853625.0,98025313102.5
2025-08-01 01:09:54 PM,24718.5,0,0.0,98025313102.5
2025-08-01 01:09:54 PM,24718.5,150,3707775.0,98029020877.5
2025-08-01 01:09:55 PM,24715.0,0,0.0,98029020877.5
2025-08-01 01:09:56 PM,24715.0,75,1853625.0,98030874502.5
2025-08-01 01:09:58 PM,24715.0,75,1853625.0,98032728127.5
2025-08-01 01:10:01 PM,24715.0,225,5560875.0,98038289002.5
2025-08-01 01:10:03 PM,24712.6,0,0.0,98038289002.5
2025-08-01 01:10:03 PM,24712.6,225,5560335.0,98043849337.5
2025-08-01 01:10:06 PM,24713.4,0,0.0,98043849337.5
2025-08-01 01:10:06 PM,24713.4,75,1853505.0,98045702842.5
2025-08-01 01:10:09 PM,24712.6,0,0.0,98045702842.5
2025-08-01 01:10:10 PM,24712.6,75,1853445.0,98047556287.5
2025-08-01 01:10:11 PM,24718.9,0,0.0,98047556287.5
2025-08-01 01:10:11 PM,24718.9,75,1853917.5,98049410205.0
2025-08-01 01:10:16 PM,24715.0,0,0.0,98049410205.0
2025-08-01 01:10:16 PM,24715.0,75,1853625.0,98051263830.0
2025-08-01 01:10:16 PM,24715.1,0,0.0,98051263830.0
2025-08-01 01:10:17 PM,24714.9,0,0.0,98051263830.0
2025-08-01 01:10:18 PM,24714.9,225,5560852.5,98056824682.5
2025-08-01 01:10:22 PM,24715.0,0,0.0,98056824682.5
2025-08-01 01:10:23 PM,24715.0,75,1853625.0,98058678307.5
2025-08-01 01:10:24 PM,24713.8,0,0.0,98058678307.5
2025-08-01 01:10:24 PM,24718.9,0,0.0,98058678307.5
2025-08-01 01:10:24 PM,24713.3,0,0.0,98058678307.5
2025-08-01 01:10:24 PM,24713.3,300,7413990.0,98066092297.5
2025-08-01 01:10:28 PM,24712.2,0,0.0,98066092297.5
2025-08-01 01:10:29 PM,24716.7,0,0.0,98066092297.5
2025-08-01 01:10:29 PM,24712.0,0,0.0,98066092297.5
2025-08-01 01:10:29 PM,24712.0,300,7413600.0,98073505897.5
2025-08-01 01:10:37 PM,24711.0,0,0.0,98073505897.5
2025-08-01 01:10:38 PM,24711.0,150,3706650.0,98077212547.5
2025-08-01 01:10:39 PM,24711.0,75,1853325.0,98079065872.5
2025-08-01 01:10:41 PM,24711.0,450,11119950.0,98090185822.5
2025-08-01 01:10:41 PM,24711.0,75,1853325.0,98092039147.5
2025-08-01 01:10:43 PM,24711.0,75,1853325.0,98093892472.5
2025-08-01 01:10:47 PM,24712.0,0,0.0,98093892472.5
2025-08-01 01:10:48 PM,24712.0,75,1853400.0,98095745872.5
2025-08-01 01:10:48 PM,24711.0,0,0.0,98095745872.5
2025-08-01 01:10:49 PM,24711.0,75,1853325.0,98097599197.5
2025-08-01 01:10:50 PM,24711.0,75,1853325.0,98099452522.5
2025-08-01 01:10:51 PM,24711.0,300,7413300.0,98106865822.5
2025-08-01 01:10:52 PM,24710.0,0,0.0,98106865822.5
2025-08-01 01:10:53 PM,24714.9,825,20389792.5,98127255615.0
2025-08-01 01:10:56 PM,24714.9,225,5560852.5,98132816467.5
2025-08-01 01:10:58 PM,24712.0,0,0.0,98132816467.5
2025-08-01 01:10:59 PM,24714.9,0,0.0,98132816467.5
2025-08-01 01:10:59 PM,24714.9,375,9268087.5,98142084555.0
2025-08-01 01:11:01 PM,24715.0,75,1853625.0,98143938180.0
2025-08-01 01:11:11 PM,24715.0,75,1853625.0,98145791805.0
2025-08-01 01:11:14 PM,24715.0,75,1853625.0,98147645430.0
2025-08-01 01:11:16 PM,24716.7,225,5561257.5,98153206687.5
2025-08-01 01:11:18 PM,24715.0,0,0.0,98153206687.5
2025-08-01 01:11:19 PM,24715.0,75,1853625.0,98155060312.5
2025-08-01 01:11:21 PM,24715.0,75,1853625.0,98156913937.5
2025-08-01 01:11:23 PM,24715.0,600,14829000.0,98171742937.5
2025-08-01 01:11:23 PM,24713.7,0,0.0,98171742937.5
2025-08-01 01:11:24 PM,24713.7,600,14828220.0,98186571157.5
2025-08-01 01:11:26 PM,24716.6,0,0.0,98186571157.5
2025-08-01 01:11:26 PM,24716.6,75,1853745.0,98188424902.5
2025-08-01 01:11:29 PM,24715.0,375,9268125.0,98197693027.5
2025-08-01 01:11:31 PM,24715.0,75,1853625.0,98199546652.5
2025-08-01 01:11:34 PM,24715.0,75,1853625.0,98201400277.5
2025-08-01 01:11:37 PM,24713.7,0,0.0,98201400277.5
2025-08-01 01:11:38 PM,24716.6,525,12976215.0,98214376492.5
2025-08-01 01:11:41 PM,24716.6,75,1853745.0,98216230237.5
2025-08-01 01:11:44 PM,24716.7,0,0.0,98216230237.5
2025-08-01 01:11:44 PM,24716.7,75,1853752.5,98218083990.0
2025-08-01 01:11:46 PM,24716.8,0,0.0,98218083990.0
2025-08-01 01:11:46 PM,24716.8,75,1853760.0,98219937750.0
2025-08-01 01:11:47 PM,24713.7,0,0.0,98219937750.0
2025-08-01 01:11:48 PM,24713.7,375,9267637.5,98229205387.5
2025-08-01 01:11:51 PM,24713.7,675,16681747.5,98245887135.0
2025-08-01 01:11:59 PM,24716.4,0,0.0,98245887135.0
2025-08-01 01:11:59 PM,24716.4,150,3707460.0,98249594595.0
2025-08-01 01:12:06 PM,24715.4,0,0.0,98249594595.0
2025-08-01 01:12:08 PM,24715.4,75,1853655.0,98251448250.0
2025-08-01 01:12:15 PM,24716.3,0,0.0,98251448250.0
2025-08-01 01:12:16 PM,24716.3,225,5561167.5,98257009417.5
2025-08-01 01:12:18 PM,24716.9,0,0.0,98257009417.5
2025-08-01 01:12:18 PM,24716.9,150,3707535.0,98260716952.5
2025-08-01 01:12:19 PM,24716.3,0,0.0,98260716952.5
2025-08-01 01:12:19 PM,24716.3,300,7414890.0,98268131842.5
2025-08-01 01:12:24 PM,24715.8,0,0.0,98268131842.5
2025-08-01 01:12:24 PM,24715.8,75,1853685.0,98269985527.5
2025-08-01 01:12:25 PM,24719.0,0,0.0,98269985527.5
2025-08-01 01:12:26 PM,24719.0,225,5561775.0,98275547302.5
2025-08-01 01:12:27 PM,24719.2,0,0.0,98275547302.5
2025-08-01 01:12:28 PM,24720.0,0,0.0,98275547302.5
2025-08-01 01:12:28 PM,24720.0,225,5562000.0,98281109302.5
2025-08-01 01:12:29 PM,24719.0,0,0.0,98281109302.5
2025-08-01 01:12:29 PM,24719.0,75,1853925.0,98282963227.5
2025-08-01 01:12:30 PM,24720.0,0,0.0,98282963227.5
2025-08-01 01:12:31 PM,24720.0,225,5562000.0,98288525227.5
2025-08-01 01:12:32 PM,24722.0,0,0.0,98288525227.5
2025-08-01 01:12:33 PM,24722.0,150,3708300.0,98292233527.5
2025-08-01 01:12:35 PM,24720.0,0,0.0,98292233527.5
2025-08-01 01:12:36 PM,24720.0,75,1854000.0,98294087527.5
2025-08-01 01:12:41 PM,24723.0,0,0.0,98294087527.5
2025-08-01 01:12:41 PM,24723.0,75,1854225.0,98295941752.5
2025-08-01 01:12:45 PM,24727.8,0,0.0,98295941752.5
2025-08-01 01:12:46 PM,24727.8,225,5563755.0,98301505507.5
2025-08-01 01:12:48 PM,24721.4,0,0.0,98301505507.5
2025-08-01 01:12:48 PM,24721.4,1200,29665680.0,98331171187.5
2025-08-01 01:12:49 PM,24727.3,0,0.0,98331171187.5
2025-08-01 01:12:49 PM,24727.3,75,1854547.5,98333025735.0
2025-08-01 01:12:51 PM,24723.0,0,0.0,98333025735.0
2025-08-01 01:12:51 PM,24723.0,75,1854225.0,98334879960.0
2025-08-01 01:12:56 PM,24727.0,0,0.0,98334879960.0
2025-08-01 01:12:56 PM,24727.0,225,5563575.0,98340443535.0
2025-08-01 01:12:58 PM,24723.0,0,0.0,98340443535.0
2025-08-01 01:12:58 PM,24724.9,0,0.0,98340443535.0
2025-08-01 01:12:59 PM,24724.9,1425,35232982.5,98375676517.5
2025-08-01 01:13:01 PM,24726.4,0,0.0,98375676517.5
2025-08-01 01:13:03 PM,24726.4,75,1854480.0,98377530997.5
2025-08-01 01:13:04 PM,24725.8,0,0.0,98377530997.5
2025-08-01 01:13:04 PM,24725.8,75,1854435.0,98379385432.5
2025-08-01 01:13:06 PM,24725.6,0,0.0,98379385432.5
2025-08-01 01:13:06 PM,24725.6,75,1854420.0,98381239852.5
2025-08-01 01:13:10 PM,24719.2,0,0.0,98381239852.5
2025-08-01 01:13:11 PM,24719.2,75,1853940.0,98383093792.5
2025-08-01 01:13:13 PM,24722.3,0,0.0,98383093792.5
2025-08-01 01:13:13 PM,24722.3,225,5562517.5,98388656310.0
2025-08-01 01:13:15 PM,24725.2,0,0.0,98388656310.0
2025-08-01 01:13:16 PM,24725.2,75,1854390.0,98390510700.0
2025-08-01 01:13:17 PM,24719.1,0,0.0,98390510700.0
2025-08-01 01:13:18 PM,24719.1,150,3707865.0,98394218565.0
2025-08-01 01:13:21 PM,24725.0,0,0.0,98394218565.0
2025-08-01 01:13:21 PM,24725.0,975,24106875.0,98418325440.0
2025-08-01 01:13:28 PM,24725.0,75,1854375.0,98420179815.0
2025-08-01 01:13:34 PM,24724.9,0,0.0,98420179815.0
2025-08-01 01:13:34 PM,24724.9,75,1854367.5,98422034182.5
2025-08-01 01:13:35 PM,24725.0,0,0.0,98422034182.5
2025-08-01 01:13:36 PM,24725.0,525,12980625.0,98435014807.5
2025-08-01 01:13:36 PM,24724.6,0,0.0,98435014807.5
2025-08-01 01:13:38 PM,24727.0,0,0.0,98435014807.5
2025-08-01 01:13:38 PM,24727.0,375,9272625.0,98444287432.5
2025-08-01 01:13:40 PM,24724.4,0,0.0,98444287432.5
2025-08-01 01:13:40 PM,24726.0,0,0.0,98444287432.5
2025-08-01 01:13:41 PM,24727.8,0,0.0,98444287432.5
2025-08-01 01:13:41 PM,24727.8,225,5563755.0,98449851187.5
2025-08-01 01:13:43 PM,24728.0,75,1854600.0,98451705787.5
2025-08-01 01:13:43 PM,24728.0,75,1854600.0,98453560387.5
2025-08-01 01:13:43 PM,24725.0,0,0.0,98453560387.5
2025-08-01 01:13:44 PM,24728.0,0,0.0,98453560387.5
2025-08-01 01:13:44 PM,24728.0,600,14836800.0,98468397187.5
2025-08-01 01:13:48 PM,24728.4,0,0.0,98468397187.5
2025-08-01 01:13:48 PM,24725.0,0,0.0,98468397187.5
2025-08-01 01:13:49 PM,24722.2,0,0.0,98468397187.5
2025-08-01 01:13:49 PM,24722.2,2550,63041610.0,98531438797.5
2025-08-01 01:14:01 PM,24726.0,0,0.0,98531438797.5
2025-08-01 01:14:01 PM,24726.0,75,1854450.0,98533293247.5
2025-08-01 01:14:01 PM,24725.0,0,0.0,98533293247.5
2025-08-01 01:14:01 PM,24725.0,300,7417500.0,98540710747.5
2025-08-01 01:14:02 PM,24724.0,0,0.0,98540710747.5
2025-08-01 01:14:03 PM,24725.0,300,7417500.0,98548128247.5
2025-08-01 01:14:15 PM,24729.4,0,0.0,98548128247.5
2025-08-01 01:14:16 PM,24729.4,150,3709410.0,98551837657.5
2025-08-01 01:14:21 PM,24729.8,0,0.0,98551837657.5
2025-08-01 01:14:22 PM,24729.8,75,1854735.0,98553692392.5
2025-08-01 01:14:24 PM,24725.0,0,0.0,98553692392.5
2025-08-01 01:14:24 PM,24725.0,75,1854375.0,98555546767.5
2025-08-01 01:14:25 PM,24729.5,0,0.0,98555546767.5
2025-08-01 01:14:25 PM,24729.9,0,0.0,98555546767.5
2025-08-01 01:14:26 PM,24725.0,300,7417500.0,98562964267.5
2025-08-01 01:14:26 PM,24725.0,75,1854375.0,98564818642.5
2025-08-01 01:14:29 PM,24725.0,225,5563125.0,98570381767.5
2025-08-01 01:14:30 PM,24728.0,0,0.0,98570381767.5
2025-08-01 01:14:31 PM,24728.0,75,1854600.0,98572236367.5
2025-08-01 01:14:33 PM,24725.0,300,7417500.0,98579653867.5
2025-08-01 01:14:34 PM,24725.0,75,1854375.0,98581508242.5
2025-08-01 01:14:37 PM,24727.2,0,0.0,98581508242.5
2025-08-01 01:14:38 PM,24727.2,75,1854540.0,98583362782.5
2025-08-01 01:14:38 PM,24725.0,0,0.0,98583362782.5
2025-08-01 01:14:39 PM,24727.9,0,0.0,98583362782.5
2025-08-01 01:14:39 PM,24727.9,150,3709185.0,98587071967.5
2025-08-01 01:14:40 PM,24727.6,75,1854570.0,98588926537.5
2025-08-01 01:14:50 PM,24720.7,0,0.0,98588926537.5
2025-08-01 01:14:50 PM,24720.6,0,0.0,98588926537.5
2025-08-01 01:14:51 PM,24720.6,675,16686404.999999998,98605612942.5
2025-08-01 01:14:55 PM,24722.6,0,0.0,98605612942.5
2025-08-01 01:14:56 PM,24722.6,75,1854195.0,98607467137.5
2025-08-01 01:14:59 PM,24720.0,0,0.0,98607467137.5
2025-08-01 01:14:59 PM,24720.0,75,1854000.0,98609321137.5
2025-08-01 01:15:08 PM,24718.9,0,0.0,98609321137.5
2025-08-01 01:15:09 PM,24718.9,150,3707835.0,98613028972.5
2025-08-01 01:15:10 PM,24722.0,0,0.0,98613028972.5
2025-08-01 01:15:11 PM,24722.0,75,1854150.0,98614883122.5
2025-08-01 01:15:14 PM,24722.0,75,1854150.0,98616737272.5
2025-08-01 01:15:21 PM,24721.9,0,0.0,98616737272.5
2025-08-01 01:15:21 PM,24721.9,75,1854142.5,98618591415.0
2025-08-01 01:15:32 PM,24720.0,0,0.0,98618591415.0
2025-08-01 01:15:33 PM,24720.0,150,3708000.0,98622299415.0
2025-08-01 01:15:34 PM,24720.0,75,1854000.0,98624153415.0
2025-08-01 01:15:40 PM,24718.0,0,0.0,98624153415.0
2025-08-01 01:15:41 PM,24718.0,75,1853850.0,98626007265.0
2025-08-01 01:15:41 PM,24716.6,0,0.0,98626007265.0
2025-08-01 01:15:42 PM,24716.6,525,12976215.0,98638983480.0
2025-08-01 01:15:44 PM,24721.5,0,0.0,98638983480.0
2025-08-01 01:15:44 PM,24721.5,300,7416450.0,98646399930.0
2025-08-01 01:15:51 PM,24719.9,0,0.0,98646399930.0
2025-08-01 01:15:52 PM,24719.9,75,1853992.5,98648253922.5
2025-08-01 01:15:59 PM,24716.4,75,1853730.0,98650107652.5
2025-08-01 01:16:02 PM,24717.3,0,0.0,98650107652.5
2025-08-01 01:16:02 PM,24717.3,75,1853797.5,98651961450.0
2025-08-01 01:16:09 PM,24718.0,0,0.0,98651961450.0
2025-08-01 01:16:09 PM,24718.0,75,1853850.0,98653815300.0
2025-08-01 01:16:15 PM,24720.3,0,0.0,98653815300.0
2025-08-01 01:16:16 PM,24717.3,0,0.0,98653815300.0
2025-08-01 01:16:16 PM,24717.3,150,3707595.0,98657522895.0
2025-08-01 01:16:18 PM,24719.7,75,1853977.5,98659376872.5
2025-08-01 01:16:22 PM,24720.3,0,0.0,98659376872.5
2025-08-01 01:16:22 PM,24720.3,375,9270112.5,98668646985.0
2025-08-01 01:16:24 PM,24719.2,0,0.0,98668646985.0
2025-08-01 01:16:24 PM,24719.2,75,1853940.0,98670500925.0
2025-08-01 01:16:24 PM,24720.1,0,0.0,98670500925.0
2025-08-01 01:16:24 PM,24720.1,75,1854007.5,98672354932.5
2025-08-01 01:16:26 PM,24719.2,0,0.0,98672354932.5
2025-08-01 01:16:27 PM,24719.2,75,1853940.0,98674208872.5
2025-08-01 01:16:29 PM,24719.2,75,1853940.0,98676062812.5
2025-08-01 01:16:31 PM,24717.0,0,0.0,98676062812.5
2025-08-01 01:16:31 PM,24717.0,75,1853775.0,98677916587.5
2025-08-01 01:16:33 PM,24715.0,0,0.0,98677916587.5
2025-08-01 01:16:33 PM,24715.0,150,3707250.0,98681623837.5
2025-08-01 01:16:34 PM,24715.3,75,1853647.5,98683477485.0
2025-08-01 01:16:49 PM,24721.8,0,0.0,98683477485.0
2025-08-01 01:16:50 PM,24721.8,150,3708270.0,98687185755.0
2025-08-01 01:16:51 PM,24720.0,0,0.0,98687185755.0
2025-08-01 01:16:52 PM,24717.0,0,0.0,98687185755.0
2025-08-01 01:16:53 PM,24717.0,900,22245300.0,98709431055.0
2025-08-01 01:16:55 PM,24717.3,0,0.0,98709431055.0
2025-08-01 01:16:56 PM,24717.3,75,1853797.5,98711284852.5
2025-08-01 01:17:00 PM,24722.0,0,0.0,98711284852.5
2025-08-01 01:17:01 PM,24722.0,75,1854150.0,98713139002.5
2025-08-01 01:17:02 PM,24725.0,0,0.0,98713139002.5
2025-08-01 01:17:03 PM,24725.0,1050,25961250.0,98739100252.5
2025-08-01 01:17:11 PM,24724.3,0,0.0,98739100252.5
2025-08-01 01:17:11 PM,24724.3,75,1854322.5,98740954575.0
2025-08-01 01:17:14 PM,24724.6,0,0.0,98740954575.0
2025-08-01 01:17:14 PM,24724.6,75,1854345.0,98742808920.0
2025-08-01 01:17:17 PM,24720.4,75,1854030.0,98744662950.0
2025-08-01 01:17:28 PM,24724.0,0,0.0,98744662950.0
2025-08-01 01:17:28 PM,24724.0,75,1854300.0,98746517250.0
2025-08-01 01:17:39 PM,24723.4,0,0.0,98746517250.0
2025-08-01 01:17:39 PM,24723.4,75,1854255.0,98748371505.0
2025-08-01 01:17:39 PM,24724.0,0,0.0,98748371505.0
2025-08-01 01:17:39 PM,24724.3,0,0.0,98748371505.0
2025-08-01 01:17:40 PM,24724.3,375,9271612.5,98757643117.5
2025-08-01 01:17:48 PM,24727.0,0,0.0,98757643117.5
2025-08-01 01:17:49 PM,24727.0,150,3709050.0,98761352167.5
2025-08-01 01:17:54 PM,24729.9,0,0.0,98761352167.5
2025-08-01 01:17:54 PM,24729.9,1275,31530622.5,98792882790.0
2025-08-01 01:17:57 PM,24730.0,0,0.0,98792882790.0
2025-08-01 01:17:57 PM,24730.0,225,5564250.0,98798447040.0
2025-08-01 01:17:58 PM,24730.0,75,1854750.0,98800301790.0
2025-08-01 01:18:00 PM,24729.0,0,0.0,98800301790.0
2025-08-01 01:18:00 PM,24725.0,0,0.0,98800301790.0
2025-08-01 01:18:01 PM,24725.0,1200,29670000.0,98829971790.0
2025-08-01 01:18:02 PM,24727.8,0,0.0,98829971790.0
2025-08-01 01:18:02 PM,24727.8,150,3709170.0,98833680960.0
2025-08-01 01:18:06 PM,24727.2,0,0.0,98833680960.0
2025-08-01 01:18:06 PM,24727.2,75,1854540.0,98835535500.0
2025-08-01 01:18:06 PM,24725.0,75,1854375.0,98837389875.0
2025-08-01 01:18:07 PM,24727.2,0,0.0,98837389875.0
2025-08-01 01:18:07 PM,24727.2,75,1854540.0,98839244415.0
2025-08-01 01:18:13 PM,24724.0,0,0.0,98839244415.0
2025-08-01 01:18:13 PM,24724.0,150,3708600.0,98842953015.0
2025-08-01 01:18:15 PM,24720.0,0,0.0,98842953015.0
2025-08-01 01:18:16 PM,24720.0,450,11124000.0,98854077015.0
2025-08-01 01:18:16 PM,24725.4,0,0.0,98854077015.0
2025-08-01 01:18:17 PM,24725.4,75,1854405.0,98855931420.0
2025-08-01 01:18:17 PM,24719.8,0,0.0,98855931420.0
2025-08-01 01:18:18 PM,24719.8,300,7415940.0,98863347360.0
2025-08-01 01:18:24 PM,24722.0,0,0.0,98863347360.0
2025-08-01 01:18:24 PM,24722.0,75,1854150.0,98865201510.0
2025-08-01 01:18:29 PM,24722.0,75,1854150.0,98867055660.0
2025-08-01 01:18:31 PM,24725.0,0,0.0,98867055660.0
2025-08-01 01:18:31 PM,24725.0,75,1854375.0,98868910035.0
2025-08-01 01:18:32 PM,24725.0,75,1854375.0,98870764410.0
2025-08-01 01:18:40 PM,24720.0,0,0.0,98870764410.0
2025-08-01 01:18:40 PM,24719.4,0,0.0,98870764410.0
2025-08-01 01:18:41 PM,24719.4,225,5561865.0,98876326275.0
2025-08-01 01:18:45 PM,24722.7,75,1854202.5,98878180477.5
2025-08-01 01:18:48 PM,24722.3,75,1854172.5,98880034650.0
2025-08-01 01:18:50 PM,24719.4,225,5561865.0,98885596515.0
2025-08-01 01:18:54 PM,24716.8,0,0.0,98885596515.0
2025-08-01 01:18:54 PM,24716.8,225,5561280.0,98891157795.0
2025-08-01 01:18:59 PM,24715.0,0,0.0,98891157795.0
2025-08-01 01:18:59 PM,24715.0,300,7414500.0,98898572295.0
2025-08-01 01:19:07 PM,24718.7,0,0.0,98898572295.0
2025-08-01 01:19:07 PM,24719.4,525,12977685.0,98911549980.0
2025-08-01 01:19:09 PM,24715.0,0,0.0,98911549980.0
2025-08-01 01:19:09 PM,24715.0,150,3707250.0,98915257230.0
2025-08-01 01:19:12 PM,24715.3,0,0.0,98915257230.0
2025-08-01 01:19:12 PM,24715.3,375,9268237.5,98924525467.5
2025-08-01 01:19:13 PM,24715.3,75,1853647.5,98926379115.0
2025-08-01 01:19:14 PM,24720.0,75,1854000.0,98928233115.0
2025-08-01 01:19:49 PM,24720.0,300,7416000.0,98935649115.0
2025-08-01 01:19:51 PM,24720.0,75,1854000.0,98937503115.0
2025-08-01 01:19:56 PM,24715.0,0,0.0,98937503115.0
2025-08-01 01:19:56 PM,24715.0,75,1853625.0,98939356740.0
2025-08-01 01:19:59 PM,24715.0,75,1853625.0,98941210365.0
2025-08-01 01:20:00 PM,24712.6,0,0.0,98941210365.0
2025-08-01 01:20:01 PM,24715.0,1050,25950750.0,98967161115.0
2025-08-01 01:20:05 PM,24711.4,0,0.0,98967161115.0
2025-08-01 01:20:06 PM,24711.4,225,5560065.0,98972721180.0
2025-08-01 01:20:09 PM,24715.0,0,0.0,98972721180.0
2025-08-01 01:20:09 PM,24715.0,75,1853625.0,98974574805.0
2025-08-01 01:20:10 PM,24711.4,0,0.0,98974574805.0
2025-08-01 01:20:11 PM,24711.4,75,1853355.0,98976428160.0
2025-08-01 01:20:11 PM,24715.0,0,0.0,98976428160.0
2025-08-01 01:20:12 PM,24715.0,75,1853625.0,98978281785.0
2025-08-01 01:20:17 PM,24713.5,0,0.0,98978281785.0
2025-08-01 01:20:17 PM,24713.5,450,11121075.0,98989402860.0
2025-08-01 01:20:19 PM,24713.7,0,0.0,98989402860.0
2025-08-01 01:20:19 PM,24713.7,225,5560582.5,98994963442.5
2025-08-01 01:20:20 PM,24715.0,0,0.0,98994963442.5
2025-08-01 01:20:20 PM,24715.0,75,1853625.0,98996817067.5
2025-08-01 01:20:24 PM,24715.0,75,1853625.0,98998670692.5
2025-08-01 01:20:25 PM,24713.5,0,0.0,98998670692.5
2025-08-01 01:20:26 PM,24713.5,75,1853512.5,99000524205.0
2025-08-01 01:20:28 PM,24713.0,0,0.0,99000524205.0
2025-08-01 01:20:29 PM,24713.0,75,1853475.0,99002377680.0
2025-08-01 01:20:29 PM,24712.1,0,0.0,99002377680.0
2025-08-01 01:20:30 PM,24712.1,75,1853407.5,99004231087.5
2025-08-01 01:20:34 PM,24718.2,75,1853865.0,99006084952.5
2025-08-01 01:20:35 PM,24712.4,0,0.0,99006084952.5
2025-08-01 01:20:36 PM,24712.4,150,3706860.0,99009791812.5
2025-08-01 01:20:39 PM,24717.0,0,0.0,99009791812.5
2025-08-01 01:20:40 PM,24717.0,150,3707550.0,99013499362.5
2025-08-01 01:20:41 PM,24716.2,0,0.0,99013499362.5
2025-08-01 01:20:41 PM,24716.2,75,1853715.0,99015353077.5
2025-08-01 01:20:41 PM,24715.4,0,0.0,99015353077.5
2025-08-01 01:20:42 PM,24715.4,75,1853655.0,99017206732.5
2025-08-01 01:20:59 PM,24713.0,0,0.0,99017206732.5
2025-08-01 01:20:59 PM,24713.0,450,11120850.0,99028327582.5
2025-08-01 01:21:02 PM,24717.9,0,0.0,99028327582.5
2025-08-01 01:21:03 PM,24717.9,75,1853842.5,99030181425.0
2025-08-01 01:21:15 PM,24716.6,0,0.0,99030181425.0
2025-08-01 01:21:16 PM,24716.6,75,1853745.0,99032035170.0
2025-08-01 01:21:16 PM,24713.0,0,0.0,99032035170.0
2025-08-01 01:21:16 PM,24713.0,75,1853475.0,99033888645.0
2025-08-01 01:21:21 PM,24719.8,75,1853985.0,99035742630.0
2025-08-01 01:21:25 PM,24720.0,0,0.0,99035742630.0
2025-08-01 01:21:26 PM,24720.0,75,1854000.0,99037596630.0
2025-08-01 01:21:28 PM,24715.0,0,0.0,99037596630.0
2025-08-01 01:21:28 PM,24715.0,75,1853625.0,99039450255.0
2025-08-01 01:21:31 PM,24715.0,75,1853625.0,99041303880.0
2025-08-01 01:21:35 PM,24715.0,75,1853625.0,99043157505.0
2025-08-01 01:21:38 PM,24715.0,75,1853625.0,99045011130.0
2025-08-01 01:21:41 PM,24714.2,0,0.0,99045011130.0
2025-08-01 01:21:41 PM,24714.2,150,3707130.0,99048718260.0
2025-08-01 01:21:42 PM,24715.0,0,0.0,99048718260.0
2025-08-01 01:21:43 PM,24715.0,75,1853625.0,99050571885.0
2025-08-01 01:21:44 PM,24720.0,0,0.0,99050571885.0
2025-08-01 01:21:44 PM,24720.0,600,14832000.0,99065403885.0
2025-08-01 01:21:44 PM,24722.7,0,0.0,99065403885.0
2025-08-01 01:21:45 PM,24722.7,75,1854202.5,99067258087.5
2025-08-01 01:21:47 PM,24722.0,0,0.0,99067258087.5
2025-08-01 01:21:48 PM,24722.0,75,1854150.0,99069112237.5
2025-08-01 01:21:49 PM,24720.0,75,1854000.0,99070966237.5
2025-08-01 01:21:50 PM,24722.0,0,0.0,99070966237.5
2025-08-01 01:21:50 PM,24722.0,75,1854150.0,99072820387.5
2025-08-01 01:21:53 PM,24723.3,0,0.0,99072820387.5
2025-08-01 01:21:53 PM,24723.3,75,1854247.5,99074674635.0
2025-08-01 01:21:54 PM,24718.0,75,1853850.0,99076528485.0
2025-08-01 01:21:56 PM,24723.3,75,1854247.5,99078382732.5
2025-08-01 01:22:11 PM,24720.6,0,0.0,99078382732.5
2025-08-01 01:22:11 PM,24720.6,75,1854045.0,99080236777.5
2025-08-01 01:22:14 PM,24723.3,0,0.0,99080236777.5
2025-08-01 01:22:15 PM,24723.3,75,1854247.5,99082091025.0
2025-08-01 01:22:19 PM,24725.4,0,0.0,99082091025.0
2025-08-01 01:22:19 PM,24725.4,150,3708810.0,99085799835.0
2025-08-01 01:22:21 PM,24723.3,0,0.0,99085799835.0
2025-08-01 01:22:21 PM,24723.3,75,1854247.5,99087654082.5
2025-08-01 01:22:24 PM,24721.0,0,0.0,99087654082.5
2025-08-01 01:22:24 PM,24721.0,75,1854075.0,99089508157.5
2025-08-01 01:22:27 PM,24723.8,0,0.0,99089508157.5
2025-08-01 01:22:28 PM,24723.8,75,1854285.0,99091362442.5
2025-08-01 01:22:29 PM,24721.0,0,0.0,99091362442.5
2025-08-01 01:22:30 PM,24721.0,75,1854075.0,99093216517.5
2025-08-01 01:22:31 PM,24721.0,75,1854075.0,99095070592.5
2025-08-01 01:22:36 PM,24720.6,0,0.0,99095070592.5
2025-08-01 01:22:36 PM,24720.6,75,1854045.0,99096924637.5
2025-08-01 01:22:37 PM,24720.6,75,1854045.0,99098778682.5
2025-08-01 01:22:52 PM,24724.9,0,0.0,99098778682.5
2025-08-01 01:22:52 PM,24724.9,300,7417470.0,99106196152.5
2025-08-01 01:23:01 PM,24724.9,225,5563102.5,99111759255.0
2025-08-01 01:23:16 PM,24724.9,150,3708735.0,99115467990.0
2025-08-01 01:23:17 PM,24722.0,0,0.0,99115467990.0
2025-08-01 01:23:17 PM,24722.0,75,1854150.0,99117322140.0
2025-08-01 01:23:19 PM,24725.3,0,0.0,99117322140.0
2025-08-01 01:23:19 PM,24725.3,300,7417590.0,99124739730.0
2025-08-01 01:23:20 PM,24722.0,0,0.0,99124739730.0
2025-08-01 01:23:20 PM,24722.0,75,1854150.0,99126593880.0
2025-08-01 01:23:28 PM,24722.0,150,3708300.0,99130302180.0
2025-08-01 01:23:29 PM,24725.0,0,0.0,99130302180.0
2025-08-01 01:23:30 PM,24725.0,75,1854375.0,99132156555.0
2025-08-01 01:23:36 PM,24725.0,150,3708750.0,99135865305.0
2025-08-01 01:23:42 PM,24725.4,0,0.0,99135865305.0
2025-08-01 01:23:42 PM,24725.4,75,1854405.0,99137719710.0
2025-08-01 01:23:45 PM,24726.0,0,0.0,99137719710.0
2025-08-01 01:23:46 PM,24726.0,75,1854450.0,99139574160.0
2025-08-01 01:23:48 PM,24725.2,0,0.0,99139574160.0
2025-08-01 01:23:49 PM,24725.2,75,1854390.0,99141428550.0
2025-08-01 01:23:51 PM,24725.0,0,0.0,99141428550.0
2025-08-01 01:23:51 PM,24725.0,75,1854375.0,99143282925.0
2025-08-01 01:23:52 PM,24724.9,0,0.0,99143282925.0
2025-08-01 01:23:52 PM,24724.9,150,3708735.0,99146991660.0
2025-08-01 01:23:53 PM,24725.0,0,0.0,99146991660.0
2025-08-01 01:23:53 PM,24725.0,75,1854375.0,99148846035.0
2025-08-01 01:23:54 PM,24724.1,150,3708615.0,99152554650.0
2025-08-01 01:23:56 PM,24724.9,0,0.0,99152554650.0
2025-08-01 01:23:56 PM,24724.9,75,1854367.5,99154409017.5
2025-08-01 01:23:56 PM,24725.0,0,0.0,99154409017.5
2025-08-01 01:23:56 PM,24725.0,75,1854375.0,99156263392.5
2025-08-01 01:24:03 PM,24724.1,0,0.0,99156263392.5
2025-08-01 01:24:04 PM,24725.0,0,0.0,99156263392.5
2025-08-01 01:24:04 PM,24725.0,150,3708750.0,99159972142.5
2025-08-01 01:24:05 PM,24725.0,300,7417500.0,99167389642.5
2025-08-01 01:24:08 PM,24727.9,0,0.0,99167389642.5
2025-08-01 01:24:09 PM,24727.9,900,22255110.0,99189644752.5
2025-08-01 01:24:12 PM,24727.9,75,1854592.5,99191499345.0
2025-08-01 01:24:19 PM,24727.3,0,0.0,99191499345.0
2025-08-01 01:24:19 PM,24727.3,75,1854547.5,99193353892.5
2025-08-01 01:24:21 PM,24727.9,0,0.0,99193353892.5
2025-08-01 01:24:21 PM,24727.9,75,1854592.5,99195208485.0
2025-08-01 01:24:23 PM,24727.3,0,0.0,99195208485.0
2025-08-01 01:24:23 PM,24727.3,75,1854547.5,99197063032.5
2025-08-01 01:24:24 PM,24727.9,0,0.0,99197063032.5
2025-08-01 01:24:24 PM,24727.9,75,1854592.5,99198917625.0
2025-08-01 01:24:25 PM,24727.3,0,0.0,99198917625.0
2025-08-01 01:24:26 PM,24727.3,150,3709095.0,99202626720.0
2025-08-01 01:24:28 PM,24727.8,0,0.0,99202626720.0
2025-08-01 01:24:28 PM,24727.9,0,0.0,99202626720.0
2025-08-01 01:24:28 PM,24727.9,525,12982147.5,99215608867.5
2025-08-01 01:24:29 PM,24727.9,150,3709185.0,99219318052.5
2025-08-01 01:24:31 PM,24728.0,0,0.0,99219318052.5
2025-08-01 01:24:31 PM,24728.0,300,7418400.0,99226736452.5
2025-08-01 01:24:32 PM,24725.0,0,0.0,99226736452.5
2025-08-01 01:24:32 PM,24725.0,75,1854375.0,99228590827.5
2025-08-01 01:24:34 PM,24728.2,0,0.0,99228590827.5
2025-08-01 01:24:34 PM,24728.2,300,7418460.0,99236009287.5
2025-08-01 01:24:36 PM,24725.0,0,0.0,99236009287.5
2025-08-01 01:24:37 PM,24725.0,150,3708750.0,99239718037.5
2025-08-01 01:24:41 PM,24727.8,0,0.0,99239718037.5
2025-08-01 01:24:41 PM,24727.8,150,3709170.0,99243427207.5
2025-08-01 01:24:42 PM,24726.3,0,0.0,99243427207.5
2025-08-01 01:24:42 PM,24725.0,0,0.0,99243427207.5
2025-08-01 01:24:42 PM,24725.0,2025,50068125.0,99293495332.5
2025-08-01 01:24:43 PM,24725.0,75,1854375.0,99295349707.5
2025-08-01 01:24:47 PM,24725.0,75,1854375.0,99297204082.5
2025-08-01 01:24:50 PM,24728.0,0,0.0,99297204082.5
2025-08-01 01:24:51 PM,24728.0,75,1854600.0,99299058682.5
2025-08-01 01:24:56 PM,24729.0,0,0.0,99299058682.5
2025-08-01 01:24:57 PM,24729.0,150,3709350.0,99302768032.5
2025-08-01 01:25:02 PM,24721.0,0,0.0,99302768032.5
2025-08-01 01:25:02 PM,24720.0,0,0.0,99302768032.5
2025-08-01 01:25:02 PM,24720.0,2775,68598000.0,99371366032.5
2025-08-01 01:25:03 PM,24720.0,75,1854000.0,99373220032.5
2025-08-01 01:25:07 PM,24720.4,0,0.0,99373220032.5
2025-08-01 01:25:07 PM,24720.4,225,5562090.0,99378782122.5
2025-08-01 01:25:13 PM,24724.4,0,0.0,99378782122.5
2025-08-01 01:25:14 PM,24724.4,75,1854330.0,99380636452.5
2025-08-01 01:25:22 PM,24724.4,75,1854330.0,99382490782.5
2025-08-01 01:25:25 PM,24721.2,0,0.0,99382490782.5
2025-08-01 01:25:26 PM,24721.2,75,1854090.0,99384344872.5
2025-08-01 01:25:31 PM,24724.4,525,12980310.0,99397325182.5
2025-08-01 01:25:39 PM,24724.4,75,1854330.0,99399179512.5
2025-08-01 01:25:41 PM,24726.2,0,0.0,99399179512.5
2025-08-01 01:25:41 PM,24726.2,750,18544650.0,99417724162.5
2025-08-01 01:25:42 PM,24729.9,0,0.0,99417724162.5
2025-08-01 01:25:42 PM,24729.0,300,7418700.0,99425142862.5
2025-08-01 01:25:44 PM,24724.4,0,0.0,99425142862.5
2025-08-01 01:25:45 PM,24724.4,75,1854330.0,99426997192.5
2025-08-01 01:25:45 PM,24725.8,0,0.0,99426997192.5
2025-08-01 01:25:46 PM,24725.8,75,1854435.0,99428851627.5
2025-08-01 01:25:48 PM,24730.0,0,0.0,99428851627.5
2025-08-01 01:25:49 PM,24732.0,0,0.0,99428851627.5
2025-08-01 01:25:49 PM,24732.0,2550,63066600.0,99491918227.5
2025-08-01 01:25:50 PM,24733.8,75,1855035.0,99493773262.5
2025-08-01 01:25:51 PM,24734.9,75,1855117.5,99495628380.0
2025-08-01 01:25:52 PM,24735.0,0,0.0,99495628380.0
2025-08-01 01:25:52 PM,24735.0,225,5565375.0,99501193755.0
2025-08-01 01:25:54 PM,24735.0,525,12985875.0,99514179630.0
2025-08-01 01:25:57 PM,24734.0,0,0.0,99514179630.0
2025-08-01 01:25:57 PM,24734.4,0,0.0,99514179630.0
2025-08-01 01:25:57 PM,24734.4,375,9275400.0,99523455030.0
2025-08-01 01:25:59 PM,24735.0,0,0.0,99523455030.0
2025-08-01 01:25:59 PM,24735.0,75,1855125.0,99525310155.0
2025-08-01 01:26:01 PM,24735.0,375,9275625.0,99534585780.0
2025-08-01 01:26:01 PM,24736.0,2400,59366400.0,99593952180.0
2025-08-01 01:26:02 PM,24736.0,75,1855200.0,99595807380.0
2025-08-01 01:26:04 PM,24736.5,0,0.0,99595807380.0
2025-08-01 01:26:04 PM,24736.5,450,11131425.0,99606938805.0
2025-08-01 01:26:09 PM,24738.0,0,0.0,99606938805.0
2025-08-01 01:26:09 PM,24738.0,150,3710700.0,99610649505.0
2025-08-01 01:26:11 PM,24738.0,375,9276750.0,99619926255.0
2025-08-01 01:26:12 PM,24740.9,0,0.0,99619926255.0
2025-08-01 01:26:12 PM,24740.9,975,24122377.5,99644048632.5
2025-08-01 01:26:13 PM,24740.1,0,0.0,99644048632.5
2025-08-01 01:26:14 PM,24742.0,0,0.0,99644048632.5
2025-08-01 01:26:14 PM,24742.0,375,9278250.0,99653326882.5
2025-08-01 01:26:14 PM,24742.0,525,12989550.0,99666316432.5
2025-08-01 01:26:16 PM,24739.9,0,0.0,99666316432.5
2025-08-01 01:26:16 PM,24739.9,600,14843940.0,99681160372.5
2025-08-01 01:26:17 PM,24743.0,0,0.0,99681160372.5
2025-08-01 01:26:17 PM,24743.6,0,0.0,99681160372.5
2025-08-01 01:26:17 PM,24743.6,300,7423080.0,99688583452.5
2025-08-01 01:26:18 PM,24743.0,0,0.0,99688583452.5
2025-08-01 01:26:18 PM,24743.0,75,1855725.0,99690439177.5
2025-08-01 01:26:19 PM,24743.9,0,0.0,99690439177.5
2025-08-01 01:26:19 PM,24743.9,150,3711585.0,99694150762.5
2025-08-01 01:26:22 PM,24740.0,0,0.0,99694150762.5
2025-08-01 01:26:22 PM,24740.0,525,12988500.0,99707139262.5
2025-08-01 01:26:23 PM,24743.9,0,0.0,99707139262.5
2025-08-01 01:26:23 PM,24743.9,225,5567377.5,99712706640.0
2025-08-01 01:26:24 PM,24738.0,0,0.0,99712706640.0
2025-08-01 01:26:24 PM,24736.1,450,11131245.0,99723837885.0
2025-08-01 01:26:24 PM,24742.8,825,20412810.0,99744250695.0
2025-08-01 01:26:26 PM,24740.0,0,0.0,99744250695.0
2025-08-01 01:26:26 PM,24740.0,75,1855500.0,99746106195.0
2025-08-01 01:26:27 PM,24743.7,0,0.0,99746106195.0
2025-08-01 01:26:27 PM,24742.5,300,7422750.0,99753528945.0
2025-08-01 01:26:29 PM,24742.8,0,0.0,99753528945.0
2025-08-01 01:26:29 PM,24742.8,225,5567130.0,99759096075.0
2025-08-01 01:26:29 PM,24738.0,225,5566050.0,99764662125.0
2025-08-01 01:26:31 PM,24738.2,0,0.0,99764662125.0
2025-08-01 01:26:32 PM,24738.2,75,1855365.0,99766517490.0
2025-08-01 01:26:37 PM,24740.0,0,0.0,99766517490.0
2025-08-01 01:26:37 PM,24740.0,1125,27832500.0,99794349990.0
2025-08-01 01:26:39 PM,24738.0,0,0.0,99794349990.0
2025-08-01 01:26:39 PM,24738.0,75,1855350.0,99796205340.0
2025-08-01 01:26:40 PM,24738.3,0,0.0,99796205340.0
2025-08-01 01:26:40 PM,24738.5,0,0.0,99796205340.0
2025-08-01 01:26:41 PM,24738.1,0,0.0,99796205340.0
2025-08-01 01:26:41 PM,24738.1,225,5566072.5,99801771412.5
2025-08-01 01:26:44 PM,24740.8,0,0.0,99801771412.5
2025-08-01 01:26:44 PM,24740.8,75,1855560.0,99803626972.5
2025-08-01 01:26:44 PM,24740.9,75,1855567.5,99805482540.0
2025-08-01 01:26:46 PM,24742.0,0,0.0,99805482540.0
2025-08-01 01:26:46 PM,24742.0,150,3711300.0,99809193840.0
2025-08-01 01:26:48 PM,24742.0,150,3711300.0,99812905140.0
2025-08-01 01:26:49 PM,24742.0,75,1855650.0,99814760790.0
2025-08-01 01:26:49 PM,24738.1,75,1855357.5,99816616147.5
2025-08-01 01:26:50 PM,24742.9,0,0.0,99816616147.5
2025-08-01 01:26:51 PM,24742.9,150,3711435.0,99820327582.5
2025-08-01 01:26:52 PM,24739.6,0,0.0,99820327582.5
2025-08-01 01:26:52 PM,24739.6,75,1855470.0,99822183052.5
2025-08-01 01:26:55 PM,24740.0,0,0.0,99822183052.5
2025-08-01 01:26:56 PM,24740.0,150,3711000.0,99825894052.5
2025-08-01 01:26:56 PM,24740.0,75,1855500.0,99827749552.5
2025-08-01 01:26:59 PM,24742.0,0,0.0,99827749552.5
2025-08-01 01:26:59 PM,24742.0,375,9278250.0,99837027802.5
2025-08-01 01:27:03 PM,24743.0,0,0.0,99837027802.5
2025-08-01 01:27:03 PM,24743.0,75,1855725.0,99838883527.5
2025-08-01 01:27:05 PM,24740.0,0,0.0,99838883527.5
2025-08-01 01:27:06 PM,24740.0,75,1855500.0,99840739027.5
2025-08-01 01:27:11 PM,24740.6,0,0.0,99840739027.5
2025-08-01 01:27:11 PM,24740.6,75,1855545.0,99842594572.5
2025-08-01 01:27:11 PM,24739.7,0,0.0,99842594572.5
2025-08-01 01:27:11 PM,24739.7,150,3710955.0,99846305527.5
2025-08-01 01:27:13 PM,24742.0,0,0.0,99846305527.5
2025-08-01 01:27:13 PM,24742.0,75,1855650.0,99848161177.5
2025-08-01 01:27:14 PM,24742.0,75,1855650.0,99850016827.5
2025-08-01 01:27:16 PM,24743.0,150,3711450.0,99853728277.5
2025-08-01 01:27:17 PM,24741.3,0,0.0,99853728277.5
2025-08-01 01:27:17 PM,24741.3,150,3711195.0,99857439472.5
2025-08-01 01:27:18 PM,24743.0,0,0.0,99857439472.5
2025-08-01 01:27:19 PM,24743.0,75,1855725.0,99859295197.5
2025-08-01 01:27:21 PM,24740.0,0,0.0,99859295197.5
2025-08-01 01:27:21 PM,24740.0,75,1855500.0,99861150697.5
2025-08-01 01:27:22 PM,24740.0,150,3711000.0,99864861697.5
2025-08-01 01:27:26 PM,24740.0,225,5566500.0,99870428197.5
2025-08-01 01:27:26 PM,24740.0,75,1855500.0,99872283697.5
2025-08-01 01:27:27 PM,24742.0,0,0.0,99872283697.5
2025-08-01 01:27:27 PM,24742.0,75,1855650.0,99874139347.5
2025-08-01 01:27:29 PM,24742.0,75,1855650.0,99875994997.5
2025-08-01 01:27:29 PM,24740.2,0,0.0,99875994997.5
2025-08-01 01:27:30 PM,24739.9,150,3710985.0,99879705982.5
2025-08-01 01:27:31 PM,24739.4,0,0.0,99879705982.5
2025-08-01 01:27:31 PM,24739.4,150,3710910.0,99883416892.5
2025-08-01 01:27:34 PM,24743.0,0,0.0,99883416892.5
2025-08-01 01:27:34 PM,24743.0,75,1855725.0,99885272617.5
2025-08-01 01:27:37 PM,24739.0,0,0.0,99885272617.5
2025-08-01 01:27:37 PM,24739.0,150,3710850.0,99888983467.5
2025-08-01 01:27:42 PM,24739.4,0,0.0,99888983467.5
2025-08-01 01:27:43 PM,24739.4,75,1855455.0,99890838922.5
2025-08-01 01:27:44 PM,24743.0,0,0.0,99890838922.5
2025-08-01 01:27:45 PM,24743.0,1125,27835875.0,99918674797.5
2025-08-01 01:27:47 PM,24739.0,0,0.0,99918674797.5
2025-08-01 01:27:47 PM,24739.0,150,3710850.0,99922385647.5
2025-08-01 01:27:51 PM,24739.0,75,1855425.0,99924241072.5
2025-08-01 01:27:52 PM,24743.5,0,0.0,99924241072.5
2025-08-01 01:27:53 PM,24743.5,300,7423050.0,99931664122.5
2025-08-01 01:27:53 PM,24739.0,0,0.0,99931664122.5
2025-08-01 01:27:54 PM,24739.0,75,1855425.0,99933519547.5
2025-08-01 01:27:54 PM,24738.0,0,0.0,99933519547.5
2025-08-01 01:27:55 PM,24738.0,150,3710700.0,99937230247.5
2025-08-01 01:27:56 PM,24739.0,0,0.0,99937230247.5
2025-08-01 01:27:56 PM,24739.0,150,3710850.0,99940941097.5
2025-08-01 01:27:59 PM,24742.9,0,0.0,99940941097.5
2025-08-01 01:27:59 PM,24739.0,300,7421700.0,99948362797.5
2025-08-01 01:28:00 PM,24743.0,75,1855725.0,99950218522.5
2025-08-01 01:28:01 PM,24739.1,0,0.0,99950218522.5
2025-08-01 01:28:01 PM,24739.1,75,1855432.5,99952073955.0
2025-08-01 01:28:07 PM,24740.0,0,0.0,99952073955.0
2025-08-01 01:28:07 PM,24740.0,150,3711000.0,99955784955.0
2025-08-01 01:28:11 PM,24740.0,75,1855500.0,99957640455.0
2025-08-01 01:28:12 PM,24740.0,75,1855500.0,99959495955.0
2025-08-01 01:28:15 PM,24742.0,0,0.0,99959495955.0
2025-08-01 01:28:16 PM,24742.0,75,1855650.0,99961351605.0
2025-08-01 01:28:18 PM,24742.0,75,1855650.0,99963207255.0
2025-08-01 01:28:19 PM,24740.0,0,0.0,99963207255.0
2025-08-01 01:28:19 PM,24740.0,75,1855500.0,99965062755.0
2025-08-01 01:28:20 PM,24738.0,300,7421400.0,99972484155.0
2025-08-01 01:28:21 PM,24738.1,75,1855357.5,99974339512.5
2025-08-01 01:28:22 PM,24740.0,0,0.0,99974339512.5
2025-08-01 01:28:22 PM,24740.0,75,1855500.0,99976195012.5
2025-08-01 01:28:26 PM,24740.0,75,1855500.0,99978050512.5
2025-08-01 01:28:29 PM,24743.0,150,3711450.0,99981761962.5
2025-08-01 01:28:30 PM,24740.6,75,1855545.0,99983617507.5
2025-08-01 01:28:32 PM,24743.0,0,0.0,99983617507.5
2025-08-01 01:28:32 PM,24743.0,75,1855725.0,99985473232.5
2025-08-01 01:28:37 PM,24740.0,0,0.0,99985473232.5
2025-08-01 01:28:37 PM,24740.0,150,3711000.0,99989184232.5
2025-08-01 01:28:38 PM,24743.0,0,0.0,99989184232.5
2025-08-01 01:28:38 PM,24743.0,225,5567175.0,99994751407.5
2025-08-01 01:28:39 PM,24740.0,0,0.0,99994751407.5
2025-08-01 01:28:39 PM,24740.0,75,1855500.0,99996606907.5
2025-08-01 01:28:41 PM,24743.8,0,0.0,99996606907.5
2025-08-01 01:28:41 PM,24740.0,375,9277500.0,100005884407.5
2025-08-01 01:28:42 PM,24743.8,0,0.0,100005884407.5
2025-08-01 01:28:42 PM,24743.8,75,1855785.0,100007740192.5
2025-08-01 01:28:43 PM,24741.0,0,0.0,100007740192.5
2025-08-01 01:28:44 PM,24741.0,75,1855575.0,100009595767.5
2025-08-01 01:28:44 PM,24740.0,0,0.0,100009595767.5
2025-08-01 01:28:45 PM,24740.0,75,1855500.0,100011451267.5
2025-08-01 01:28:47 PM,24744.0,150,3711600.0,100015162867.5
2025-08-01 01:28:53 PM,24744.0,150,3711600.0,100018874467.5
2025-08-01 01:28:54 PM,24742.0,0,0.0,100018874467.5
2025-08-01 01:28:54 PM,24742.0,75,1855650.0,100020730117.5
2025-08-01 01:28:57 PM,24743.7,0,0.0,100020730117.5
2025-08-01 01:28:57 PM,24743.7,300,7423110.0,100028153227.5
2025-08-01 01:29:02 PM,24741.0,0,0.0,100028153227.5
2025-08-01 01:29:02 PM,24741.0,150,3711150.0,100031864377.5
2025-08-01 01:29:03 PM,24739.9,0,0.0,100031864377.5
2025-08-01 01:29:03 PM,24742.8,0,0.0,100031864377.5
2025-08-01 01:29:03 PM,24742.8,1575,38969910.0,100070834287.5
2025-08-01 01:29:11 PM,24740.0,0,0.0,100070834287.5
2025-08-01 01:29:11 PM,24740.0,75,1855500.0,100072689787.5
2025-08-01 01:29:12 PM,24740.0,75,1855500.0,100074545287.5
2025-08-01 01:29:13 PM,24738.1,0,0.0,100074545287.5
2025-08-01 01:29:13 PM,24738.1,225,5566072.5,100080111360.0
2025-08-01 01:29:14 PM,24738.1,75,1855357.5,100081966717.5
2025-08-01 01:29:20 PM,24738.1,75,1855357.5,100083822075.0
2025-08-01 01:29:22 PM,24738.1,75,1855357.5,100085677432.5
2025-08-01 01:29:23 PM,24738.0,0,0.0,100085677432.5
2025-08-01 01:29:23 PM,24738.0,75,1855350.0,100087532782.5
2025-08-01 01:29:26 PM,24738.0,300,7421400.0,100094954182.5
2025-08-01 01:29:27 PM,24740.0,0,0.0,100094954182.5
2025-08-01 01:29:27 PM,24740.0,75,1855500.0,100096809682.5
2025-08-01 01:29:36 PM,24738.0,0,0.0,100096809682.5
2025-08-01 01:29:36 PM,24738.0,75,1855350.0,100098665032.5
2025-08-01 01:29:37 PM,24740.0,0,0.0,100098665032.5
2025-08-01 01:29:37 PM,24740.0,75,1855500.0,100100520532.5
2025-08-01 01:29:38 PM,24740.0,150,3711000.0,100104231532.5
2025-08-01 01:29:41 PM,24740.0,75,1855500.0,100106087032.5
2025-08-01 01:29:42 PM,24738.0,0,0.0,100106087032.5
2025-08-01 01:29:42 PM,24738.0,525,12987450.0,100119074482.5
2025-08-01 01:29:45 PM,24738.1,0,0.0,100119074482.5
2025-08-01 01:29:46 PM,24738.1,75,1855357.5,100120929840.0
2025-08-01 01:29:46 PM,24738.0,0,0.0,100120929840.0
2025-08-01 01:29:46 PM,24738.0,75,1855350.0,100122785190.0
2025-08-01 01:29:50 PM,24738.0,75,1855350.0,100124640540.0
2025-08-01 01:29:53 PM,24739.1,0,0.0,100124640540.0
2025-08-01 01:29:53 PM,24739.1,150,3710865.0,100128351405.0
2025-08-01 01:29:54 PM,24738.0,0,0.0,100128351405.0
2025-08-01 01:29:54 PM,24738.0,75,1855350.0,100130206755.0
2025-08-01 01:29:56 PM,24740.0,0,0.0,100130206755.0
2025-08-01 01:29:56 PM,24740.0,300,7422000.0,100137628755.0
2025-08-01 01:29:58 PM,24742.0,0,0.0,100137628755.0
2025-08-01 01:29:58 PM,24742.0,75,1855650.0,100139484405.0
2025-08-01 01:29:59 PM,24742.8,0,0.0,100139484405.0
2025-08-01 01:29:59 PM,24743.0,0,0.0,100139484405.0
2025-08-01 01:29:59 PM,24743.0,375,9278625.0,100148763030.0
2025-08-01 01:30:03 PM,24742.0,0,0.0,100148763030.0
2025-08-01 01:30:03 PM,24742.7,0,0.0,100148763030.0
2025-08-01 01:30:03 PM,24742.7,150,3711405.0,100152474435.0
2025-08-01 01:30:04 PM,24743.4,0,0.0,100152474435.0
2025-08-01 01:30:04 PM,24743.4,150,3711510.0,100156185945.0
2025-08-01 01:30:05 PM,24741.8,0,0.0,100156185945.0
2025-08-01 01:30:05 PM,24743.0,600,14845800.0,100171031745.0
2025-08-01 01:30:06 PM,24740.2,225,5566545.0,100176598290.0
2025-08-01 01:30:07 PM,24740.0,75,1855500.0,100178453790.0
2025-08-01 01:30:10 PM,24742.8,0,0.0,100178453790.0
2025-08-01 01:30:10 PM,24742.8,150,3711420.0,100182165210.0
2025-08-01 01:30:11 PM,24742.7,0,0.0,100182165210.0
2025-08-01 01:30:11 PM,24742.7,75,1855702.5,100184020912.5
2025-08-01 01:30:13 PM,24740.0,0,0.0,100184020912.5
2025-08-01 01:30:13 PM,24740.0,450,11133000.0,100195153912.5
2025-08-01 01:30:14 PM,24744.0,0,0.0,100195153912.5
2025-08-01 01:30:14 PM,24744.0,150,3711600.0,100198865512.5
2025-08-01 01:30:15 PM,24742.7,0,0.0,100198865512.5
2025-08-01 01:30:16 PM,24742.7,75,1855702.5,100200721215.0
2025-08-01 01:30:19 PM,24740.0,0,0.0,100200721215.0
2025-08-01 01:30:19 PM,24740.0,150,3711000.0,100204432215.0
2025-08-01 01:30:20 PM,24740.0,75,1855500.0,100206287715.0
2025-08-01 01:30:21 PM,24743.0,0,0.0,100206287715.0
2025-08-01 01:30:21 PM,24743.0,75,1855725.0,100208143440.0
2025-08-01 01:30:22 PM,24743.4,0,0.0,100208143440.0
2025-08-01 01:30:22 PM,24743.4,75,1855755.0,100209999195.0
2025-08-01 01:30:27 PM,24743.6,0,0.0,100209999195.0
2025-08-01 01:30:28 PM,24744.0,0,0.0,100209999195.0
2025-08-01 01:30:28 PM,24744.0,150,3711600.0,100213710795.0
2025-08-01 01:30:29 PM,24743.6,0,0.0,100213710795.0
2025-08-01 01:30:30 PM,24743.6,150,3711540.0,100217422335.0
2025-08-01 01:30:32 PM,24743.6,75,1855770.0,100219278105.0
2025-08-01 01:30:36 PM,24744.9,0,0.0,100219278105.0
2025-08-01 01:30:36 PM,24744.9,675,16702807.500000002,100235980912.5
2025-08-01 01:30:37 PM,24745.0,0,0.0,100235980912.5
2025-08-01 01:30:37 PM,24745.0,150,3711750.0,100239692662.5
2025-08-01 01:30:38 PM,24745.0,225,5567625.0,100245260287.5
2025-08-01 01:30:39 PM,24743.3,0,0.0,100245260287.5
2025-08-01 01:30:39 PM,24740.0,0,0.0,100245260287.5
2025-08-01 01:30:39 PM,24740.0,1800,44532000.0,100289792287.5
2025-08-01 01:30:41 PM,24740.0,150,3711000.0,100293503287.5
2025-08-01 01:30:43 PM,24740.0,75,1855500.0,100295358787.5
2025-08-01 01:30:50 PM,24740.1,0,0.0,100295358787.5
2025-08-01 01:30:51 PM,24740.1,75,1855507.5,100297214295.0
2025-08-01 01:30:54 PM,24738.0,0,0.0,100297214295.0
2025-08-01 01:30:54 PM,24738.0,1200,29685600.0,100326899895.0
2025-08-01 01:30:55 PM,24735.0,0,0.0,100326899895.0
2025-08-01 01:30:56 PM,24735.0,900,22261500.0,100349161395.0
2025-08-01 01:30:57 PM,24735.9,0,0.0,100349161395.0
2025-08-01 01:30:57 PM,24735.9,75,1855192.5,100351016587.5
2025-08-01 01:31:00 PM,24735.0,0,0.0,100351016587.5
2025-08-01 01:31:01 PM,24735.0,225,5565375.0,100356581962.5
2025-08-01 01:31:01 PM,24734.5,1350,33391575.0,100389973537.5
2025-08-01 01:31:02 PM,24736.0,0,0.0,100389973537.5
2025-08-01 01:31:02 PM,24736.0,375,9276000.0,100399249537.5
2025-08-01 01:31:03 PM,24738.0,0,0.0,100399249537.5
2025-08-01 01:31:03 PM,24738.0,150,3710700.0,100402960237.5
2025-08-01 01:31:04 PM,24735.8,0,0.0,100402960237.5
2025-08-01 01:31:04 PM,24735.8,75,1855185.0,100404815422.5
2025-08-01 01:31:05 PM,24735.2,0,0.0,100404815422.5
2025-08-01 01:31:06 PM,24735.2,75,1855140.0,100406670562.5
2025-08-01 01:31:06 PM,24735.2,75,1855140.0,100408525702.5
2025-08-01 01:31:07 PM,24738.9,0,0.0,100408525702.5
2025-08-01 01:31:07 PM,24738.9,75,1855417.5,100410381120.0
2025-08-01 01:31:08 PM,24739.0,900,22265100.0,100432646220.0
2025-08-01 01:31:09 PM,24740.1,0,0.0,100432646220.0
2025-08-01 01:31:09 PM,24740.1,900,22266090.0,100454912310.0
2025-08-01 01:31:10 PM,24746.9,0,0.0,100454912310.0
2025-08-01 01:31:10 PM,24745.3,2250,55676925.0,100510589235.0
2025-08-01 01:31:11 PM,24744.2,375,9279075.0,100519868310.0
2025-08-01 01:31:11 PM,24744.8,150,3711720.0,100523580030.0
2025-08-01 01:31:12 PM,24744.5,0,0.0,100523580030.0
2025-08-01 01:31:12 PM,24744.5,225,5567512.5,100529147542.5
2025-08-01 01:31:13 PM,24747.0,0,0.0,100529147542.5
2025-08-01 01:31:13 PM,24744.0,1425,35260200.0,100564407742.5
2025-08-01 01:31:16 PM,24748.0,75,1856100.0,100566263842.5
2025-08-01 01:31:16 PM,24744.0,75,1855800.0,100568119642.5
2025-08-01 01:31:19 PM,24748.0,0,0.0,100568119642.5
2025-08-01 01:31:19 PM,24748.0,75,1856100.0,100569975742.5
2025-08-01 01:31:22 PM,24748.0,75,1856100.0,100571831842.5
2025-08-01 01:31:22 PM,24748.0,375,9280500.0,100581112342.5
2025-08-01 01:31:23 PM,24748.0,75,1856100.0,100582968442.5
2025-08-01 01:31:24 PM,24747.7,75,1856077.5,100584824520.0
2025-08-01 01:31:25 PM,24748.8,0,0.0,100584824520.0
2025-08-01 01:31:25 PM,24748.8,750,18561600.0,100603386120.0
2025-08-01 01:31:31 PM,24745.0,0,0.0,100603386120.0
2025-08-01 01:31:32 PM,24745.0,150,3711750.0,100607097870.0
2025-08-01 01:31:34 PM,24748.0,0,0.0,100607097870.0
2025-08-01 01:31:35 PM,24748.0,150,3712200.0,100610810070.0
2025-08-01 01:31:36 PM,24748.0,75,1856100.0,100612666170.0
2025-08-01 01:31:37 PM,24749.0,375,9280875.0,100621947045.0
2025-08-01 01:31:38 PM,24749.9,0,0.0,100621947045.0
2025-08-01 01:31:38 PM,24749.9,825,20418667.5,100642365712.5
2025-08-01 01:31:40 PM,24746.5,0,0.0,100642365712.5
2025-08-01 01:31:41 PM,24746.5,75,1855987.5,100644221700.0
2025-08-01 01:31:42 PM,24750.0,0,0.0,100644221700.0
2025-08-01 01:31:42 PM,24750.0,2475,61256250.0,100705477950.0
2025-08-01 01:31:43 PM,24748.4,0,0.0,100705477950.0
2025-08-01 01:31:43 PM,24750.0,0,0.0,100705477950.0
2025-08-01 01:31:43 PM,24750.0,300,7425000.0,100712902950.0
2025-08-01 01:31:45 PM,24752.0,0,0.0,100712902950.0
2025-08-01 01:31:45 PM,24752.0,1050,25989600.0,100738892550.0
2025-08-01 01:31:48 PM,24752.0,150,3712800.0,100742605350.0
2025-08-01 01:31:49 PM,24752.0,75,1856400.0,100744461750.0
2025-08-01 01:31:50 PM,24745.6,0,0.0,100744461750.0
2025-08-01 01:31:50 PM,24745.6,150,3711840.0,100748173590.0
2025-08-01 01:31:50 PM,24751.7,0,0.0,100748173590.0
2025-08-01 01:31:51 PM,24751.7,75,1856377.5,100750029967.5
2025-08-01 01:31:53 PM,24751.5,0,0.0,100750029967.5
2025-08-01 01:31:53 PM,24751.5,375,9281812.5,100759311780.0
2025-08-01 01:31:54 PM,24745.6,0,0.0,100759311780.0
2025-08-01 01:31:55 PM,24751.5,0,0.0,100759311780.0
2025-08-01 01:31:55 PM,24751.5,300,7425450.0,100766737230.0
2025-08-01 01:31:57 PM,24746.2,0,0.0,100766737230.0
2025-08-01 01:31:57 PM,24746.2,150,3711930.0,100770449160.0
2025-08-01 01:31:58 PM,24745.2,0,0.0,100770449160.0
2025-08-01 01:31:58 PM,24745.2,150,3711780.0,100774160940.0
2025-08-01 01:31:59 PM,24748.0,0,0.0,100774160940.0
2025-08-01 01:32:00 PM,24745.8,0,0.0,100774160940.0
2025-08-01 01:32:00 PM,24745.8,150,3711870.0,100777872810.0
2025-08-01 01:32:02 PM,24748.0,0,0.0,100777872810.0
2025-08-01 01:32:02 PM,24748.0,75,1856100.0,100779728910.0
2025-08-01 01:32:06 PM,24749.7,0,0.0,100779728910.0
2025-08-01 01:32:07 PM,24748.2,2550,63107910.0,100842836820.0
2025-08-01 01:32:08 PM,24750.0,0,0.0,100842836820.0
2025-08-01 01:32:08 PM,24751.5,0,0.0,100842836820.0
2025-08-01 01:32:08 PM,24750.3,375,9281362.5,100852118182.5
2025-08-01 01:32:09 PM,24749.9,150,3712485.0,100855830667.5
2025-08-01 01:32:10 PM,24750.5,0,0.0,100855830667.5
2025-08-01 01:32:10 PM,24750.5,75,1856287.5,100857686955.0
2025-08-01 01:32:11 PM,24749.0,0,0.0,100857686955.0
2025-08-01 01:32:12 PM,24749.0,225,5568525.0,100863255480.0
2025-08-01 01:32:12 PM,24751.5,0,0.0,100863255480.0
2025-08-01 01:32:12 PM,24751.5,450,11138175.0,100874393655.0
2025-08-01 01:32:13 PM,24750.0,0,0.0,100874393655.0
2025-08-01 01:32:13 PM,24748.0,150,3712200.0,100878105855.0
2025-08-01 01:32:14 PM,24750.0,0,0.0,100878105855.0
2025-08-01 01:32:14 PM,24750.0,75,1856250.0,100879962105.0
2025-08-01 01:32:16 PM,24750.0,75,1856250.0,100881818355.0
2025-08-01 01:32:18 PM,24749.3,0,0.0,100881818355.0
2025-08-01 01:32:18 PM,24749.3,75,1856197.5,100883674552.5
2025-08-01 01:32:19 PM,24749.7,0,0.0,100883674552.5
2025-08-01 01:32:20 PM,24750.0,0,0.0,100883674552.5
2025-08-01 01:32:20 PM,24750.0,150,3712500.0,100887387052.5
2025-08-01 01:32:21 PM,24750.9,1425,35270032.5,100922657085.0
2025-08-01 01:32:23 PM,24750.1,375,9281287.5,100931938372.5
2025-08-01 01:32:24 PM,24750.1,75,1856257.5,100933794630.0
2025-08-01 01:32:25 PM,24750.4,0,0.0,100933794630.0
2025-08-01 01:32:25 PM,24750.2,375,9281325.0,100943075955.0
2025-08-01 01:32:26 PM,24753.8,300,7426140.0,100950502095.0
2025-08-01 01:32:27 PM,24750.7,0,0.0,100950502095.0
2025-08-01 01:32:27 PM,24754.0,150,3713100.0,100954215195.0
2025-08-01 01:32:28 PM,24754.0,150,3713100.0,100957928295.0
2025-08-01 01:32:29 PM,24750.5,0,0.0,100957928295.0
2025-08-01 01:32:30 PM,24750.5,75,1856287.5,100959784582.5
2025-08-01 01:32:31 PM,24749.6,0,0.0,100959784582.5
2025-08-01 01:32:31 PM,24749.6,1800,44549280.0,101004333862.5
2025-08-01 01:32:32 PM,24750.0,0,0.0,101004333862.5
2025-08-01 01:32:32 PM,24750.0,75,1856250.0,101006190112.5
2025-08-01 01:32:33 PM,24754.0,0,0.0,101006190112.5
2025-08-01 01:32:33 PM,24754.0,75,1856550.0,101008046662.5
2025-08-01 01:32:34 PM,24749.5,0,0.0,101008046662.5
2025-08-01 01:32:34 PM,24749.5,150,3712425.0,101011759087.5
2025-08-01 01:32:35 PM,24749.8,0,0.0,101011759087.5
2025-08-01 01:32:35 PM,24749.8,150,3712470.0,101015471557.5
2025-08-01 01:32:36 PM,24750.1,150,3712515.0,101019184072.5
2025-08-01 01:32:37 PM,24754.0,0,0.0,101019184072.5
2025-08-01 01:32:37 PM,24754.0,150,3713100.0,101022897172.5
2025-08-01 01:32:38 PM,24750.0,0,0.0,101022897172.5
2025-08-01 01:32:38 PM,24750.0,225,5568750.0,101028465922.5
2025-08-01 01:32:39 PM,24754.0,0,0.0,101028465922.5
2025-08-01 01:32:39 PM,24754.0,75,1856550.0,101030322472.5
2025-08-01 01:32:40 PM,24750.0,0,0.0,101030322472.5
2025-08-01 01:32:41 PM,24750.0,300,7425000.0,101037747472.5
2025-08-01 01:32:42 PM,24749.6,150,3712440.0,101041459912.5
2025-08-01 01:32:42 PM,24752.6,0,0.0,101041459912.5
2025-08-01 01:32:43 PM,24749.0,0,0.0,101041459912.5
2025-08-01 01:32:43 PM,24749.0,150,3712350.0,101045172262.5
2025-08-01 01:32:45 PM,24752.3,0,0.0,101045172262.5
2025-08-01 01:32:45 PM,24752.3,75,1856422.5,101047028685.0
2025-08-01 01:32:46 PM,24753.6,900,22278240.0,101069306925.0
2025-08-01 01:32:47 PM,24750.4,0,0.0,101069306925.0
2025-08-01 01:32:47 PM,24750.0,150,3712500.0,101073019425.0
2025-08-01 01:32:48 PM,24752.5,0,0.0,101073019425.0
2025-08-01 01:32:48 PM,24746.4,150,3711960.0,101076731385.0
2025-08-01 01:32:52 PM,24751.8,0,0.0,101076731385.0
2025-08-01 01:32:52 PM,24751.8,75,1856385.0,101078587770.0
2025-08-01 01:32:53 PM,24747.6,0,0.0,101078587770.0
2025-08-01 01:32:53 PM,24747.6,75,1856070.0,101080443840.0
2025-08-01 01:32:56 PM,24748.5,0,0.0,101080443840.0
2025-08-01 01:32:56 PM,24748.5,75,1856137.5,101082299977.5
2025-08-01 01:32:59 PM,24752.6,0,0.0,101082299977.5
2025-08-01 01:33:00 PM,24752.6,75,1856445.0,101084156422.5
2025-08-01 01:33:04 PM,24750.0,0,0.0,101084156422.5
2025-08-01 01:33:04 PM,24750.0,75,1856250.0,101086012672.5
2025-08-01 01:33:13 PM,24747.2,0,0.0,101086012672.5
2025-08-01 01:33:13 PM,24746.0,0,0.0,101086012672.5
2025-08-01 01:33:13 PM,24746.0,450,11135700.0,101097148372.5
2025-08-01 01:33:14 PM,24745.9,0,0.0,101097148372.5
2025-08-01 01:33:14 PM,24745.9,300,7423770.0,101104572142.5
2025-08-01 01:33:17 PM,24746.1,0,0.0,101104572142.5
2025-08-01 01:33:17 PM,24746.1,75,1855957.5,101106428100.0
2025-08-01 01:33:26 PM,24743.0,0,0.0,101106428100.0
2025-08-01 01:33:27 PM,24745.0,450,11135250.0,101117563350.0
2025-08-01 01:33:29 PM,24743.9,0,0.0,101117563350.0
2025-08-01 01:33:30 PM,24743.9,75,1855792.5,101119419142.5
2025-08-01 01:33:34 PM,24743.0,0,0.0,101119419142.5
2025-08-01 01:33:34 PM,24743.0,75,1855725.0,101121274867.5
2025-08-01 01:33:34 PM,24742.4,0,0.0,101121274867.5
2025-08-01 01:33:35 PM,24742.4,75,1855680.0,101123130547.5
2025-08-01 01:33:36 PM,24742.4,75,1855680.0,101124986227.5
2025-08-01 01:33:39 PM,24742.0,0,0.0,101124986227.5
2025-08-01 01:33:39 PM,24740.0,0,0.0,101124986227.5
2025-08-01 01:33:39 PM,24740.0,300,7422000.0,101132408227.5
2025-08-01 01:33:40 PM,24740.0,75,1855500.0,101134263727.5
2025-08-01 01:33:42 PM,24742.8,0,0.0,101134263727.5
2025-08-01 01:33:42 PM,24742.8,75,1855710.0,101136119437.5
2025-08-01 01:33:49 PM,24740.0,0,0.0,101136119437.5
2025-08-01 01:33:50 PM,24740.0,150,3711000.0,101139830437.5
2025-08-01 01:33:55 PM,24740.0,75,1855500.0,101141685937.5
2025-08-01 01:33:57 PM,24740.0,150,3711000.0,101145396937.5
2025-08-01 01:33:57 PM,24743.9,0,0.0,101145396937.5
2025-08-01 01:33:58 PM,24743.9,225,5567377.5,101150964315.0
2025-08-01 01:33:59 PM,24739.0,0,0.0,101150964315.0
2025-08-01 01:34:00 PM,24739.0,525,12987975.0,101163952290.0
2025-08-01 01:34:00 PM,24738.9,0,0.0,101163952290.0
2025-08-01 01:34:00 PM,24738.9,225,5566252.5,101169518542.5
2025-08-01 01:34:02 PM,24739.4,0,0.0,101169518542.5
2025-08-01 01:34:03 PM,24739.4,75,1855455.0,101171373997.5
2025-08-01 01:34:03 PM,24739.0,0,0.0,101171373997.5
2025-08-01 01:34:04 PM,24739.0,75,1855425.0,101173229422.5
2025-08-01 01:34:04 PM,24739.3,0,0.0,101173229422.5
2025-08-01 01:34:05 PM,24739.5,150,3710925.0,101176940347.5
2025-08-01 01:34:05 PM,24739.5,75,1855462.5,101178795810.0
2025-08-01 01:34:07 PM,24739.5,75,1855462.5,101180651272.5
2025-08-01 01:34:08 PM,24739.9,0,0.0,101180651272.5
2025-08-01 01:34:09 PM,24739.9,75,1855492.5,101182506765.0
2025-08-01 01:34:09 PM,24739.1,0,0.0,101182506765.0
2025-08-01 01:34:09 PM,24739.1,375,9277162.5,101191783927.5
2025-08-01 01:34:14 PM,24740.0,0,0.0,101191783927.5
2025-08-01 01:34:14 PM,24740.0,75,1855500.0,101193639427.5
2025-08-01 01:34:16 PM,24739.0,0,0.0,101193639427.5
2025-08-01 01:34:16 PM,24739.0,75,1855425.0,101195494852.5
2025-08-01 01:34:17 PM,24742.8,0,0.0,101195494852.5
2025-08-01 01:34:18 PM,24742.8,75,1855710.0,101197350562.5
2025-08-01 01:34:18 PM,24740.0,0,0.0,101197350562.5
2025-08-01 01:34:19 PM,24740.0,75,1855500.0,101199206062.5
2025-08-01 01:34:19 PM,24740.0,150,3711000.0,101202917062.5
2025-08-01 01:34:26 PM,24739.2,0,0.0,101202917062.5
2025-08-01 01:34:26 PM,24739.2,75,1855440.0,101204772502.5
2025-08-01 01:34:27 PM,24738.0,0,0.0,101204772502.5
2025-08-01 01:34:27 PM,24738.0,150,3710700.0,101208483202.5
2025-08-01 01:34:28 PM,24739.2,0,0.0,101208483202.5
2025-08-01 01:34:29 PM,24739.2,75,1855440.0,101210338642.5
2025-08-01 01:34:29 PM,24735.0,0,0.0,101210338642.5
2025-08-01 01:34:29 PM,24735.0,150,3710250.0,101214048892.5
2025-08-01 01:34:30 PM,24739.2,0,0.0,101214048892.5
2025-08-01 01:34:30 PM,24739.2,75,1855440.0,101215904332.5
2025-08-01 01:34:31 PM,24735.0,0,0.0,101215904332.5
2025-08-01 01:34:31 PM,24735.0,75,1855125.0,101217759457.5
2025-08-01 01:34:31 PM,24738.0,0,0.0,101217759457.5
2025-08-01 01:34:32 PM,24738.0,75,1855350.0,101219614807.5
2025-08-01 01:34:32 PM,24735.0,0,0.0,101219614807.5
2025-08-01 01:34:33 PM,24735.0,75,1855125.0,101221469932.5
2025-08-01 01:34:41 PM,24734.9,0,0.0,101221469932.5
2025-08-01 01:34:41 PM,24734.9,225,5565352.5,101227035285.0
2025-08-01 01:34:47 PM,24734.7,150,3710205.0,101230745490.0
2025-08-01 01:34:48 PM,24730.1,225,5564272.5,101236309762.5
2025-08-01 01:34:48 PM,24730.0,0,0.0,101236309762.5
2025-08-01 01:34:49 PM,24730.0,75,1854750.0,101238164512.5
2025-08-01 01:34:52 PM,24730.9,75,1854817.5,101240019330.0
2025-08-01 01:34:53 PM,24730.0,0,0.0,101240019330.0
2025-08-01 01:34:54 PM,24730.4,0,0.0,101240019330.0
2025-08-01 01:34:54 PM,24730.4,150,3709560.0,101243728890.0
2025-08-01 01:34:55 PM,24730.9,0,0.0,101243728890.0
2025-08-01 01:34:55 PM,24730.9,75,1854817.5,101245583707.5
2025-08-01 01:34:57 PM,24730.9,75,1854817.5,101247438525.0
2025-08-01 01:34:58 PM,24730.3,0,0.0,101247438525.0
2025-08-01 01:34:58 PM,24730.3,75,1854772.5,101249293297.5
2025-08-01 01:34:58 PM,24731.3,0,0.0,101249293297.5
2025-08-01 01:34:59 PM,24731.3,900,22258170.0,101271551467.5
2025-08-01 01:35:00 PM,24728.2,0,0.0,101271551467.5
2025-08-01 01:35:00 PM,24728.3,0,0.0,101271551467.5
2025-08-01 01:35:00 PM,24728.3,1875,46365562.5,101317917030.0
2025-08-01 01:35:01 PM,24727.3,0,0.0,101317917030.0
2025-08-01 01:35:01 PM,24727.3,900,22254570.0,101340171600.0
2025-08-01 01:35:04 PM,24730.0,0,0.0,101340171600.0
2025-08-01 01:35:04 PM,24730.0,75,1854750.0,101342026350.0
2025-08-01 01:35:08 PM,24731.9,0,0.0,101342026350.0
2025-08-01 01:35:08 PM,24731.9,75,1854892.5,101343881242.5
2025-08-01 01:35:08 PM,24735.1,0,0.0,101343881242.5
2025-08-01 01:35:09 PM,24735.1,75,1855132.5,101345736375.0
2025-08-01 01:35:11 PM,24733.4,0,0.0,101345736375.0
2025-08-01 01:35:11 PM,24733.4,75,1855005.0,101347591380.0
2025-08-01 01:35:13 PM,24731.7,0,0.0,101347591380.0
2025-08-01 01:35:13 PM,24730.0,0,0.0,101347591380.0
2025-08-01 01:35:14 PM,24730.0,150,3709500.0,101351300880.0
2025-08-01 01:35:15 PM,24733.3,0,0.0,101351300880.0
2025-08-01 01:35:15 PM,24733.3,600,14839980.0,101366140860.0
2025-08-01 01:35:16 PM,24727.0,0,0.0,101366140860.0
2025-08-01 01:35:16 PM,24727.0,75,1854525.0,101367995385.0
2025-08-01 01:35:22 PM,24726.3,0,0.0,101367995385.0
2025-08-01 01:35:23 PM,24729.4,225,5564115.0,101373559500.0
2025-08-01 01:35:27 PM,24728.7,0,0.0,101373559500.0
2025-08-01 01:35:27 PM,24728.7,75,1854652.5,101375414152.5
2025-08-01 01:35:31 PM,24726.0,0,0.0,101375414152.5
2025-08-01 01:35:31 PM,24726.0,225,5563350.0,101380977502.5
2025-08-01 01:35:34 PM,24727.0,0,0.0,101380977502.5
2025-08-01 01:35:35 PM,24727.0,75,1854525.0,101382832027.5
2025-08-01 01:35:35 PM,24727.0,300,7418100.0,101390250127.5
2025-08-01 01:35:36 PM,24727.0,75,1854525.0,101392104652.5
2025-08-01 01:35:37 PM,24727.0,300,7418100.0,101399522752.5
2025-08-01 01:35:38 PM,24727.0,150,3709050.0,101403231802.5
2025-08-01 01:35:40 PM,24727.0,150,3709050.0,101406940852.5
2025-08-01 01:35:40 PM,24728.5,75,1854637.5,101408795490.0
2025-08-01 01:35:41 PM,24725.0,0,0.0,101408795490.0
2025-08-01 01:35:41 PM,24725.0,1275,31524375.0,101440319865.0
2025-08-01 01:35:42 PM,24725.0,150,3708750.0,101444028615.0
2025-08-01 01:35:43 PM,24722.3,0,0.0,101444028615.0
2025-08-01 01:35:44 PM,24722.3,1275,31520932.5,101475549547.5
2025-08-01 01:35:44 PM,24721.5,0,0.0,101475549547.5
2025-08-01 01:35:44 PM,24721.0,0,0.0,101475549547.5
2025-08-01 01:35:45 PM,24721.0,300,7416300.0,101482965847.5
2025-08-01 01:35:45 PM,24725.9,0,0.0,101482965847.5
2025-08-01 01:35:45 PM,24725.9,150,3708885.0,101486674732.5
2025-08-01 01:35:49 PM,24726.6,0,0.0,101486674732.5
2025-08-01 01:35:50 PM,24726.6,75,1854495.0,101488529227.5
2025-08-01 01:35:50 PM,24723.2,0,0.0,101488529227.5
2025-08-01 01:35:50 PM,24723.2,75,1854240.0,101490383467.5
2025-08-01 01:35:51 PM,24721.7,0,0.0,101490383467.5
2025-08-01 01:35:51 PM,24721.7,1800,44499060.0,101534882527.5
2025-08-01 01:35:52 PM,24725.0,0,0.0,101534882527.5
2025-08-01 01:35:53 PM,24728.7,375,9273262.5,101544155790.0
2025-08-01 01:35:56 PM,24725.9,0,0.0,101544155790.0
2025-08-01 01:35:57 PM,24725.9,150,3708885.0,101547864675.0
2025-08-01 01:36:06 PM,24723.0,0,0.0,101547864675.0
2025-08-01 01:36:06 PM,24723.0,75,1854225.0,101549718900.0
2025-08-01 01:36:07 PM,24723.5,0,0.0,101549718900.0
2025-08-01 01:36:07 PM,24723.5,225,5562787.5,101555281687.5
2025-08-01 01:36:07 PM,24724.9,0,0.0,101555281687.5
2025-08-01 01:36:08 PM,24724.9,75,1854367.5,101557136055.0
2025-08-01 01:36:10 PM,24729.0,0,0.0,101557136055.0
2025-08-01 01:36:10 PM,24729.0,75,1854675.0,101558990730.0
2025-08-01 01:36:10 PM,24730.0,0,0.0,101558990730.0
2025-08-01 01:36:10 PM,24730.0,300,7419000.0,101566409730.0
2025-08-01 01:36:13 PM,24732.1,0,0.0,101566409730.0
2025-08-01 01:36:13 PM,24732.1,75,1854907.5,101568264637.5
2025-08-01 01:36:14 PM,24727.8,0,0.0,101568264637.5
2025-08-01 01:36:15 PM,24727.8,75,1854585.0,101570119222.5
2025-08-01 01:36:15 PM,24725.8,375,9272175.0,101579391397.5
2025-08-01 01:36:18 PM,24725.8,225,5563305.0,101584954702.5
2025-08-01 01:36:18 PM,24725.7,0,0.0,101584954702.5
2025-08-01 01:36:19 PM,24725.7,375,9272137.5,101594226840.0
2025-08-01 01:36:20 PM,24725.1,0,0.0,101594226840.0
2025-08-01 01:36:20 PM,24725.1,225,5563147.5,101599789987.5
2025-08-01 01:36:22 PM,24725.5,0,0.0,101599789987.5
2025-08-01 01:36:22 PM,24725.5,75,1854412.5,101601644400.0
2025-08-01 01:36:29 PM,24726.1,0,0.0,101601644400.0
2025-08-01 01:36:29 PM,24726.1,75,1854457.5,101603498857.5
2025-08-01 01:36:34 PM,24729.8,0,0.0,101603498857.5
2025-08-01 01:36:35 PM,24729.8,75,1854735.0,101605353592.5
2025-08-01 01:36:36 PM,24726.1,0,0.0,101605353592.5
2025-08-01 01:36:36 PM,24726.1,75,1854457.5,101607208050.0
2025-08-01 01:36:43 PM,24726.0,0,0.0,101607208050.0
2025-08-01 01:36:43 PM,24726.0,75,1854450.0,101609062500.0
2025-08-01 01:36:46 PM,24725.0,0,0.0,101609062500.0
2025-08-01 01:36:46 PM,24725.0,75,1854375.0,101610916875.0
2025-08-01 01:36:47 PM,24725.0,75,1854375.0,101612771250.0
2025-08-01 01:36:48 PM,24725.0,75,1854375.0,101614625625.0
2025-08-01 01:36:51 PM,24725.0,150,3708750.0,101618334375.0
2025-08-01 01:36:53 PM,24725.0,75,1854375.0,101620188750.0
2025-08-01 01:36:58 PM,24724.9,0,0.0,101620188750.0
2025-08-01 01:36:58 PM,24724.9,375,9271837.5,101629460587.5
2025-08-01 01:37:00 PM,24721.0,0,0.0,101629460587.5
2025-08-01 01:37:00 PM,24725.0,0,0.0,101629460587.5
2025-08-01 01:37:01 PM,24725.0,825,20398125.0,101649858712.5
2025-08-01 01:37:03 PM,24721.0,0,0.0,101649858712.5
2025-08-01 01:37:03 PM,24721.0,75,1854075.0,101651712787.5
2025-08-01 01:37:04 PM,24721.0,75,1854075.0,101653566862.5
2025-08-01 01:37:05 PM,24721.0,300,7416300.0,101660983162.5
2025-08-01 01:37:06 PM,24721.0,1650,40789650.0,101701772812.5
2025-08-01 01:37:07 PM,24720.5,0,0.0,101701772812.5
2025-08-01 01:37:07 PM,24720.5,75,1854037.5,101703626850.0
2025-08-01 01:37:08 PM,24721.0,0,0.0,101703626850.0
2025-08-01 01:37:08 PM,24721.0,75,1854075.0,101705480925.0
2025-08-01 01:37:12 PM,24720.5,0,0.0,101705480925.0
2025-08-01 01:37:12 PM,24720.5,75,1854037.5,101707334962.5
2025-08-01 01:37:15 PM,24719.0,0,0.0,101707334962.5
2025-08-01 01:37:15 PM,24720.0,0,0.0,101707334962.5
2025-08-01 01:37:15 PM,24720.0,1725,42642000.0,101749976962.5
2025-08-01 01:37:20 PM,24721.0,0,0.0,101749976962.5
2025-08-01 01:37:20 PM,24721.0,75,1854075.0,101751831037.5
2025-08-01 01:37:20 PM,24720.0,0,0.0,101751831037.5
2025-08-01 01:37:21 PM,24720.0,675,16686000.0,101768517037.5
2025-08-01 01:37:28 PM,24720.0,75,1854000.0,101770371037.5
2025-08-01 01:37:36 PM,24720.0,225,5562000.0,101775933037.5
2025-08-01 01:37:37 PM,24716.0,0,0.0,101775933037.5
2025-08-01 01:37:37 PM,24715.6,0,0.0,101775933037.5
2025-08-01 01:37:37 PM,24715.1,0,0.0,101775933037.5
2025-08-01 01:37:37 PM,24716.2,1800,44489160.0,101820422197.5
2025-08-01 01:37:42 PM,24715.0,0,0.0,101820422197.5
2025-08-01 01:37:42 PM,24715.0,75,1853625.0,101822275822.5
2025-08-01 01:37:43 PM,24716.0,0,0.0,101822275822.5
2025-08-01 01:37:43 PM,24716.0,150,3707400.0,101825983222.5
2025-08-01 01:37:46 PM,24716.0,150,3707400.0,101829690622.5
2025-08-01 01:37:48 PM,24716.0,75,1853700.0,101831544322.5
2025-08-01 01:37:49 PM,24716.0,75,1853700.0,101833398022.5
2025-08-01 01:37:50 PM,24718.9,1800,44494020.0,101877892042.5
2025-08-01 01:37:50 PM,24715.6,0,0.0,101877892042.5
2025-08-01 01:37:51 PM,24715.9,900,22244310.0,101900136352.5
2025-08-01 01:37:52 PM,24716.8,0,0.0,101900136352.5
2025-08-01 01:37:53 PM,24716.8,75,1853760.0,101901990112.5
2025-08-01 01:37:55 PM,24717.4,75,1853805.0,101903843917.5
2025-08-01 01:37:57 PM,24716.5,0,0.0,101903843917.5
2025-08-01 01:37:58 PM,24716.5,75,1853737.5,101905697655.0
2025-08-01 01:38:03 PM,24716.5,375,9268687.5,101914966342.5
2025-08-01 01:38:03 PM,24716.0,0,0.0,101914966342.5
2025-08-01 01:38:04 PM,24709.0,3000,74127000.0,101989093342.5
2025-08-01 01:38:04 PM,24712.2,0,0.0,101989093342.5
2025-08-01 01:38:05 PM,24712.2,675,16680735.0,102005774077.5
2025-08-01 01:38:06 PM,24712.4,0,0.0,102005774077.5
2025-08-01 01:38:07 PM,24712.4,75,1853430.0,102007627507.5
2025-08-01 01:38:07 PM,24708.0,0,0.0,102007627507.5
2025-08-01 01:38:08 PM,24708.0,225,5559300.0,102013186807.5
2025-08-01 01:38:08 PM,24710.0,0,0.0,102013186807.5
2025-08-01 01:38:08 PM,24710.0,75,1853250.0,102015040057.5
2025-08-01 01:38:08 PM,24708.0,0,0.0,102015040057.5
2025-08-01 01:38:09 PM,24708.0,75,1853100.0,102016893157.5
2025-08-01 01:38:09 PM,24709.9,0,0.0,102016893157.5
2025-08-01 01:38:10 PM,24709.9,75,1853242.5,102018746400.0
2025-08-01 01:38:10 PM,24713.7,0,0.0,102018746400.0
2025-08-01 01:38:11 PM,24708.0,1875,46327500.0,102065073900.0
2025-08-01 01:38:11 PM,24710.1,0,0.0,102065073900.0
2025-08-01 01:38:11 PM,24710.0,0,0.0,102065073900.0
2025-08-01 01:38:12 PM,24708.0,525,12971700.0,102078045600.0
2025-08-01 01:38:12 PM,24709.4,0,0.0,102078045600.0
2025-08-01 01:38:13 PM,24709.4,225,5559615.0,102083605215.0
2025-08-01 01:38:13 PM,24708.0,0,0.0,102083605215.0
2025-08-01 01:38:13 PM,24708.0,600,14824800.0,102098430015.0
2025-08-01 01:38:14 PM,24706.0,0,0.0,102098430015.0
2025-08-01 01:38:14 PM,24706.0,1275,31500150.0,102129930165.0
2025-08-01 01:38:15 PM,24708.0,375,9265500.0,102139195665.0
2025-08-01 01:38:16 PM,24704.0,2775,68553600.0,102207749265.0
2025-08-01 01:38:16 PM,24705.0,0,0.0,102207749265.0
2025-08-01 01:38:16 PM,24704.3,0,0.0,102207749265.0
2025-08-01 01:38:17 PM,24704.0,1725,42614400.0,102250363665.0
2025-08-01 01:38:17 PM,24703.0,0,0.0,102250363665.0
2025-08-01 01:38:17 PM,24702.0,0,0.0,102250363665.0
2025-08-01 01:38:18 PM,24702.0,1350,33347700.0,102283711365.0
2025-08-01 01:38:18 PM,24701.0,0,0.0,102283711365.0
2025-08-01 01:38:18 PM,24701.0,2175,53724675.0,102337436040.0
2025-08-01 01:38:19 PM,24704.9,300,7411470.0,102344847510.0
2025-08-01 01:38:19 PM,24705.2,0,0.0,102344847510.0
2025-08-01 01:38:20 PM,24701.0,900,22230900.0,102367078410.0
2025-08-01 01:38:21 PM,24701.0,150,3705150.0,102370783560.0
2025-08-01 01:38:21 PM,24704.5,0,0.0,102370783560.0
2025-08-01 01:38:22 PM,24704.9,225,5558602.5,102376342162.5
2025-08-01 01:38:22 PM,24704.5,0,0.0,102376342162.5
2025-08-01 01:38:22 PM,24701.1,0,0.0,102376342162.5
2025-08-01 01:38:23 PM,24701.1,225,5557747.5,102381899910.0
2025-08-01 01:38:23 PM,24706.5,0,0.0,102381899910.0
2025-08-01 01:38:23 PM,24706.5,1050,25941825.0,102407841735.0
2025-08-01 01:38:24 PM,24700.4,0,0.0,102407841735.0
2025-08-01 01:38:24 PM,24700.1,0,0.0,102407841735.0
2025-08-01 01:38:24 PM,24700.1,2025,50017702.5,102457859437.5
2025-08-01 01:38:25 PM,24700.0,1725,42607500.0,102500466937.5
2025-08-01 01:38:26 PM,24700.0,975,24082500.0,102524549437.5
2025-08-01 01:38:26 PM,24704.7,0,0.0,102524549437.5
2025-08-01 01:38:27 PM,24700.0,525,12967500.0,102537516937.5
2025-08-01 01:38:28 PM,24700.0,150,3705000.0,102541221937.5
2025-08-01 01:38:28 PM,24700.0,225,5557500.0,102546779437.5
2025-08-01 01:38:28 PM,24704.1,0,0.0,102546779437.5
2025-08-01 01:38:29 PM,24700.0,0,0.0,102546779437.5
2025-08-01 01:38:29 PM,24700.0,225,5557500.0,102552336937.5
2025-08-01 01:38:32 PM,24700.0,150,3705000.0,102556041937.5
2025-08-01 01:38:32 PM,24702.0,0,0.0,102556041937.5
2025-08-01 01:38:32 PM,24700.0,0,0.0,102556041937.5
2025-08-01 01:38:33 PM,24700.0,375,9262500.0,102565304437.5
2025-08-01 01:38:33 PM,24700.0,675,16672500.0,102581976937.5
2025-08-01 01:38:34 PM,24701.9,0,0.0,102581976937.5
2025-08-01 01:38:34 PM,24701.9,450,11115855.0,102593092792.5
2025-08-01 01:38:35 PM,24695.0,7050,174099750.0,102767192542.5
2025-08-01 01:38:36 PM,24695.0,450,11112750.0,102778305292.5
2025-08-01 01:38:37 PM,24695.0,150,3704250.0,102782009542.5
2025-08-01 01:38:37 PM,24698.4,0,0.0,102782009542.5
2025-08-01 01:38:38 PM,24698.4,75,1852380.0,102783861922.5
2025-08-01 01:38:38 PM,24698.6,0,0.0,102783861922.5
2025-08-01 01:38:38 PM,24698.6,375,9261975.0,102793123897.5
2025-08-01 01:38:39 PM,24696.0,0,0.0,102793123897.5
2025-08-01 01:38:39 PM,24695.2,0,0.0,102793123897.5
2025-08-01 01:38:39 PM,24695.2,225,5556420.0,102798680317.5
2025-08-01 01:38:40 PM,24698.6,150,3704790.0,102802385107.5
2025-08-01 01:38:40 PM,24695.1,0,0.0,102802385107.5
2025-08-01 01:38:41 PM,24695.1,1200,29634120.0,102832019227.5
2025-08-01 01:38:43 PM,24695.1,150,3704265.0,102835723492.5
2025-08-01 01:38:43 PM,24699.0,0,0.0,102835723492.5
2025-08-01 01:38:43 PM,24699.0,525,12966975.0,102848690467.5
2025-08-01 01:38:44 PM,24701.0,0,0.0,102848690467.5
2025-08-01 01:38:44 PM,24701.0,75,1852575.0,102850543042.5
2025-08-01 01:38:45 PM,24698.6,75,1852395.0,102852395437.5
2025-08-01 01:38:46 PM,24702.6,0,0.0,102852395437.5
2025-08-01 01:38:47 PM,24702.6,150,3705390.0,102856100827.5
2025-08-01 01:38:47 PM,24698.5,0,0.0,102856100827.5
2025-08-01 01:38:48 PM,24698.5,225,5557162.5,102861657990.0
2025-08-01 01:38:48 PM,24696.0,0,0.0,102861657990.0
2025-08-01 01:38:49 PM,24695.1,0,0.0,102861657990.0
2025-08-01 01:38:49 PM,24695.1,300,7408530.0,102869066520.0
2025-08-01 01:38:50 PM,24695.1,375,9260662.5,102878327182.5
2025-08-01 01:38:51 PM,24695.8,1650,40748070.0,102919075252.5
2025-08-01 01:38:51 PM,24697.9,0,0.0,102919075252.5
2025-08-01 01:38:52 PM,24697.9,675,16671082.500000002,102935746335.0
2025-08-01 01:38:52 PM,24700.0,0,0.0,102935746335.0
2025-08-01 01:38:53 PM,24700.0,225,5557500.0,102941303835.0
2025-08-01 01:38:53 PM,24700.5,0,0.0,102941303835.0
2025-08-01 01:38:53 PM,24700.5,150,3705075.0,102945008910.0
2025-08-01 01:38:54 PM,24699.8,0,0.0,102945008910.0
2025-08-01 01:38:54 PM,24699.8,600,14819880.0,102959828790.0
2025-08-01 01:38:55 PM,24695.0,0,0.0,102959828790.0
2025-08-01 01:38:56 PM,24695.0,1350,33338250.0,102993167040.0
2025-08-01 01:38:57 PM,24698.4,600,14819040.0,103007986080.0
2025-08-01 01:38:58 PM,24698.4,75,1852380.0,103009838460.0
2025-08-01 01:38:58 PM,24699.5,0,0.0,103009838460.0
2025-08-01 01:38:58 PM,24699.5,75,1852462.5,103011690922.5
2025-08-01 01:38:59 PM,24700.5,75,1852537.5,103013543460.0
2025-08-01 01:38:59 PM,24695.2,0,0.0,103013543460.0
2025-08-01 01:39:00 PM,24695.0,300,7408500.0,103020951960.0
2025-08-01 01:39:03 PM,24697.8,0,0.0,103020951960.0
2025-08-01 01:39:03 PM,24697.8,225,5557005.0,103026508965.0
2025-08-01 01:39:04 PM,24697.8,150,3704670.0,103030213635.0
2025-08-01 01:39:06 PM,24703.0,0,0.0,103030213635.0
2025-08-01 01:39:06 PM,24703.0,75,1852725.0,103032066360.0
2025-08-01 01:39:07 PM,24700.1,0,0.0,103032066360.0
2025-08-01 01:39:08 PM,24700.1,300,7410030.0,103039476390.0
2025-08-01 01:39:09 PM,24703.0,0,0.0,103039476390.0
2025-08-01 01:39:09 PM,24703.0,75,1852725.0,103041329115.0
2025-08-01 01:39:10 PM,24704.8,0,0.0,103041329115.0
2025-08-01 01:39:10 PM,24704.8,75,1852860.0,103043181975.0
2025-08-01 01:39:11 PM,24700.9,0,0.0,103043181975.0
2025-08-01 01:39:11 PM,24700.9,75,1852567.5,103045034542.5
2025-08-01 01:39:11 PM,24701.9,0,0.0,103045034542.5
2025-08-01 01:39:12 PM,24701.9,150,3705285.0,103048739827.5
2025-08-01 01:39:13 PM,24701.9,150,3705285.0,103052445112.5
2025-08-01 01:39:13 PM,24705.0,0,0.0,103052445112.5
2025-08-01 01:39:13 PM,24705.0,150,3705750.0,103056150862.5
2025-08-01 01:39:17 PM,24703.0,75,1852725.0,103058003587.5
2025-08-01 01:39:18 PM,24703.0,75,1852725.0,103059856312.5
2025-08-01 01:39:18 PM,24705.0,0,0.0,103059856312.5
2025-08-01 01:39:18 PM,24705.0,300,7411500.0,103067267812.5
2025-08-01 01:39:19 PM,24701.0,0,0.0,103067267812.5
2025-08-01 01:39:19 PM,24701.0,150,3705150.0,103070972962.5
2025-08-01 01:39:20 PM,24705.0,75,1852875.0,103072825837.5
2025-08-01 01:39:20 PM,24701.0,0,0.0,103072825837.5
2025-08-01 01:39:21 PM,24701.0,75,1852575.0,103074678412.5
2025-08-01 01:39:22 PM,24705.0,0,0.0,103074678412.5
2025-08-01 01:39:23 PM,24705.0,150,3705750.0,103078384162.5
2025-08-01 01:39:23 PM,24706.3,150,3705945.0,103082090107.5
2025-08-01 01:39:25 PM,24706.4,0,0.0,103082090107.5
2025-08-01 01:39:26 PM,24706.5,225,5558962.5,103087649070.0
2025-08-01 01:39:27 PM,24705.7,0,0.0,103087649070.0
2025-08-01 01:39:28 PM,24701.4,1575,38904705.0,103126553775.0
2025-08-01 01:39:29 PM,24702.8,0,0.0,103126553775.0
2025-08-01 01:39:29 PM,24702.8,225,5558130.0,103132111905.0
2025-08-01 01:39:30 PM,24702.1,75,1852657.5,103133964562.5
2025-08-01 01:39:32 PM,24702.8,0,0.0,103133964562.5
2025-08-01 01:39:33 PM,24702.8,75,1852710.0,103135817272.5
2025-08-01 01:39:33 PM,24707.5,0,0.0,103135817272.5
2025-08-01 01:39:33 PM,24702.1,0,0.0,103135817272.5
2025-08-01 01:39:33 PM,24702.1,2325,57432382.5,103193249655.0
2025-08-01 01:39:34 PM,24707.4,0,0.0,103193249655.0
2025-08-01 01:39:34 PM,24702.8,225,5558130.0,103198807785.0
2025-08-01 01:39:36 PM,24702.0,0,0.0,103198807785.0
2025-08-01 01:39:36 PM,24702.0,150,3705300.0,103202513085.0
2025-08-01 01:39:39 PM,24702.0,75,1852650.0,103204365735.0
2025-08-01 01:39:40 PM,24701.0,525,12968025.0,103217333760.0
2025-08-01 01:39:40 PM,24701.3,0,0.0,103217333760.0
2025-08-01 01:39:41 PM,24701.0,225,5557725.0,103222891485.0
2025-08-01 01:39:41 PM,24701.3,0,0.0,103222891485.0
2025-08-01 01:39:42 PM,24701.3,75,1852597.5,103224744082.5
2025-08-01 01:39:42 PM,24700.0,0,0.0,103224744082.5
2025-08-01 01:39:43 PM,24700.0,1125,27787500.0,103252531582.5
2025-08-01 01:39:43 PM,24701.3,0,0.0,103252531582.5
2025-08-01 01:39:43 PM,24701.3,600,14820780.0,103267352362.5
2025-08-01 01:39:44 PM,24700.0,0,0.0,103267352362.5
2025-08-01 01:39:45 PM,24700.0,75,1852500.0,103269204862.5
2025-08-01 01:39:46 PM,24700.0,225,5557500.0,103274762362.5
2025-08-01 01:39:47 PM,24700.0,150,3705000.0,103278467362.5
2025-08-01 01:39:48 PM,24696.8,225,5556780.0,103284024142.5
2025-08-01 01:39:50 PM,24700.0,0,0.0,103284024142.5
2025-08-01 01:39:51 PM,24700.0,225,5557500.0,103289581642.5
2025-08-01 01:39:51 PM,24697.5,0,0.0,103289581642.5
2025-08-01 01:39:52 PM,24697.5,600,14818500.0,103304400142.5
2025-08-01 01:39:52 PM,24700.0,0,0.0,103304400142.5
2025-08-01 01:39:53 PM,24696.4,525,12965610.0,103317365752.5
2025-08-01 01:39:54 PM,24698.2,0,0.0,103317365752.5
2025-08-01 01:39:54 PM,24698.2,75,1852365.0,103319218117.5
2025-08-01 01:39:55 PM,24697.1,150,3704565.0,103322922682.5
2025-08-01 01:39:57 PM,24697.0,0,0.0,103322922682.5
2025-08-01 01:39:58 PM,24697.0,75,1852275.0,103324774957.5
2025-08-01 01:39:58 PM,24696.0,0,0.0,103324774957.5
2025-08-01 01:39:58 PM,24696.0,75,1852200.0,103326627157.5
2025-08-01 01:39:59 PM,24695.2,0,0.0,103326627157.5
2025-08-01 01:39:59 PM,24697.0,225,5556825.0,103332183982.5
2025-08-01 01:40:00 PM,24700.0,3075,75952500.0,103408136482.5
2025-08-01 01:40:01 PM,24700.0,450,11115000.0,103419251482.5
2025-08-01 01:40:01 PM,24702.0,0,0.0,103419251482.5
2025-08-01 01:40:02 PM,24702.0,900,22231800.0,103441483282.5
2025-08-01 01:40:05 PM,24702.0,150,3705300.0,103445188582.5
2025-08-01 01:40:05 PM,24698.0,0,0.0,103445188582.5
2025-08-01 01:40:06 PM,24698.0,150,3704700.0,103448893282.5
2025-08-01 01:40:06 PM,24701.0,0,0.0,103448893282.5
2025-08-01 01:40:07 PM,24701.0,75,1852575.0,103450745857.5
2025-08-01 01:40:07 PM,24700.0,0,0.0,103450745857.5
2025-08-01 01:40:08 PM,24700.0,450,11115000.0,103461860857.5
2025-08-01 01:40:10 PM,24698.0,0,0.0,103461860857.5
2025-08-01 01:40:10 PM,24697.5,0,0.0,103461860857.5
2025-08-01 01:40:10 PM,24697.5,225,5556937.5,103467417795.0
2025-08-01 01:40:11 PM,24700.0,0,0.0,103467417795.0
2025-08-01 01:40:11 PM,24700.0,75,1852500.0,103469270295.0
2025-08-01 01:40:11 PM,24699.0,0,0.0,103469270295.0
2025-08-01 01:40:12 PM,24699.0,150,3704850.0,103472975145.0
2025-08-01 01:40:12 PM,24704.4,0,0.0,103472975145.0
2025-08-01 01:40:13 PM,24704.4,675,16675470.000000002,103489650615.0
2025-08-01 01:40:15 PM,24702.0,0,0.0,103489650615.0
2025-08-01 01:40:15 PM,24702.0,75,1852650.0,103491503265.0
2025-08-01 01:40:19 PM,24704.0,0,0.0,103491503265.0
2025-08-01 01:40:19 PM,24704.0,75,1852800.0,103493356065.0
2025-08-01 01:40:22 PM,24700.1,0,0.0,103493356065.0
2025-08-01 01:40:22 PM,24700.1,75,1852507.5,103495208572.5
2025-08-01 01:40:22 PM,24704.0,0,0.0,103495208572.5
2025-08-01 01:40:23 PM,24704.0,375,9264000.0,103504472572.5
2025-08-01 01:40:26 PM,24704.0,150,3705600.0,103508178172.5
2025-08-01 01:40:27 PM,24701.3,0,0.0,103508178172.5
2025-08-01 01:40:27 PM,24701.3,75,1852597.5,103510030770.0
2025-08-01 01:40:28 PM,24704.0,0,0.0,103510030770.0
2025-08-01 01:40:28 PM,24704.0,75,1852800.0,103511883570.0
2025-08-01 01:40:29 PM,24701.0,0,0.0,103511883570.0
2025-08-01 01:40:29 PM,24701.0,75,1852575.0,103513736145.0
2025-08-01 01:40:30 PM,24700.1,0,0.0,103513736145.0
2025-08-01 01:40:30 PM,24701.0,0,0.0,103513736145.0
2025-08-01 01:40:30 PM,24701.0,150,3705150.0,103517441295.0
2025-08-01 01:40:30 PM,24705.0,0,0.0,103517441295.0
2025-08-01 01:40:31 PM,24705.0,75,1852875.0,103519294170.0
2025-08-01 01:40:33 PM,24706.3,300,7411890.0,103526706060.0
2025-08-01 01:40:36 PM,24703.0,0,0.0,103526706060.0
2025-08-01 01:40:36 PM,24700.0,0,0.0,103526706060.0
2025-08-01 01:40:36 PM,24700.0,300,7410000.0,103534116060.0
2025-08-01 01:40:37 PM,24704.4,225,5558490.0,103539674550.0
2025-08-01 01:40:41 PM,24705.4,0,0.0,103539674550.0
2025-08-01 01:40:41 PM,24700.0,0,0.0,103539674550.0
2025-08-01 01:40:41 PM,24700.0,750,18525000.0,103558199550.0
2025-08-01 01:40:45 PM,24700.0,75,1852500.0,103560052050.0
2025-08-01 01:40:49 PM,24704.8,0,0.0,103560052050.0
2025-08-01 01:40:49 PM,24704.8,75,1852860.0,103561904910.0
2025-08-01 01:40:51 PM,24700.0,0,0.0,103561904910.0
2025-08-01 01:40:51 PM,24700.0,525,12967500.0,103574872410.0
2025-08-01 01:40:54 PM,24705.5,0,0.0,103574872410.0
2025-08-01 01:40:54 PM,24705.5,75,1852912.5,103576725322.5
2025-08-01 01:40:56 PM,24706.3,0,0.0,103576725322.5
2025-08-01 01:40:56 PM,24706.3,75,1852972.5,103578578295.0
2025-08-01 01:40:58 PM,24704.8,0,0.0,103578578295.0
2025-08-01 01:40:58 PM,24704.8,225,5558580.0,103584136875.0
2025-08-01 01:41:05 PM,24701.4,0,0.0,103584136875.0
2025-08-01 01:41:06 PM,24701.0,0,0.0,103584136875.0
2025-08-01 01:41:06 PM,24701.0,225,5557725.0,103589694600.0
2025-08-01 01:41:07 PM,24700.4,0,0.0,103589694600.0
2025-08-01 01:41:07 PM,24700.0,0,0.0,103589694600.0
2025-08-01 01:41:08 PM,24700.0,150,3705000.0,103593399600.0
2025-08-01 01:41:08 PM,24700.4,0,0.0,103593399600.0
2025-08-01 01:41:08 PM,24700.4,150,3705060.0,103597104660.0
2025-08-01 01:41:09 PM,24700.4,225,5557590.0,103602662250.0
2025-08-01 01:41:10 PM,24700.4,75,1852530.0,103604514780.0
2025-08-01 01:41:11 PM,24700.2,0,0.0,103604514780.0
2025-08-01 01:41:11 PM,24700.2,300,7410060.0,103611924840.0
2025-08-01 01:41:12 PM,24704.1,0,0.0,103611924840.0
2025-08-01 01:41:13 PM,24704.1,75,1852807.5,103613777647.5
2025-08-01 01:41:16 PM,24704.8,0,0.0,103613777647.5
2025-08-01 01:41:16 PM,24704.8,375,9264300.0,103623041947.5
2025-08-01 01:41:18 PM,24705.0,75,1852875.0,103624894822.5
2025-08-01 01:41:24 PM,24701.0,0,0.0,103624894822.5
2025-08-01 01:41:24 PM,24705.1,0,0.0,103624894822.5
2025-08-01 01:41:24 PM,24705.1,225,5558647.5,103630453470.0
2025-08-01 01:41:25 PM,24700.2,75,1852515.0,103632305985.0
2025-08-01 01:41:33 PM,24705.0,0,0.0,103632305985.0
2025-08-01 01:41:33 PM,24705.0,150,3705750.0,103636011735.0
2025-08-01 01:41:37 PM,24701.1,0,0.0,103636011735.0
2025-08-01 01:41:38 PM,24701.1,150,3705165.0,103639716900.0
2025-08-01 01:41:40 PM,24704.9,0,0.0,103639716900.0
2025-08-01 01:41:40 PM,24704.9,75,1852867.5,103641569767.5
2025-08-01 01:41:43 PM,24701.0,0,0.0,103641569767.5
2025-08-01 01:41:43 PM,24701.0,150,3705150.0,103645274917.5
2025-08-01 01:41:44 PM,24701.3,0,0.0,103645274917.5
2025-08-01 01:41:44 PM,24701.3,75,1852597.5,103647127515.0
2025-08-01 01:41:45 PM,24701.0,75,1852575.0,103648980090.0
2025-08-01 01:41:47 PM,24704.0,0,0.0,103648980090.0
2025-08-01 01:41:48 PM,24704.0,75,1852800.0,103650832890.0
2025-08-01 01:41:49 PM,24706.5,0,0.0,103650832890.0
2025-08-01 01:41:49 PM,24704.0,0,0.0,103650832890.0
2025-08-01 01:41:49 PM,24704.0,225,5558400.0,103656391290.0
2025-08-01 01:41:55 PM,24707.6,0,0.0,103656391290.0
2025-08-01 01:41:55 PM,24707.6,150,3706140.0,103660097430.0
2025-08-01 01:41:56 PM,24708.0,0,0.0,103660097430.0
2025-08-01 01:41:56 PM,24708.0,300,7412400.0,103667509830.0
2025-08-01 01:41:58 PM,24708.0,150,3706200.0,103671216030.0
2025-08-01 01:41:59 PM,24709.2,0,0.0,103671216030.0
2025-08-01 01:41:59 PM,24709.2,375,9265950.0,103680481980.0
2025-08-01 01:42:00 PM,24713.9,150,3707085.0,103684189065.0
2025-08-01 01:42:01 PM,24713.9,1575,38924392.5,103723113457.5
2025-08-01 01:42:03 PM,24715.9,0,0.0,103723113457.5
2025-08-01 01:42:03 PM,24715.9,900,22244310.0,103745357767.5
2025-08-01 01:42:05 PM,24710.0,0,0.0,103745357767.5
2025-08-01 01:42:05 PM,24710.0,1125,27798750.0,103773156517.5
2025-08-01 01:42:08 PM,24710.0,75,1853250.0,103775009767.5
2025-08-01 01:42:11 PM,24715.9,0,0.0,103775009767.5
2025-08-01 01:42:11 PM,24708.0,1575,38915100.0,103813924867.5
2025-08-01 01:42:11 PM,24707.8,0,0.0,103813924867.5
2025-08-01 01:42:12 PM,24707.8,1500,37061700.0,103850986567.5
2025-08-01 01:42:12 PM,24709.0,0,0.0,103850986567.5
2025-08-01 01:42:13 PM,24709.0,75,1853175.0,103852839742.5
2025-08-01 01:42:13 PM,24708.7,0,0.0,103852839742.5
2025-08-01 01:42:13 PM,24708.7,75,1853152.5,103854692895.0
2025-08-01 01:42:16 PM,24710.0,75,1853250.0,103856546145.0
2025-08-01 01:42:16 PM,24710.1,0,0.0,103856546145.0
2025-08-01 01:42:17 PM,24710.1,75,1853257.5,103858399402.5
2025-08-01 01:42:18 PM,24710.1,75,1853257.5,103860252660.0
2025-08-01 01:42:19 PM,24707.3,0,0.0,103860252660.0
2025-08-01 01:42:19 PM,24707.3,150,3706095.0,103863958755.0
2025-08-01 01:42:22 PM,24707.3,75,1853047.5,103865811802.5
2025-08-01 01:42:26 PM,24707.3,150,3706095.0,103869517897.5
2025-08-01 01:42:29 PM,24708.6,0,0.0,103869517897.5
2025-08-01 01:42:30 PM,24708.6,75,1853145.0,103871371042.5
2025-08-01 01:42:31 PM,24709.9,0,0.0,103871371042.5
2025-08-01 01:42:31 PM,24709.9,75,1853242.5,103873224285.0
2025-08-01 01:42:31 PM,24710.1,75,1853257.5,103875077542.5
2025-08-01 01:42:33 PM,24710.1,225,5559772.5,103880637315.0
2025-08-01 01:42:33 PM,24714.2,75,1853565.0,103882490880.0
2025-08-01 01:42:34 PM,24711.9,0,0.0,103882490880.0
2025-08-01 01:42:35 PM,24716.9,225,5561302.5,103888052182.5
2025-08-01 01:42:37 PM,24716.8,0,0.0,103888052182.5
2025-08-01 01:42:37 PM,24710.9,0,0.0,103888052182.5
2025-08-01 01:42:38 PM,24710.9,225,5559952.5,103893612135.0
2025-08-01 01:42:38 PM,24711.4,75,1853355.0,103895465490.0
2025-08-01 01:42:39 PM,24716.9,75,1853767.5,103897319257.5
2025-08-01 01:42:39 PM,24713.8,0,0.0,103897319257.5
2025-08-01 01:42:40 PM,24718.0,825,20392350.0,103917711607.5
2025-08-01 01:42:40 PM,24718.8,0,0.0,103917711607.5
2025-08-01 01:42:41 PM,24718.8,75,1853910.0,103919565517.5
2025-08-01 01:42:42 PM,24718.2,0,0.0,103919565517.5
2025-08-01 01:42:43 PM,24718.2,150,3707730.0,103923273247.5
2025-08-01 01:42:44 PM,24719.0,0,0.0,103923273247.5
2025-08-01 01:42:44 PM,24715.0,150,3707250.0,103926980497.5
2025-08-01 01:42:46 PM,24719.6,0,0.0,103926980497.5
2025-08-01 01:42:48 PM,24719.6,225,5561910.0,103932542407.5
2025-08-01 01:42:48 PM,24721.3,0,0.0,103932542407.5
2025-08-01 01:42:48 PM,24721.3,675,16686877.5,103949229285.0
2025-08-01 01:42:49 PM,24719.6,0,0.0,103949229285.0
2025-08-01 01:42:49 PM,24719.6,75,1853970.0,103951083255.0
2025-08-01 01:42:49 PM,24714.0,0,0.0,103951083255.0
2025-08-01 01:42:50 PM,24714.0,75,1853550.0,103952936805.0
2025-08-01 01:42:50 PM,24720.8,0,0.0,103952936805.0
2025-08-01 01:42:51 PM,24720.8,225,5562180.0,103958498985.0
2025-08-01 01:42:52 PM,24714.6,0,0.0,103958498985.0
2025-08-01 01:42:52 PM,24714.2,150,3707130.0,103962206115.0
2025-08-01 01:42:56 PM,24719.0,525,12977475.0,103975183590.0
2025-08-01 01:42:57 PM,24719.0,75,1853925.0,103977037515.0
2025-08-01 01:43:07 PM,24715.0,0,0.0,103977037515.0
2025-08-01 01:43:08 PM,24715.0,75,1853625.0,103978891140.0
2025-08-01 01:43:09 PM,24718.0,0,0.0,103978891140.0
2025-08-01 01:43:09 PM,24718.0,75,1853850.0,103980744990.0
2025-08-01 01:43:10 PM,24719.0,0,0.0,103980744990.0
2025-08-01 01:43:11 PM,24719.0,450,11123550.0,103991868540.0
2025-08-01 01:43:16 PM,24719.0,450,11123550.0,104002992090.0
2025-08-01 01:43:17 PM,24716.6,0,0.0,104002992090.0
2025-08-01 01:43:18 PM,24720.8,0,0.0,104002992090.0
2025-08-01 01:43:18 PM,24720.8,375,9270300.0,104012262390.0
2025-08-01 01:43:19 PM,24722.0,0,0.0,104012262390.0
2025-08-01 01:43:19 PM,24722.0,75,1854150.0,104014116540.0
2025-08-01 01:43:22 PM,24722.0,75,1854150.0,104015970690.0
2025-08-01 01:43:26 PM,24722.0,75,1854150.0,104017824840.0
2025-08-01 01:43:26 PM,24722.0,75,1854150.0,104019678990.0
2025-08-01 01:43:26 PM,24718.0,0,0.0,104019678990.0
2025-08-01 01:43:27 PM,24718.0,75,1853850.0,104021532840.0
2025-08-01 01:43:28 PM,24722.0,0,0.0,104021532840.0
2025-08-01 01:43:29 PM,24722.0,150,3708300.0,104025241140.0
2025-08-01 01:43:29 PM,24717.1,0,0.0,104025241140.0
2025-08-01 01:43:29 PM,24717.1,1125,27806737.5,104053047877.5
2025-08-01 01:43:31 PM,24717.1,75,1853782.5,104054901660.0
2025-08-01 01:43:34 PM,24722.0,0,0.0,104054901660.0
2025-08-01 01:43:34 PM,24722.0,75,1854150.0,104056755810.0
2025-08-01 01:43:36 PM,24723.7,75,1854277.5,104058610087.5
2025-08-01 01:43:37 PM,24718.0,0,0.0,104058610087.5
2025-08-01 01:43:37 PM,24718.0,150,3707700.0,104062317787.5
2025-08-01 01:43:43 PM,24722.0,0,0.0,104062317787.5
2025-08-01 01:43:44 PM,24722.0,150,3708300.0,104066026087.5
2025-08-01 01:43:47 PM,24721.6,0,0.0,104066026087.5
2025-08-01 01:43:48 PM,24721.6,75,1854120.0,104067880207.5
2025-08-01 01:43:49 PM,24720.0,0,0.0,104067880207.5
2025-08-01 01:43:49 PM,24720.0,75,1854000.0,104069734207.5
2025-08-01 01:43:51 PM,24718.9,0,0.0,104069734207.5
2025-08-01 01:43:52 PM,24718.9,150,3707835.0,104073442042.5
2025-08-01 01:43:53 PM,24722.0,0,0.0,104073442042.5
2025-08-01 01:43:54 PM,24722.0,75,1854150.0,104075296192.5
2025-08-01 01:43:55 PM,24721.7,0,0.0,104075296192.5
2025-08-01 01:43:56 PM,24721.7,150,3708255.0,104079004447.5
2025-08-01 01:43:59 PM,24719.0,0,0.0,104079004447.5
2025-08-01 01:43:59 PM,24719.0,75,1853925.0,104080858372.5
2025-08-01 01:44:02 PM,24719.0,225,5561775.0,104086420147.5
2025-08-01 01:44:04 PM,24721.2,0,0.0,104086420147.5
2025-08-01 01:44:04 PM,24721.2,75,1854090.0,104088274237.5
2025-08-01 01:44:06 PM,24720.0,75,1854000.0,104090128237.5
2025-08-01 01:44:08 PM,24723.0,0,0.0,104090128237.5
2025-08-01 01:44:08 PM,24723.0,3900,96419700.0,104186547937.5
2025-08-01 01:44:10 PM,24723.7,0,0.0,104186547937.5
2025-08-01 01:44:10 PM,24723.5,0,0.0,104186547937.5
2025-08-01 01:44:11 PM,24723.5,150,3708525.0,104190256462.5
2025-08-01 01:44:12 PM,24724.0,0,0.0,104190256462.5
2025-08-01 01:44:12 PM,24724.3,0,0.0,104190256462.5
2025-08-01 01:44:12 PM,24724.3,1125,27814837.5,104218071300.0
2025-08-01 01:44:13 PM,24725.0,3675,90864375.0,104308935675.0
2025-08-01 01:44:14 PM,24726.0,150,3708900.0,104312644575.0
2025-08-01 01:44:17 PM,24726.4,0,0.0,104312644575.0
2025-08-01 01:44:17 PM,24726.4,375,9272400.0,104321916975.0
2025-08-01 01:44:18 PM,24729.6,0,0.0,104321916975.0
2025-08-01 01:44:19 PM,24730.0,300,7419000.0,104329335975.0
2025-08-01 01:44:21 PM,24730.0,225,5564250.0,104334900225.0
2025-08-01 01:44:21 PM,24734.4,0,0.0,104334900225.0
2025-08-01 01:44:22 PM,24734.4,75,1855080.0,104336755305.0
2025-08-01 01:44:26 PM,24734.4,75,1855080.0,104338610385.0
2025-08-01 01:44:28 PM,24732.2,0,0.0,104338610385.0
2025-08-01 01:44:29 PM,24733.8,0,0.0,104338610385.0
2025-08-01 01:44:29 PM,24729.6,225,5564160.0,104344174545.0
2025-08-01 01:44:29 PM,24734.0,0,0.0,104344174545.0
2025-08-01 01:44:30 PM,24728.0,0,0.0,104344174545.0
2025-08-01 01:44:31 PM,24728.0,450,11127600.0,104355302145.0
2025-08-01 01:44:33 PM,24733.3,0,0.0,104355302145.0
2025-08-01 01:44:34 PM,24733.3,75,1854997.5,104357157142.5
2025-08-01 01:44:37 PM,24733.9,0,0.0,104357157142.5
2025-08-01 01:44:37 PM,24734.4,450,11130480.0,104368287622.5
2025-08-01 01:44:38 PM,24734.9,0,0.0,104368287622.5
2025-08-01 01:44:39 PM,24734.9,300,7420470.0,104375708092.5
2025-08-01 01:44:40 PM,24732.8,0,0.0,104375708092.5
2025-08-01 01:44:41 PM,24728.4,0,0.0,104375708092.5
2025-08-01 01:44:41 PM,24728.4,225,5563890.0,104381271982.5
2025-08-01 01:44:44 PM,24734.8,0,0.0,104381271982.5
2025-08-01 01:44:44 PM,24729.0,225,5564025.0,104386836007.5
2025-08-01 01:44:46 PM,24729.0,75,1854675.0,104388690682.5
2025-08-01 01:44:47 PM,24730.0,0,0.0,104388690682.5
2025-08-01 01:44:47 PM,24734.6,300,7420380.0,104396111062.5
2025-08-01 01:44:48 PM,24730.0,0,0.0,104396111062.5
2025-08-01 01:44:49 PM,24730.0,75,1854750.0,104397965812.5
2025-08-01 01:44:52 PM,24729.0,300,7418700.0,104405384512.5
2025-08-01 01:44:52 PM,24728.4,0,0.0,104405384512.5
2025-08-01 01:44:53 PM,24728.4,75,1854630.0,104407239142.5
2025-08-01 01:44:57 PM,24728.9,0,0.0,104407239142.5
2025-08-01 01:44:57 PM,24728.9,75,1854667.5,104409093810.0
2025-08-01 01:45:00 PM,24728.0,0,0.0,104409093810.0
2025-08-01 01:45:01 PM,24728.0,75,1854600.0,104410948410.0
2025-08-01 01:45:10 PM,24728.9,0,0.0,104410948410.0
2025-08-01 01:45:11 PM,24733.0,450,11129850.0,104422078260.0
2025-08-01 01:45:14 PM,24733.0,750,18549750.0,104440628010.0
2025-08-01 01:45:16 PM,24733.0,75,1854975.0,104442482985.0
2025-08-01 01:45:16 PM,24732.8,75,1854960.0,104444337945.0
2025-08-01 01:45:17 PM,24733.0,0,0.0,104444337945.0
2025-08-01 01:45:17 PM,24733.0,75,1854975.0,104446192920.0
2025-08-01 01:45:18 PM,24730.2,0,0.0,104446192920.0
2025-08-01 01:45:19 PM,24730.2,75,1854765.0,104448047685.0
2025-08-01 01:45:25 PM,24733.0,0,0.0,104448047685.0
2025-08-01 01:45:26 PM,24733.0,150,3709950.0,104451757635.0
2025-08-01 01:45:26 PM,24730.0,75,1854750.0,104453612385.0
2025-08-01 01:45:27 PM,24730.0,75,1854750.0,104455467135.0
2025-08-01 01:45:29 PM,24731.3,0,0.0,104455467135.0
2025-08-01 01:45:31 PM,24731.3,75,1854847.5,104457321982.5
2025-08-01 01:45:34 PM,24728.0,0,0.0,104457321982.5
2025-08-01 01:45:34 PM,24724.5,1050,25960725.0,104483282707.5
2025-08-01 01:45:35 PM,24725.4,0,0.0,104483282707.5
2025-08-01 01:45:36 PM,24725.4,75,1854405.0,104485137112.5
2025-08-01 01:45:36 PM,24726.2,75,1854465.0,104486991577.5
2025-08-01 01:45:36 PM,24728.9,0,0.0,104486991577.5
2025-08-01 01:45:37 PM,24728.9,225,5564002.5,104492555580.0
2025-08-01 01:45:41 PM,24728.9,75,1854667.5,104494410247.5
2025-08-01 01:45:46 PM,24728.9,75,1854667.5,104496264915.0
2025-08-01 01:45:50 PM,24726.1,0,0.0,104496264915.0
2025-08-01 01:45:51 PM,24726.1,75,1854457.5,104498119372.5
2025-08-01 01:45:52 PM,24730.0,75,1854750.0,104499974122.5
2025-08-01 01:46:01 PM,24726.4,150,3708960.0,104503683082.5
2025-08-01 01:46:02 PM,24730.0,0,0.0,104503683082.5
2025-08-01 01:46:02 PM,24730.0,75,1854750.0,104505537832.5
2025-08-01 01:46:03 PM,24727.4,0,0.0,104505537832.5
2025-08-01 01:46:04 PM,24727.4,225,5563665.0,104511101497.5
2025-08-01 01:46:07 PM,24727.6,0,0.0,104511101497.5
2025-08-01 01:46:07 PM,24727.6,150,3709140.0,104514810637.5
2025-08-01 01:46:10 PM,24727.5,0,0.0,104514810637.5
2025-08-01 01:46:11 PM,24727.5,75,1854562.5,104516665200.0
2025-08-01 01:46:12 PM,24732.0,0,0.0,104516665200.0
2025-08-01 01:46:12 PM,24732.0,600,14839200.0,104531504400.0
2025-08-01 01:46:14 PM,24727.5,0,0.0,104531504400.0
2025-08-01 01:46:14 PM,24727.5,75,1854562.5,104533358962.5
2025-08-01 01:46:17 PM,24732.7,0,0.0,104533358962.5
2025-08-01 01:46:17 PM,24732.7,150,3709905.0,104537068867.5
2025-08-01 01:46:19 PM,24727.1,0,0.0,104537068867.5
2025-08-01 01:46:19 PM,24727.1,150,3709065.0,104540777932.5
2025-08-01 01:46:22 PM,24728.0,0,0.0,104540777932.5
2025-08-01 01:46:22 PM,24728.0,75,1854600.0,104542632532.5
2025-08-01 01:46:27 PM,24727.5,75,1854562.5,104544487095.0
2025-08-01 01:46:30 PM,24727.5,75,1854562.5,104546341657.5
2025-08-01 01:46:33 PM,24730.0,0,0.0,104546341657.5
2025-08-01 01:46:34 PM,24730.0,75,1854750.0,104548196407.5
2025-08-01 01:46:36 PM,24730.0,75,1854750.0,104550051157.5
2025-08-01 01:46:36 PM,24727.5,0,0.0,104550051157.5
2025-08-01 01:46:37 PM,24727.5,150,3709125.0,104553760282.5
2025-08-01 01:46:38 PM,24730.0,0,0.0,104553760282.5
2025-08-01 01:46:38 PM,24730.0,150,3709500.0,104557469782.5
2025-08-01 01:46:40 PM,24727.6,0,0.0,104557469782.5
2025-08-01 01:46:41 PM,24727.6,75,1854570.0,104559324352.5
2025-08-01 01:46:47 PM,24730.0,0,0.0,104559324352.5
2025-08-01 01:46:47 PM,24730.4,150,3709560.0,104563033912.5
2025-08-01 01:46:51 PM,24732.0,0,0.0,104563033912.5
2025-08-01 01:46:51 PM,24732.0,75,1854900.0,104564888812.5
2025-08-01 01:46:51 PM,24728.2,0,0.0,104564888812.5
2025-08-01 01:46:52 PM,24728.2,75,1854615.0,104566743427.5
2025-08-01 01:47:01 PM,24732.0,0,0.0,104566743427.5
2025-08-01 01:47:01 PM,24732.0,75,1854900.0,104568598327.5
2025-08-01 01:47:02 PM,24728.0,0,0.0,104568598327.5
2025-08-01 01:47:02 PM,24728.0,75,1854600.0,104570452927.5
2025-08-01 01:47:04 PM,24728.4,0,0.0,104570452927.5
2025-08-01 01:47:04 PM,24728.4,75,1854630.0,104572307557.5
2025-08-01 01:47:07 PM,24726.0,0,0.0,104572307557.5
2025-08-01 01:47:07 PM,24730.5,0,0.0,104572307557.5
2025-08-01 01:47:07 PM,24730.5,300,7419150.0,104579726707.5
2025-08-01 01:47:10 PM,24728.2,0,0.0,104579726707.5
2025-08-01 01:47:11 PM,24728.2,75,1854615.0,104581581322.5
2025-08-01 01:47:12 PM,24730.3,0,0.0,104581581322.5
2025-08-01 01:47:12 PM,24730.3,75,1854772.5,104583436095.0
2025-08-01 01:47:16 PM,24729.4,0,0.0,104583436095.0
2025-08-01 01:47:16 PM,24729.4,75,1854705.0,104585290800.0
2025-08-01 01:47:20 PM,24729.4,150,3709410.0,104589000210.0
2025-08-01 01:47:20 PM,24730.0,0,0.0,104589000210.0
2025-08-01 01:47:21 PM,24730.0,75,1854750.0,104590854960.0
2025-08-01 01:47:21 PM,24729.4,0,0.0,104590854960.0
2025-08-01 01:47:21 PM,24729.4,150,3709410.0,104594564370.0
2025-08-01 01:47:22 PM,24729.4,150,3709410.0,104598273780.0
2025-08-01 01:47:26 PM,24732.0,0,0.0,104598273780.0
2025-08-01 01:47:26 PM,24730.0,0,0.0,104598273780.0
2025-08-01 01:47:26 PM,24730.0,1050,25966500.0,104624240280.0
2025-08-01 01:47:27 PM,24730.0,150,3709500.0,104627949780.0
2025-08-01 01:47:29 PM,24730.0,150,3709500.0,104631659280.0
2025-08-01 01:47:31 PM,24730.0,75,1854750.0,104633514030.0
2025-08-01 01:47:31 PM,24732.8,0,0.0,104633514030.0
2025-08-01 01:47:31 PM,24732.8,150,3709920.0,104637223950.0
2025-08-01 01:47:33 PM,24730.0,0,0.0,104637223950.0
2025-08-01 01:47:34 PM,24730.0,75,1854750.0,104639078700.0
2025-08-01 01:47:35 PM,24725.0,0,0.0,104639078700.0
2025-08-01 01:47:35 PM,24724.5,1650,40795425.0,104679874125.0
2025-08-01 01:47:35 PM,24720.0,0,0.0,104679874125.0
2025-08-01 01:47:36 PM,24721.0,0,0.0,104679874125.0
2025-08-01 01:47:36 PM,24721.0,300,7416300.0,104687290425.0
2025-08-01 01:47:40 PM,24722.0,0,0.0,104687290425.0
2025-08-01 01:47:41 PM,24722.0,75,1854150.0,104689144575.0
2025-08-01 01:47:41 PM,24723.2,0,0.0,104689144575.0
2025-08-01 01:47:42 PM,24723.2,75,1854240.0,104690998815.0
2025-08-01 01:47:53 PM,24727.9,0,0.0,104690998815.0
2025-08-01 01:47:53 PM,24727.9,75,1854592.5,104692853407.5
2025-08-01 01:47:57 PM,24728.9,0,0.0,104692853407.5
2025-08-01 01:47:57 PM,24728.9,150,3709335.0,104696562742.5
2025-08-01 01:48:00 PM,24727.9,0,0.0,104696562742.5
2025-08-01 01:48:01 PM,24727.9,150,3709185.0,104700271927.5
2025-08-01 01:48:02 PM,24723.3,0,0.0,104700271927.5
2025-08-01 01:48:02 PM,24723.3,75,1854247.5,104702126175.0
2025-08-01 01:48:05 PM,24728.9,0,0.0,104702126175.0
2025-08-01 01:48:06 PM,24728.9,75,1854667.5,104703980842.5
2025-08-01 01:48:08 PM,24728.9,225,5564002.5,104709544845.0
2025-08-01 01:48:14 PM,24729.3,0,0.0,104709544845.0
2025-08-01 01:48:14 PM,24729.3,750,18546975.0,104728091820.0
2025-08-01 01:48:16 PM,24729.0,0,0.0,104728091820.0
2025-08-01 01:48:17 PM,24732.0,0,0.0,104728091820.0
2025-08-01 01:48:17 PM,24733.3,675,16694977.5,104744786797.5
2025-08-01 01:48:18 PM,24730.3,75,1854772.5,104746641570.0
2025-08-01 01:48:19 PM,24730.9,0,0.0,104746641570.0
2025-08-01 01:48:19 PM,24730.9,75,1854817.5,104748496387.5
2025-08-01 01:48:24 PM,24730.7,0,0.0,104748496387.5
2025-08-01 01:48:24 PM,24730.7,75,1854802.5,104750351190.0
2025-08-01 01:48:24 PM,24734.0,0,0.0,104750351190.0
2025-08-01 01:48:25 PM,24734.0,75,1855050.0,104752206240.0
2025-08-01 01:48:29 PM,24729.7,0,0.0,104752206240.0
2025-08-01 01:48:30 PM,24729.7,75,1854727.5,104754060967.5
2025-08-01 01:48:30 PM,24734.0,0,0.0,104754060967.5
2025-08-01 01:48:31 PM,24734.0,300,7420200.0,104761481167.5
2025-08-01 01:48:33 PM,24729.3,0,0.0,104761481167.5
2025-08-01 01:48:34 PM,24729.3,75,1854697.5,104763335865.0
2025-08-01 01:48:36 PM,24725.3,600,14835180.0,104778171045.0
2025-08-01 01:48:37 PM,24732.6,0,0.0,104778171045.0
2025-08-01 01:48:37 PM,24732.6,150,3709890.0,104781880935.0
2025-08-01 01:48:39 PM,24733.4,0,0.0,104781880935.0
2025-08-01 01:48:40 PM,24733.4,525,12985035.0,104794865970.0
2025-08-01 01:48:49 PM,24729.0,0,0.0,104794865970.0
2025-08-01 01:48:49 PM,24729.0,75,1854675.0,104796720645.0
2025-08-01 01:48:52 PM,24730.9,0,0.0,104796720645.0
2025-08-01 01:48:52 PM,24730.9,75,1854817.5,104798575462.5
2025-08-01 01:48:53 PM,24731.6,0,0.0,104798575462.5
2025-08-01 01:48:53 PM,24731.6,75,1854870.0,104800430332.5
2025-08-01 01:48:54 PM,24725.0,0,0.0,104800430332.5
2025-08-01 01:48:54 PM,24725.0,75,1854375.0,104802284707.5
2025-08-01 01:48:55 PM,24732.8,0,0.0,104802284707.5
2025-08-01 01:48:56 PM,24732.8,300,7419840.0,104809704547.5
2025-08-01 01:48:59 PM,24725.1,0,0.0,104809704547.5
2025-08-01 01:49:00 PM,24725.1,75,1854382.5,104811558930.0
2025-08-01 01:49:01 PM,24725.2,0,0.0,104811558930.0
2025-08-01 01:49:01 PM,24725.2,75,1854390.0,104813413320.0
2025-08-01 01:49:06 PM,24728.0,150,3709200.0,104817122520.0
2025-08-01 01:49:12 PM,24725.0,0,0.0,104817122520.0
2025-08-01 01:49:13 PM,24725.0,150,3708750.0,104820831270.0
2025-08-01 01:49:20 PM,24725.1,0,0.0,104820831270.0
2025-08-01 01:49:21 PM,24725.1,75,1854382.5,104822685652.5
2025-08-01 01:49:32 PM,24728.0,75,1854600.0,104824540252.5
2025-08-01 01:49:32 PM,24725.4,0,0.0,104824540252.5
2025-08-01 01:49:33 PM,24725.4,75,1854405.0,104826394657.5
2025-08-01 01:49:40 PM,24728.0,75,1854600.0,104828249257.5
2025-08-01 01:49:46 PM,24725.4,0,0.0,104828249257.5
2025-08-01 01:49:46 PM,24725.4,75,1854405.0,104830103662.5
2025-08-01 01:49:56 PM,24726.0,0,0.0,104830103662.5
2025-08-01 01:49:56 PM,24726.0,75,1854450.0,104831958112.5
2025-08-01 01:49:58 PM,24727.3,0,0.0,104831958112.5
2025-08-01 01:49:59 PM,24727.3,75,1854547.5,104833812660.0
2025-08-01 01:50:00 PM,24725.4,0,0.0,104833812660.0
2025-08-01 01:50:00 PM,24725.4,75,1854405.0,104835667065.0
2025-08-01 01:50:00 PM,24728.0,0,0.0,104835667065.0
2025-08-01 01:50:01 PM,24728.0,150,3709200.0,104839376265.0
2025-08-01 01:50:02 PM,24728.4,0,0.0,104839376265.0
2025-08-01 01:50:02 PM,24728.4,75,1854630.0,104841230895.0
2025-08-01 01:50:10 PM,24725.0,0,0.0,104841230895.0
2025-08-01 01:50:11 PM,24725.0,450,11126250.0,104852357145.0
2025-08-01 01:50:11 PM,24720.0,0,0.0,104852357145.0
2025-08-01 01:50:11 PM,24725.2,0,0.0,104852357145.0
2025-08-01 01:50:11 PM,24725.2,150,3708780.0,104856065925.0
2025-08-01 01:50:15 PM,24727.0,0,0.0,104856065925.0
2025-08-01 01:50:15 PM,24727.0,300,7418100.0,104863484025.0
2025-08-01 01:50:17 PM,24727.0,75,1854525.0,104865338550.0
2025-08-01 01:50:18 PM,24725.0,0,0.0,104865338550.0
2025-08-01 01:50:19 PM,24725.0,75,1854375.0,104867192925.0
2025-08-01 01:50:20 PM,24721.6,0,0.0,104867192925.0
2025-08-01 01:50:20 PM,24721.6,75,1854120.0,104869047045.0
2025-08-01 01:50:23 PM,24725.0,0,0.0,104869047045.0
2025-08-01 01:50:23 PM,24725.0,75,1854375.0,104870901420.0
2025-08-01 01:50:23 PM,24721.7,0,0.0,104870901420.0
2025-08-01 01:50:24 PM,24720.5,450,11124225.0,104882025645.0
2025-08-01 01:50:26 PM,24720.1,0,0.0,104882025645.0
2025-08-01 01:50:26 PM,24720.1,75,1854007.5,104883879652.5
2025-08-01 01:50:28 PM,24720.4,0,0.0,104883879652.5
2025-08-01 01:50:29 PM,24720.4,75,1854030.0,104885733682.5
2025-08-01 01:50:29 PM,24721.6,0,0.0,104885733682.5
2025-08-01 01:50:30 PM,24721.6,75,1854120.0,104887587802.5
2025-08-01 01:50:37 PM,24721.6,75,1854120.0,104889441922.5
2025-08-01 01:50:38 PM,24721.6,75,1854120.0,104891296042.5
2025-08-01 01:50:43 PM,24723.5,0,0.0,104891296042.5
2025-08-01 01:50:44 PM,24723.5,150,3708525.0,104895004567.5
2025-08-01 01:50:46 PM,24720.0,0,0.0,104895004567.5
2025-08-01 01:50:46 PM,24720.0,225,5562000.0,104900566567.5
2025-08-01 01:50:51 PM,24720.0,75,1854000.0,104902420567.5
2025-08-01 01:50:52 PM,24721.6,0,0.0,104902420567.5
2025-08-01 01:50:53 PM,24721.6,75,1854120.0,104904274687.5
2025-08-01 01:50:57 PM,24720.0,0,0.0,104904274687.5
2025-08-01 01:50:58 PM,24720.0,75,1854000.0,104906128687.5
2025-08-01 01:51:03 PM,24720.0,150,3708000.0,104909836687.5
2025-08-01 01:51:04 PM,24720.0,75,1854000.0,104911690687.5
2025-08-01 01:51:05 PM,24720.0,75,1854000.0,104913544687.5
2025-08-01 01:51:05 PM,24718.0,75,1853850.0,104915398537.5
2025-08-01 01:51:06 PM,24718.9,0,0.0,104915398537.5
2025-08-01 01:51:07 PM,24718.9,75,1853917.5,104917252455.0
2025-08-01 01:51:08 PM,24718.9,75,1853917.5,104919106372.5
2025-08-01 01:51:10 PM,24718.9,75,1853917.5,104920960290.0
2025-08-01 01:51:16 PM,24718.9,75,1853917.5,104922814207.5
2025-08-01 01:51:21 PM,24718.9,75,1853917.5,104924668125.0
2025-08-01 01:51:22 PM,24721.1,0,0.0,104924668125.0
2025-08-01 01:51:22 PM,24721.1,150,3708165.0,104928376290.0
2025-08-01 01:51:35 PM,24720.6,0,0.0,104928376290.0
2025-08-01 01:51:35 PM,24720.7,0,0.0,104928376290.0
2025-08-01 01:51:35 PM,24720.7,225,5562157.5,104933938447.5
2025-08-01 01:51:36 PM,24721.0,0,0.0,104933938447.5
2025-08-01 01:51:36 PM,24721.9,150,3708285.0,104937646732.5
2025-08-01 01:51:43 PM,24718.0,0,0.0,104937646732.5
2025-08-01 01:51:43 PM,24715.0,300,7414500.0,104945061232.5
2025-08-01 01:51:45 PM,24720.5,0,0.0,104945061232.5
2025-08-01 01:51:45 PM,24720.5,150,3708075.0,104948769307.5
2025-08-01 01:51:58 PM,24720.0,0,0.0,104948769307.5
2025-08-01 01:51:58 PM,24720.0,75,1854000.0,104950623307.5
2025-08-01 01:52:02 PM,24718.5,0,0.0,104950623307.5
2025-08-01 01:52:02 PM,24718.5,225,5561662.5,104956184970.0
2025-08-01 01:52:06 PM,24716.8,75,1853760.0,104958038730.0
2025-08-01 01:52:10 PM,24718.8,0,0.0,104958038730.0
2025-08-01 01:52:10 PM,24718.8,75,1853910.0,104959892640.0
2025-08-01 01:52:18 PM,24720.0,0,0.0,104959892640.0
2025-08-01 01:52:18 PM,24720.0,75,1854000.0,104961746640.0
2025-08-01 01:52:20 PM,24718.8,0,0.0,104961746640.0
2025-08-01 01:52:20 PM,24718.8,75,1853910.0,104963600550.0
2025-08-01 01:52:29 PM,24718.0,0,0.0,104963600550.0
2025-08-01 01:52:29 PM,24719.9,0,0.0,104963600550.0
2025-08-01 01:52:30 PM,24719.9,150,3707985.0,104967308535.0
2025-08-01 01:52:34 PM,24720.0,0,0.0,104967308535.0
2025-08-01 01:52:35 PM,24720.0,75,1854000.0,104969162535.0
2025-08-01 01:52:37 PM,24719.0,0,0.0,104969162535.0
2025-08-01 01:52:37 PM,24719.0,75,1853925.0,104971016460.0
2025-08-01 01:52:40 PM,24720.6,0,0.0,104971016460.0
2025-08-01 01:52:41 PM,24719.3,0,0.0,104971016460.0
2025-08-01 01:52:41 PM,24719.3,225,5561842.5,104976578302.5
2025-08-01 01:52:42 PM,24718.9,0,0.0,104976578302.5
2025-08-01 01:52:42 PM,24718.9,75,1853917.5,104978432220.0
2025-08-01 01:52:49 PM,24725.0,0,0.0,104978432220.0
2025-08-01 01:52:50 PM,24725.0,75,1854375.0,104980286595.0
2025-08-01 01:52:50 PM,24721.4,0,0.0,104980286595.0
2025-08-01 01:52:50 PM,24721.4,150,3708210.0,104983994805.0
2025-08-01 01:52:51 PM,24721.5,0,0.0,104983994805.0
2025-08-01 01:52:51 PM,24721.5,75,1854112.5,104985848917.5
2025-08-01 01:52:53 PM,24725.0,0,0.0,104985848917.5
2025-08-01 01:52:54 PM,24725.0,300,7417500.0,104993266417.5
2025-08-01 01:52:55 PM,24725.0,150,3708750.0,104996975167.5
2025-08-01 01:52:59 PM,24725.0,150,3708750.0,105000683917.5
2025-08-01 01:53:15 PM,24725.0,75,1854375.0,105002538292.5
2025-08-01 01:53:20 PM,24725.0,150,3708750.0,105006247042.5
2025-08-01 01:53:21 PM,24723.5,0,0.0,105006247042.5
2025-08-01 01:53:21 PM,24723.5,75,1854262.5,105008101305.0
2025-08-01 01:53:33 PM,24722.4,0,0.0,105008101305.0
2025-08-01 01:53:33 PM,24722.4,75,1854180.0,105009955485.0
2025-08-01 01:53:46 PM,24720.8,0,0.0,105009955485.0
2025-08-01 01:53:46 PM,24720.8,75,1854060.0,105011809545.0
2025-08-01 01:53:47 PM,24722.0,0,0.0,105011809545.0
2025-08-01 01:53:48 PM,24722.0,150,3708300.0,105015517845.0
2025-08-01 01:53:49 PM,24722.0,150,3708300.0,105019226145.0
2025-08-01 01:53:55 PM,24722.0,150,3708300.0,105022934445.0
2025-08-01 01:53:56 PM,24720.0,0,0.0,105022934445.0
2025-08-01 01:53:56 PM,24720.0,75,1854000.0,105024788445.0
2025-08-01 01:54:00 PM,24720.0,75,1854000.0,105026642445.0
2025-08-01 01:54:07 PM,24718.0,0,0.0,105026642445.0
2025-08-01 01:54:07 PM,24718.0,75,1853850.0,105028496295.0
2025-08-01 01:54:10 PM,24718.0,75,1853850.0,105030350145.0
2025-08-01 01:54:13 PM,24722.0,0,0.0,105030350145.0
2025-08-01 01:54:13 PM,24722.0,75,1854150.0,105032204295.0
2025-08-01 01:54:18 PM,24722.0,75,1854150.0,105034058445.0
2025-08-01 01:54:23 PM,24722.0,75,1854150.0,105035912595.0
2025-08-01 01:54:31 PM,24718.0,0,0.0,105035912595.0
2025-08-01 01:54:31 PM,24718.0,75,1853850.0,105037766445.0
2025-08-01 01:54:37 PM,24717.2,0,0.0,105037766445.0
2025-08-01 01:54:38 PM,24717.2,300,7415160.0,105045181605.0
2025-08-01 01:54:45 PM,24719.6,0,0.0,105045181605.0
2025-08-01 01:54:45 PM,24719.6,150,3707940.0,105048889545.0
2025-08-01 01:54:51 PM,24717.9,0,0.0,105048889545.0
2025-08-01 01:54:51 PM,24717.9,75,1853842.5,105050743387.5
2025-08-01 01:54:52 PM,24719.6,0,0.0,105050743387.5
2025-08-01 01:54:53 PM,24719.6,75,1853970.0,105052597357.5
2025-08-01 01:54:55 PM,24719.6,150,3707940.0,105056305297.5
2025-08-01 01:54:59 PM,24722.3,0,0.0,105056305297.5
2025-08-01 01:54:59 PM,24722.4,0,0.0,105056305297.5
2025-08-01 01:55:00 PM,24722.4,525,12979260.0,105069284557.5
2025-08-01 01:55:02 PM,24721.7,0,0.0,105069284557.5
2025-08-01 01:55:03 PM,24721.7,75,1854127.5,105071138685.0
2025-08-01 01:55:06 PM,24725.0,0,0.0,105071138685.0
2025-08-01 01:55:06 PM,24725.0,75,1854375.0,105072993060.0
2025-08-01 01:55:11 PM,24725.0,75,1854375.0,105074847435.0
2025-08-01 01:55:12 PM,24725.0,75,1854375.0,105076701810.0
2025-08-01 01:55:14 PM,24725.0,75,1854375.0,105078556185.0
2025-08-01 01:55:14 PM,24726.0,0,0.0,105078556185.0
2025-08-01 01:55:15 PM,24726.0,300,7417800.0,105085973985.0
2025-08-01 01:55:19 PM,24727.9,0,0.0,105085973985.0
2025-08-01 01:55:20 PM,24727.9,75,1854592.5,105087828577.5
2025-08-01 01:55:21 PM,24728.0,0,0.0,105087828577.5
2025-08-01 01:55:21 PM,24728.0,375,9273000.0,105097101577.5
2025-08-01 01:55:23 PM,24728.3,0,0.0,105097101577.5
2025-08-01 01:55:23 PM,24728.3,225,5563867.5,105102665445.0
2025-08-01 01:55:25 PM,24723.4,0,0.0,105102665445.0
2025-08-01 01:55:25 PM,24723.4,300,7417020.0,105110082465.0
2025-08-01 01:55:26 PM,24726.8,0,0.0,105110082465.0
2025-08-01 01:55:26 PM,24726.8,75,1854510.0,105111936975.0
2025-08-01 01:55:29 PM,24725.0,0,0.0,105111936975.0
2025-08-01 01:55:30 PM,24725.0,75,1854375.0,105113791350.0
2025-08-01 01:55:30 PM,24721.0,0,0.0,105113791350.0
2025-08-01 01:55:30 PM,24721.0,75,1854075.0,105115645425.0
2025-08-01 01:55:42 PM,24722.7,0,0.0,105115645425.0
2025-08-01 01:55:42 PM,24722.7,75,1854202.5,105117499627.5
2025-08-01 01:55:47 PM,24720.0,0,0.0,105117499627.5
2025-08-01 01:55:47 PM,24719.6,150,3707940.0,105121207567.5
2025-08-01 01:55:50 PM,24719.6,75,1853970.0,105123061537.5
2025-08-01 01:55:50 PM,24715.4,0,0.0,105123061537.5
2025-08-01 01:55:51 PM,24715.8,0,0.0,105123061537.5
2025-08-01 01:55:51 PM,24715.8,150,3707370.0,105126768907.5
2025-08-01 01:55:54 PM,24716.0,0,0.0,105126768907.5
2025-08-01 01:55:55 PM,24716.0,75,1853700.0,105128622607.5
2025-08-01 01:56:02 PM,24715.8,0,0.0,105128622607.5
2025-08-01 01:56:03 PM,24719.4,0,0.0,105128622607.5
2025-08-01 01:56:03 PM,24719.4,150,3707910.0,105132330517.5
2025-08-01 01:56:05 PM,24715.1,0,0.0,105132330517.5
2025-08-01 01:56:06 PM,24715.1,75,1853632.5,105134184150.0
2025-08-01 01:56:08 PM,24718.9,0,0.0,105134184150.0
2025-08-01 01:56:08 PM,24718.9,75,1853917.5,105136038067.5
2025-08-01 01:56:13 PM,24715.0,0,0.0,105136038067.5
2025-08-01 01:56:13 PM,24715.0,525,12975375.0,105149013442.5
2025-08-01 01:56:16 PM,24712.5,0,0.0,105149013442.5
2025-08-01 01:56:17 PM,24712.5,525,12974062.5,105161987505.0
2025-08-01 01:56:17 PM,24712.7,0,0.0,105161987505.0
2025-08-01 01:56:18 PM,24715.0,0,0.0,105161987505.0
2025-08-01 01:56:18 PM,24715.0,975,24097125.0,105186084630.0
2025-08-01 01:56:19 PM,24716.0,0,0.0,105186084630.0
2025-08-01 01:56:19 PM,24714.5,0,0.0,105186084630.0
2025-08-01 01:56:19 PM,24714.5,975,24096637.5,105210181267.5
2025-08-01 01:56:21 PM,24713.6,0,0.0,105210181267.5
2025-08-01 01:56:21 PM,24713.6,75,1853520.0,105212034787.5
2025-08-01 01:56:23 PM,24713.1,75,1853482.5,105213888270.0
2025-08-01 01:56:25 PM,24712.6,0,0.0,105213888270.0
2025-08-01 01:56:25 PM,24712.6,75,1853445.0,105215741715.0
2025-08-01 01:56:25 PM,24712.9,0,0.0,105215741715.0
2025-08-01 01:56:26 PM,24713.0,0,0.0,105215741715.0
2025-08-01 01:56:26 PM,24713.0,825,20388225.0,105236129940.0
2025-08-01 01:56:27 PM,24713.7,975,24095857.5,105260225797.5
2025-08-01 01:56:29 PM,24715.0,0,0.0,105260225797.5
2025-08-01 01:56:30 PM,24715.0,75,1853625.0,105262079422.5
2025-08-01 01:56:39 PM,24716.0,0,0.0,105262079422.5
2025-08-01 01:56:40 PM,24716.0,75,1853700.0,105263933122.5
2025-08-01 01:56:40 PM,24712.6,0,0.0,105263933122.5
2025-08-01 01:56:41 PM,24712.6,450,11120670.0,105275053792.5
2025-08-01 01:56:47 PM,24715.0,0,0.0,105275053792.5
2025-08-01 01:56:48 PM,24715.0,75,1853625.0,105276907417.5
2025-08-01 01:56:50 PM,24715.0,75,1853625.0,105278761042.5
2025-08-01 01:56:50 PM,24715.0,300,7414500.0,105286175542.5
2025-08-01 01:56:51 PM,24713.0,0,0.0,105286175542.5
2025-08-01 01:56:51 PM,24713.0,75,1853475.0,105288029017.5
2025-08-01 01:56:53 PM,24712.6,0,0.0,105288029017.5
2025-08-01 01:56:53 PM,24712.6,150,3706890.0,105291735907.5
2025-08-01 01:56:55 PM,24715.9,0,0.0,105291735907.5
2025-08-01 01:56:56 PM,24715.9,150,3707385.0,105295443292.5
2025-08-01 01:57:04 PM,24713.7,0,0.0,105295443292.5
2025-08-01 01:57:05 PM,24714.1,525,12974902.5,105308418195.0
2025-08-01 01:57:06 PM,24712.0,0,0.0,105308418195.0
2025-08-01 01:57:07 PM,24712.0,75,1853400.0,105310271595.0
2025-08-01 01:57:12 PM,24714.0,0,0.0,105310271595.0
2025-08-01 01:57:13 PM,24714.0,75,1853550.0,105312125145.0
2025-08-01 01:57:17 PM,24711.0,0,0.0,105312125145.0
2025-08-01 01:57:18 PM,24711.0,300,7413300.0,105319538445.0
2025-08-01 01:57:19 PM,24710.0,0,0.0,105319538445.0
2025-08-01 01:57:20 PM,24710.0,225,5559750.0,105325098195.0
2025-08-01 01:57:20 PM,24713.0,0,0.0,105325098195.0
2025-08-01 01:57:20 PM,24713.0,600,14827800.0,105339925995.0
2025-08-01 01:57:21 PM,24711.0,0,0.0,105339925995.0
2025-08-01 01:57:21 PM,24711.0,75,1853325.0,105341779320.0
2025-08-01 01:57:22 PM,24710.9,450,11119905.0,105352899225.0
2025-08-01 01:57:22 PM,24710.8,0,0.0,105352899225.0
2025-08-01 01:57:23 PM,24710.8,225,5559930.0,105358459155.0
2025-08-01 01:57:23 PM,24713.0,0,0.0,105358459155.0
2025-08-01 01:57:23 PM,24713.0,75,1853475.0,105360312630.0
2025-08-01 01:57:30 PM,24713.0,75,1853475.0,105362166105.0
2025-08-01 01:57:32 PM,24712.5,0,0.0,105362166105.0
2025-08-01 01:57:33 PM,24710.1,0,0.0,105362166105.0
2025-08-01 01:57:33 PM,24710.1,150,3706515.0,105365872620.0
2025-08-01 01:57:37 PM,24710.8,0,0.0,105365872620.0
2025-08-01 01:57:38 PM,24710.8,150,3706620.0,105369579240.0
2025-08-01 01:57:45 PM,24711.5,0,0.0,105369579240.0
2025-08-01 01:57:45 PM,24711.5,375,9266812.5,105378846052.5
2025-08-01 01:57:48 PM,24711.5,300,7413450.0,105386259502.5
2025-08-01 01:57:49 PM,24712.5,0,0.0,105386259502.5
2025-08-01 01:57:50 PM,24712.5,750,18534375.0,105404793877.5
2025-08-01 01:57:52 PM,24711.8,0,0.0,105404793877.5
2025-08-01 01:57:53 PM,24711.2,0,0.0,105404793877.5
2025-08-01 01:57:53 PM,24711.2,150,3706680.0,105408500557.5
2025-08-01 01:57:56 PM,24712.5,150,3706875.0,105412207432.5
2025-08-01 01:58:02 PM,24711.2,0,0.0,105412207432.5
2025-08-01 01:58:03 PM,24712.0,0,0.0,105412207432.5
2025-08-01 01:58:03 PM,24712.0,300,7413600.0,105419621032.5
2025-08-01 01:58:05 PM,24712.0,75,1853400.0,105421474432.5
2025-08-01 01:58:11 PM,24712.5,0,0.0,105421474432.5
2025-08-01 01:58:11 PM,24712.5,225,5560312.5,105427034745.0
2025-08-01 01:58:22 PM,24711.2,0,0.0,105427034745.0
2025-08-01 01:58:22 PM,24711.2,150,3706680.0,105430741425.0
2025-08-01 01:58:23 PM,24711.2,150,3706680.0,105434448105.0
2025-08-01 01:58:23 PM,24711.5,150,3706725.0,105438154830.0
2025-08-01 01:58:24 PM,24710.0,0,0.0,105438154830.0
2025-08-01 01:58:25 PM,24710.0,225,5559750.0,105443714580.0
2025-08-01 01:58:26 PM,24710.0,300,7413000.0,105451127580.0
2025-08-01 01:58:29 PM,24709.3,0,0.0,105451127580.0
2025-08-01 01:58:29 PM,24709.3,150,3706395.0,105454833975.0
2025-08-01 01:58:31 PM,24709.3,75,1853197.5,105456687172.5
2025-08-01 01:58:33 PM,24709.0,0,0.0,105456687172.5
2025-08-01 01:58:33 PM,24709.0,1725,42623025.0,105499310197.5
2025-08-01 01:58:38 PM,24708.5,0,0.0,105499310197.5
2025-08-01 01:58:38 PM,24708.5,75,1853137.5,105501163335.0
2025-08-01 01:58:39 PM,24708.4,0,0.0,105501163335.0
2025-08-01 01:58:39 PM,24708.4,225,5559390.0,105506722725.0
2025-08-01 01:58:40 PM,24708.5,0,0.0,105506722725.0
2025-08-01 01:58:40 PM,24708.5,150,3706275.0,105510429000.0
2025-08-01 01:58:41 PM,24710.0,0,0.0,105510429000.0
2025-08-01 01:58:41 PM,24708.8,0,0.0,105510429000.0
2025-08-01 01:58:41 PM,24708.8,975,24091080.0,105534520080.0
2025-08-01 01:58:44 PM,24709.1,0,0.0,105534520080.0
2025-08-01 01:58:44 PM,24709.1,75,1853182.5,105536373262.5
2025-08-01 01:58:45 PM,24709.3,0,0.0,105536373262.5
2025-08-01 01:58:45 PM,24709.3,75,1853197.5,105538226460.0
2025-08-01 01:58:46 PM,24709.3,225,5559592.5,105543786052.5
2025-08-01 01:58:47 PM,24710.0,825,20385750.0,105564171802.5
2025-08-01 01:58:50 PM,24710.0,525,12972750.0,105577144552.5
2025-08-01 01:58:52 PM,24710.1,0,0.0,105577144552.5
2025-08-01 01:58:52 PM,24710.1,75,1853257.5,105578997810.0
2025-08-01 01:58:55 PM,24710.0,75,1853250.0,105580851060.0
2025-08-01 01:58:57 PM,24710.1,0,0.0,105580851060.0
2025-08-01 01:58:57 PM,24710.1,75,1853257.5,105582704317.5
2025-08-01 01:58:59 PM,24711.9,0,0.0,105582704317.5
2025-08-01 01:59:00 PM,24711.9,75,1853392.5,105584557710.0
2025-08-01 01:59:03 PM,24710.0,0,0.0,105584557710.0
2025-08-01 01:59:03 PM,24710.0,225,5559750.0,105590117460.0
2025-08-01 01:59:07 PM,24708.6,0,0.0,105590117460.0
2025-08-01 01:59:08 PM,24708.5,0,0.0,105590117460.0
2025-08-01 01:59:08 PM,24707.1,0,0.0,105590117460.0
2025-08-01 01:59:08 PM,24707.1,375,9265162.5,105599382622.5
2025-08-01 01:59:10 PM,24706.0,225,5558850.0,105604941472.5
2025-08-01 01:59:11 PM,24705.9,0,0.0,105604941472.5
2025-08-01 01:59:11 PM,24705.9,75,1852942.5,105606794415.0
2025-08-01 01:59:12 PM,24705.0,825,20381625.0,105627176040.0
2025-08-01 01:59:14 PM,24704.0,0,0.0,105627176040.0
2025-08-01 01:59:14 PM,24703.0,0,0.0,105627176040.0
2025-08-01 01:59:15 PM,24705.6,750,18529200.0,105645705240.0
2025-08-01 01:59:16 PM,24702.0,0,0.0,105645705240.0
2025-08-01 01:59:16 PM,24702.0,75,1852650.0,105647557890.0
2025-08-01 01:59:17 PM,24701.2,0,0.0,105647557890.0
2025-08-01 01:59:18 PM,24701.2,150,3705180.0,105651263070.0
2025-08-01 01:59:22 PM,24701.0,0,0.0,105651263070.0
2025-08-01 01:59:22 PM,24701.0,300,7410300.0,105658673370.0
2025-08-01 01:59:22 PM,24701.9,0,0.0,105658673370.0
2025-08-01 01:59:23 PM,24701.0,0,0.0,105658673370.0
2025-08-01 01:59:23 PM,24701.0,450,11115450.0,105669788820.0
2025-08-01 01:59:23 PM,24700.9,0,0.0,105669788820.0
2025-08-01 01:59:23 PM,24697.0,6150,151886550.0,105821675370.0
2025-08-01 01:59:24 PM,24695.0,0,0.0,105821675370.0
2025-08-01 01:59:25 PM,24695.0,1875,46303125.0,105867978495.0
2025-08-01 01:59:25 PM,24699.6,300,7409880.0,105875388375.0
2025-08-01 01:59:26 PM,24699.4,0,0.0,105875388375.0
2025-08-01 01:59:26 PM,24699.4,1575,38901555.0,105914289930.0
2025-08-01 01:59:27 PM,24699.5,375,9262312.5,105923552242.5
2025-08-01 01:59:27 PM,24699.2,0,0.0,105923552242.5
2025-08-01 01:59:28 PM,24695.0,0,0.0,105923552242.5
2025-08-01 01:59:28 PM,24695.0,1425,35190375.0,105958742617.5
2025-08-01 01:59:28 PM,24695.0,225,5556375.0,105964298992.5
2025-08-01 01:59:30 PM,24695.0,375,9260625.0,105973559617.5
2025-08-01 01:59:31 PM,24699.0,0,0.0,105973559617.5
2025-08-01 01:59:31 PM,24699.0,150,3704850.0,105977264467.5
2025-08-01 01:59:32 PM,24699.0,75,1852425.0,105979116892.5
2025-08-01 01:59:33 PM,24699.0,75,1852425.0,105980969317.5
2025-08-01 01:59:35 PM,24695.7,0,0.0,105980969317.5
2025-08-01 01:59:36 PM,24695.7,75,1852177.5,105982821495.0
2025-08-01 01:59:37 PM,24696.8,0,0.0,105982821495.0
2025-08-01 01:59:37 PM,24696.8,75,1852260.0,105984673755.0
2025-08-01 01:59:39 PM,24695.4,0,0.0,105984673755.0
2025-08-01 01:59:40 PM,24696.8,225,5556780.0,105990230535.0
2025-08-01 01:59:42 PM,24696.0,0,0.0,105990230535.0
2025-08-01 01:59:42 PM,24695.3,150,3704295.0,105993934830.0
2025-08-01 01:59:43 PM,24699.0,0,0.0,105993934830.0
2025-08-01 01:59:43 PM,24699.0,75,1852425.0,105995787255.0
2025-08-01 01:59:45 PM,24696.8,150,3704520.0,105999491775.0
2025-08-01 01:59:46 PM,24701.2,0,0.0,105999491775.0
2025-08-01 01:59:46 PM,24701.2,675,16673310.0,106016165085.0
2025-08-01 01:59:47 PM,24699.0,75,1852425.0,106018017510.0
2025-08-01 01:59:50 PM,24698.6,0,0.0,106018017510.0
2025-08-01 01:59:50 PM,24698.6,75,1852395.0,106019869905.0
2025-08-01 01:59:51 PM,24698.6,75,1852395.0,106021722300.0
2025-08-01 01:59:52 PM,24704.3,0,0.0,106021722300.0
2025-08-01 01:59:53 PM,24704.3,75,1852822.5,106023575122.5
2025-08-01 01:59:53 PM,24705.7,0,0.0,106023575122.5
2025-08-01 01:59:53 PM,24704.3,450,11116935.0,106034692057.5
2025-08-01 01:59:55 PM,24704.3,75,1852822.5,106036544880.0
2025-08-01 01:59:56 PM,24701.1,0,0.0,106036544880.0
2025-08-01 01:59:57 PM,24701.1,75,1852582.5,106038397462.5
2025-08-01 02:00:00 PM,24704.3,0,0.0,106038397462.5
2025-08-01 02:00:00 PM,24704.3,375,9264112.5,106047661575.0
2025-08-01 02:00:01 PM,24704.5,150,3705675.0,106051367250.0
2025-08-01 02:00:02 PM,24711.0,0,0.0,106051367250.0
2025-08-01 02:00:02 PM,24711.0,75,1853325.0,106053220575.0
2025-08-01 02:00:05 PM,24711.3,0,0.0,106053220575.0
2025-08-01 02:00:05 PM,24711.3,75,1853347.5,106055073922.5
2025-08-01 02:00:06 PM,24712.0,0,0.0,106055073922.5
2025-08-01 02:00:06 PM,24712.0,150,3706800.0,106058780722.5
2025-08-01 02:00:07 PM,24710.0,0,0.0,106058780722.5
2025-08-01 02:00:08 PM,24710.0,75,1853250.0,106060633972.5
2025-08-01 02:00:09 PM,24705.0,0,0.0,106060633972.5
2025-08-01 02:00:09 PM,24711.6,0,0.0,106060633972.5
2025-08-01 02:00:10 PM,24711.6,18075,446662170.0,106507296142.5
2025-08-01 02:00:10 PM,24715.0,0,0.0,106507296142.5
2025-08-01 02:00:11 PM,24716.2,0,0.0,106507296142.5
2025-08-01 02:00:11 PM,24716.4,1125,27805950.0,106535102092.5
2025-08-01 02:00:12 PM,24712.4,0,0.0,106535102092.5
2025-08-01 02:00:12 PM,24712.4,75,1853430.0,106536955522.5
2025-08-01 02:00:14 PM,24716.3,0,0.0,106536955522.5
2025-08-01 02:00:15 PM,24715.6,150,3707340.0,106540662862.5
2025-08-01 02:00:17 PM,24708.3,0,0.0,106540662862.5
2025-08-01 02:00:17 PM,24708.3,18000,444749400.0,106985412262.5
2025-08-01 02:00:18 PM,24709.4,0,0.0,106985412262.5
2025-08-01 02:00:18 PM,24709.4,900,22238460.0,107007650722.5
2025-08-01 02:00:23 PM,24715.6,0,0.0,107007650722.5
2025-08-01 02:00:23 PM,24715.6,300,7414680.0,107015065402.5
2025-08-01 02:00:24 PM,24715.5,0,0.0,107015065402.5
2025-08-01 02:00:25 PM,24715.5,75,1853662.5,107016919065.0
2025-08-01 02:00:25 PM,24708.1,0,0.0,107016919065.0
2025-08-01 02:00:26 PM,24708.1,14025,346531102.5,107363450167.5
2025-08-01 02:00:27 PM,24710.0,0,0.0,107363450167.5
2025-08-01 02:00:27 PM,24710.0,675,16679250.0,107380129417.5
2025-08-01 02:00:28 PM,24708.2,0,0.0,107380129417.5
2025-08-01 02:00:28 PM,24714.0,450,11121300.0,107391250717.5
2025-08-01 02:00:30 PM,24709.4,75,1853205.0,107393103922.5
2025-08-01 02:00:32 PM,24714.0,0,0.0,107393103922.5
2025-08-01 02:00:33 PM,24714.0,75,1853550.0,107394957472.5
2025-08-01 02:00:33 PM,24707.8,0,0.0,107394957472.5
2025-08-01 02:00:33 PM,24707.8,225,5559255.0,107400516727.5
2025-08-01 02:00:36 PM,24706.9,0,0.0,107400516727.5
2025-08-01 02:00:36 PM,24706.9,225,5559052.5,107406075780.0
2025-08-01 02:00:39 PM,24713.4,0,0.0,107406075780.0
2025-08-01 02:00:40 PM,24711.0,225,5559975.0,107411635755.0
2025-08-01 02:00:41 PM,24713.3,0,0.0,107411635755.0
2025-08-01 02:00:41 PM,24711.0,150,3706650.0,107415342405.0
2025-08-01 02:00:43 PM,24711.0,300,7413300.0,107422755705.0
2025-08-01 02:00:44 PM,24706.9,0,0.0,107422755705.0
2025-08-01 02:00:45 PM,24706.9,75,1853017.5,107424608722.5
2025-08-01 02:00:50 PM,24707.6,0,0.0,107424608722.5
2025-08-01 02:00:50 PM,24707.6,225,5559210.0,107430167932.5
2025-08-01 02:00:53 PM,24707.6,75,1853070.0,107432021002.5
2025-08-01 02:00:54 PM,24711.8,0,0.0,107432021002.5
2025-08-01 02:00:55 PM,24711.8,225,5560155.0,107437581157.5
2025-08-01 02:00:55 PM,24711.0,0,0.0,107437581157.5
2025-08-01 02:00:55 PM,24711.0,75,1853325.0,107439434482.5
2025-08-01 02:00:56 PM,24711.7,0,0.0,107439434482.5
2025-08-01 02:00:56 PM,24711.7,75,1853377.5,107441287860.0
2025-08-01 02:00:58 PM,24710.1,0,0.0,107441287860.0
2025-08-01 02:00:58 PM,24710.1,150,3706515.0,107444994375.0
2025-08-01 02:01:00 PM,24711.0,0,0.0,107444994375.0
2025-08-01 02:01:00 PM,24711.0,225,5559975.0,107450554350.0
2025-08-01 02:01:02 PM,24710.0,0,0.0,107450554350.0
2025-08-01 02:01:02 PM,24710.0,75,1853250.0,107452407600.0
2025-08-01 02:01:02 PM,24709.0,0,0.0,107452407600.0
2025-08-01 02:01:02 PM,24711.0,0,0.0,107452407600.0
2025-08-01 02:01:03 PM,24711.0,375,9266625.0,107461674225.0
2025-08-01 02:01:16 PM,24711.0,75,1853325.0,107463527550.0
2025-08-01 02:01:18 PM,24711.0,150,3706650.0,107467234200.0
2025-08-01 02:01:20 PM,24711.1,525,12973327.5,107480207527.5
2025-08-01 02:01:21 PM,24710.0,0,0.0,107480207527.5
2025-08-01 02:01:21 PM,24710.0,75,1853250.0,107482060777.5
2025-08-01 02:01:23 PM,24710.0,75,1853250.0,107483914027.5
2025-08-01 02:01:31 PM,24707.6,0,0.0,107483914027.5
2025-08-01 02:01:31 PM,24707.6,150,3706140.0,107487620167.5
2025-08-01 02:01:34 PM,24706.0,0,0.0,107487620167.5
2025-08-01 02:01:34 PM,24701.8,1950,48168510.0,107535788677.5
2025-08-01 02:01:35 PM,24707.4,75,1853055.0,107537641732.5
2025-08-01 02:01:39 PM,24706.1,75,1852957.5,107539494690.0
2025-08-01 02:01:42 PM,24707.4,0,0.0,107539494690.0
2025-08-01 02:01:43 PM,24707.4,75,1853055.0,107541347745.0
2025-08-01 02:01:44 PM,24707.4,150,3706110.0,107545053855.0
2025-08-01 02:01:45 PM,24708.9,150,3706335.0,107548760190.0
2025-08-01 02:01:46 PM,24705.2,0,0.0,107548760190.0
2025-08-01 02:01:46 PM,24705.2,75,1852890.0,107550613080.0
2025-08-01 02:01:47 PM,24704.6,0,0.0,107550613080.0
2025-08-01 02:01:48 PM,24704.6,1800,44468280.0,107595081360.0
2025-08-01 02:01:48 PM,24708.1,0,0.0,107595081360.0
2025-08-01 02:01:48 PM,24708.1,75,1853107.5,107596934467.5
2025-08-01 02:01:51 PM,24708.9,0,0.0,107596934467.5
2025-08-01 02:01:53 PM,24708.9,75,1853167.5,107598787635.0
2025-08-01 02:01:58 PM,24711.8,675,16680465.0,107615468100.0
2025-08-01 02:01:58 PM,24706.3,0,0.0,107615468100.0
2025-08-01 02:01:59 PM,24708.9,0,0.0,107615468100.0
2025-08-01 02:01:59 PM,24708.9,225,5559502.5,107621027602.5
2025-08-01 02:02:01 PM,24710.4,0,0.0,107621027602.5
2025-08-01 02:02:03 PM,24710.4,75,1853280.0,107622880882.5
2025-08-01 02:02:06 PM,24708.2,0,0.0,107622880882.5
2025-08-01 02:02:06 PM,24708.2,75,1853115.0,107624733997.5
2025-08-01 02:02:14 PM,24708.2,150,3706230.0,107628440227.5
2025-08-01 02:02:19 PM,24704.2,150,3705630.0,107632145857.5
2025-08-01 02:02:23 PM,24708.0,0,0.0,107632145857.5
2025-08-01 02:02:23 PM,24704.2,150,3705630.0,107635851487.5
2025-08-01 02:02:29 PM,24703.5,0,0.0,107635851487.5
2025-08-01 02:02:29 PM,24703.5,75,1852762.5,107637704250.0
2025-08-01 02:02:29 PM,24703.4,0,0.0,107637704250.0
2025-08-01 02:02:29 PM,24703.4,75,1852755.0,107639557005.0
2025-08-01 02:02:30 PM,24703.5,0,0.0,107639557005.0
2025-08-01 02:02:31 PM,24703.5,225,5558287.5,107645115292.5
2025-08-01 02:02:31 PM,24703.4,75,1852755.0,107646968047.5
2025-08-01 02:02:38 PM,24701.4,0,0.0,107646968047.5
2025-08-01 02:02:39 PM,24701.4,225,5557815.0,107652525862.5
2025-08-01 02:02:51 PM,24701.4,75,1852605.0,107654378467.5
2025-08-01 02:02:52 PM,24701.0,0,0.0,107654378467.5
2025-08-01 02:02:52 PM,24701.0,300,7410300.0,107661788767.5
2025-08-01 02:02:57 PM,24701.0,75,1852575.0,107663641342.5
2025-08-01 02:02:58 PM,24701.0,75,1852575.0,107665493917.5
2025-08-01 02:02:59 PM,24701.0,75,1852575.0,107667346492.5
2025-08-01 02:02:59 PM,24700.0,600,14820000.0,107682166492.5
2025-08-01 02:03:01 PM,24700.0,450,11115000.0,107693281492.5
2025-08-01 02:03:04 PM,24700.0,225,5557500.0,107698838992.5
2025-08-01 02:03:05 PM,24701.7,0,0.0,107698838992.5
2025-08-01 02:03:05 PM,24701.0,0,0.0,107698838992.5
2025-08-01 02:03:06 PM,24701.0,150,3705150.0,107702544142.5
2025-08-01 02:03:07 PM,24700.0,0,0.0,107702544142.5
2025-08-01 02:03:07 PM,24700.0,75,1852500.0,107704396642.5
2025-08-01 02:03:09 PM,24697.0,0,0.0,107704396642.5
2025-08-01 02:03:09 PM,24697.0,1800,44454600.0,107748851242.5
2025-08-01 02:03:10 PM,24700.0,0,0.0,107748851242.5
2025-08-01 02:03:11 PM,24700.0,75,1852500.0,107750703742.5
2025-08-01 02:03:12 PM,24700.8,0,0.0,107750703742.5
2025-08-01 02:03:12 PM,24700.8,75,1852560.0,107752556302.5
2025-08-01 02:03:13 PM,24700.0,0,0.0,107752556302.5
2025-08-01 02:03:13 PM,24700.0,75,1852500.0,107754408802.5
2025-08-01 02:03:16 PM,24700.0,75,1852500.0,107756261302.5
2025-08-01 02:03:19 PM,24700.0,75,1852500.0,107758113802.5
2025-08-01 02:03:24 PM,24700.0,150,3705000.0,107761818802.5
2025-08-01 02:03:25 PM,24700.8,0,0.0,107761818802.5
2025-08-01 02:03:26 PM,24700.8,75,1852560.0,107763671362.5
2025-08-01 02:03:27 PM,24700.8,150,3705120.0,107767376482.5
2025-08-01 02:03:28 PM,24702.4,0,0.0,107767376482.5
2025-08-01 02:03:28 PM,24702.4,300,7410720.0,107774787202.5
2025-08-01 02:03:30 PM,24702.5,0,0.0,107774787202.5
2025-08-01 02:03:30 PM,24703.4,0,0.0,107774787202.5
2025-08-01 02:03:31 PM,24703.4,150,3705510.0,107778492712.5
2025-08-01 02:03:34 PM,24702.4,0,0.0,107778492712.5
2025-08-01 02:03:34 PM,24700.0,0,0.0,107778492712.5
2025-08-01 02:03:34 PM,24700.0,300,7410000.0,107785902712.5
2025-08-01 02:03:34 PM,24702.0,0,0.0,107785902712.5
2025-08-01 02:03:35 PM,24702.0,300,7410600.0,107793313312.5
2025-08-01 02:03:35 PM,24701.8,0,0.0,107793313312.5
2025-08-01 02:03:36 PM,24700.0,750,18525000.0,107811838312.5
2025-08-01 02:03:45 PM,24700.0,75,1852500.0,107813690812.5
2025-08-01 02:03:46 PM,24697.3,0,0.0,107813690812.5
2025-08-01 02:03:46 PM,24697.3,75,1852297.5,107815543110.0
2025-08-01 02:03:48 PM,24700.0,0,0.0,107815543110.0
2025-08-01 02:03:49 PM,24700.0,150,3705000.0,107819248110.0
2025-08-01 02:03:51 PM,24697.3,0,0.0,107819248110.0
2025-08-01 02:03:51 PM,24697.3,225,5556892.5,107824805002.5
2025-08-01 02:03:52 PM,24700.0,0,0.0,107824805002.5
2025-08-01 02:03:52 PM,24700.0,75,1852500.0,107826657502.5
2025-08-01 02:03:53 PM,24696.4,0,0.0,107826657502.5
2025-08-01 02:03:54 PM,24700.0,0,0.0,107826657502.5
2025-08-01 02:03:54 PM,24700.0,2025,50017500.0,107876675002.5
2025-08-01 02:03:56 PM,24695.8,0,0.0,107876675002.5
2025-08-01 02:03:56 PM,24695.8,1125,27782775.0,107904457777.5
2025-08-01 02:03:59 PM,24702.0,0,0.0,107904457777.5
2025-08-01 02:03:59 PM,24702.0,600,14821200.0,107919278977.5
2025-08-01 02:04:00 PM,24700.0,0,0.0,107919278977.5
2025-08-01 02:04:01 PM,24701.7,225,5557882.5,107924836860.0
2025-08-01 02:04:01 PM,24700.0,0,0.0,107924836860.0
2025-08-01 02:04:01 PM,24700.0,225,5557500.0,107930394360.0
2025-08-01 02:04:06 PM,24698.9,0,0.0,107930394360.0
2025-08-01 02:04:07 PM,24698.9,150,3704835.0,107934099195.0
2025-08-01 02:04:14 PM,24695.0,0,0.0,107934099195.0
2025-08-01 02:04:14 PM,24695.0,825,20373375.0,107954472570.0
2025-08-01 02:04:14 PM,24695.3,0,0.0,107954472570.0
2025-08-01 02:04:14 PM,24695.3,150,3704295.0,107958176865.0
2025-08-01 02:04:16 PM,24700.0,0,0.0,107958176865.0
2025-08-01 02:04:16 PM,24695.0,675,16669125.0,107974845990.0
2025-08-01 02:04:17 PM,24695.0,150,3704250.0,107978550240.0
2025-08-01 02:04:18 PM,24695.2,0,0.0,107978550240.0
2025-08-01 02:04:19 PM,24695.2,225,5556420.0,107984106660.0
2025-08-01 02:04:21 PM,24695.0,0,0.0,107984106660.0
2025-08-01 02:04:22 PM,24695.2,0,0.0,107984106660.0
2025-08-01 02:04:22 PM,24695.2,225,5556420.0,107989663080.0
2025-08-01 02:04:25 PM,24695.0,0,0.0,107989663080.0
2025-08-01 02:04:25 PM,24695.0,75,1852125.0,107991515205.0
2025-08-01 02:04:26 PM,24695.0,75,1852125.0,107993367330.0
2025-08-01 02:04:26 PM,24695.1,0,0.0,107993367330.0
2025-08-01 02:04:27 PM,24695.1,3075,75937432.5,108069304762.5
2025-08-01 02:04:28 PM,24700.0,0,0.0,108069304762.5
2025-08-01 02:04:28 PM,24700.0,375,9262500.0,108078567262.5
2025-08-01 02:04:29 PM,24699.5,0,0.0,108078567262.5
2025-08-01 02:04:29 PM,24699.5,75,1852462.5,108080419725.0
2025-08-01 02:04:44 PM,24700.0,0,0.0,108080419725.0
2025-08-01 02:04:44 PM,24700.0,375,9262500.0,108089682225.0
2025-08-01 02:04:47 PM,24702.0,0,0.0,108089682225.0
2025-08-01 02:04:47 PM,24702.0,75,1852650.0,108091534875.0
2025-08-01 02:04:48 PM,24700.5,75,1852537.5,108093387412.5
2025-08-01 02:04:48 PM,24702.0,0,0.0,108093387412.5
2025-08-01 02:04:49 PM,24702.0,225,5557950.0,108098945362.5
2025-08-01 02:04:52 PM,24705.0,0,0.0,108098945362.5
2025-08-01 02:04:52 PM,24705.0,75,1852875.0,108100798237.5
2025-08-01 02:04:54 PM,24705.0,150,3705750.0,108104503987.5
2025-08-01 02:04:56 PM,24705.0,150,3705750.0,108108209737.5
2025-08-01 02:04:57 PM,24702.1,0,0.0,108108209737.5
2025-08-01 02:04:57 PM,24702.1,75,1852657.5,108110062395.0
2025-08-01 02:05:00 PM,24703.1,75,1852732.5,108111915127.5
2025-08-01 02:05:04 PM,24705.0,0,0.0,108111915127.5
2025-08-01 02:05:04 PM,24705.0,75,1852875.0,108113768002.5
2025-08-01 02:05:06 PM,24707.0,0,0.0,108113768002.5
2025-08-01 02:05:06 PM,24709.0,225,5559525.0,108119327527.5
2025-08-01 02:05:08 PM,24705.1,0,0.0,108119327527.5
2025-08-01 02:05:09 PM,24705.1,75,1852882.5,108121180410.0
2025-08-01 02:05:13 PM,24709.0,0,0.0,108121180410.0
2025-08-01 02:05:13 PM,24709.0,225,5559525.0,108126739935.0
2025-08-01 02:05:15 PM,24709.0,75,1853175.0,108128593110.0
2025-08-01 02:05:15 PM,24709.0,525,12972225.0,108141565335.0
2025-08-01 02:05:19 PM,24710.0,0,0.0,108141565335.0
2025-08-01 02:05:19 PM,24710.0,1275,31505250.0,108173070585.0
2025-08-01 02:05:20 PM,24709.7,0,0.0,108173070585.0
2025-08-01 02:05:21 PM,24709.7,75,1853227.5,108174923812.5
2025-08-01 02:05:21 PM,24709.6,0,0.0,108174923812.5
2025-08-01 02:05:21 PM,24709.6,75,1853220.0,108176777032.5
2025-08-01 02:05:23 PM,24705.3,0,0.0,108176777032.5
2025-08-01 02:05:24 PM,24705.3,150,3705795.0,108180482827.5
2025-08-01 02:05:26 PM,24709.1,0,0.0,108180482827.5
2025-08-01 02:05:26 PM,24705.1,225,5558647.5,108186041475.0
2025-08-01 02:05:27 PM,24705.0,0,0.0,108186041475.0
2025-08-01 02:05:28 PM,24705.0,225,5558625.0,108191600100.0
2025-08-01 02:05:32 PM,24709.6,0,0.0,108191600100.0
2025-08-01 02:05:32 PM,24709.6,150,3706440.0,108195306540.0
2025-08-01 02:05:37 PM,24709.6,75,1853220.0,108197159760.0
2025-08-01 02:05:39 PM,24709.6,75,1853220.0,108199012980.0
2025-08-01 02:05:44 PM,24705.8,0,0.0,108199012980.0
2025-08-01 02:05:44 PM,24705.8,75,1852935.0,108200865915.0
2025-08-01 02:05:46 PM,24709.6,0,0.0,108200865915.0
2025-08-01 02:05:46 PM,24709.6,75,1853220.0,108202719135.0
2025-08-01 02:05:56 PM,24706.0,0,0.0,108202719135.0
2025-08-01 02:05:56 PM,24706.0,75,1852950.0,108204572085.0
2025-08-01 02:06:00 PM,24708.6,0,0.0,108204572085.0
2025-08-01 02:06:01 PM,24708.6,75,1853145.0,108206425230.0
2025-08-01 02:06:01 PM,24709.2,0,0.0,108206425230.0
2025-08-01 02:06:01 PM,24709.2,75,1853190.0,108208278420.0
2025-08-01 02:06:05 PM,24706.6,0,0.0,108208278420.0
2025-08-01 02:06:06 PM,24706.6,75,1852995.0,108210131415.0
2025-08-01 02:06:07 PM,24709.0,0,0.0,108210131415.0
2025-08-01 02:06:07 PM,24709.0,150,3706350.0,108213837765.0
2025-08-01 02:06:08 PM,24709.0,225,5559525.0,108219397290.0
2025-08-01 02:06:08 PM,24706.6,0,0.0,108219397290.0
2025-08-01 02:06:09 PM,24707.3,375,9265237.5,108228662527.5
2025-08-01 02:06:13 PM,24705.3,0,0.0,108228662527.5
2025-08-01 02:06:14 PM,24705.3,900,22234770.0,108250897297.5
2025-08-01 02:06:14 PM,24705.0,0,0.0,108250897297.5
2025-08-01 02:06:14 PM,24705.0,150,3705750.0,108254603047.5
2025-08-01 02:06:16 PM,24705.0,75,1852875.0,108256455922.5
2025-08-01 02:06:21 PM,24706.0,0,0.0,108256455922.5
2025-08-01 02:06:22 PM,24706.0,75,1852950.0,108258308872.5
2025-08-01 02:06:24 PM,24705.1,0,0.0,108258308872.5
2025-08-01 02:06:24 PM,24705.1,75,1852882.5,108260161755.0
2025-08-01 02:06:28 PM,24709.0,150,3706350.0,108263868105.0
2025-08-01 02:06:29 PM,24706.0,0,0.0,108263868105.0
2025-08-01 02:06:29 PM,24708.6,0,0.0,108263868105.0
2025-08-01 02:06:29 PM,24708.6,150,3706290.0,108267574395.0
2025-08-01 02:06:33 PM,24708.0,0,0.0,108267574395.0
2025-08-01 02:06:33 PM,24705.1,0,0.0,108267574395.0
2025-08-01 02:06:34 PM,24705.0,0,0.0,108267574395.0
2025-08-01 02:06:34 PM,24705.0,300,7411500.0,108274985895.0
2025-08-01 02:06:39 PM,24708.6,0,0.0,108274985895.0
2025-08-01 02:06:39 PM,24709.0,0,0.0,108274985895.0
2025-08-01 02:06:39 PM,24709.0,225,5559525.0,108280545420.0
2025-08-01 02:06:44 PM,24710.0,0,0.0,108280545420.0
2025-08-01 02:06:44 PM,24710.0,375,9266250.0,108289811670.0
2025-08-01 02:06:48 PM,24711.0,0,0.0,108289811670.0
2025-08-01 02:06:49 PM,24711.0,75,1853325.0,108291664995.0
2025-08-01 02:06:49 PM,24711.4,0,0.0,108291664995.0
2025-08-01 02:06:49 PM,24711.4,525,12973485.0,108304638480.0
2025-08-01 02:06:50 PM,24712.1,0,0.0,108304638480.0
2025-08-01 02:06:51 PM,24712.1,1650,40774965.0,108345413445.0
2025-08-01 02:06:51 PM,24711.9,0,0.0,108345413445.0
2025-08-01 02:06:51 PM,24711.9,75,1853392.5,108347266837.5
2025-08-01 02:06:55 PM,24710.0,0,0.0,108347266837.5
2025-08-01 02:06:56 PM,24710.0,150,3706500.0,108350973337.5
2025-08-01 02:06:58 PM,24706.9,0,0.0,108350973337.5
2025-08-01 02:06:59 PM,24706.9,150,3706035.0,108354679372.5
2025-08-01 02:07:00 PM,24706.2,0,0.0,108354679372.5
2025-08-01 02:07:01 PM,24706.2,75,1852965.0,108356532337.5
2025-08-01 02:07:04 PM,24706.2,75,1852965.0,108358385302.5
2025-08-01 02:07:04 PM,24706.2,75,1852965.0,108360238267.5
2025-08-01 02:07:06 PM,24706.2,150,3705930.0,108363944197.5
2025-08-01 02:07:09 PM,24706.2,375,9264825.0,108373209022.5
2025-08-01 02:07:09 PM,24706.9,0,0.0,108373209022.5
2025-08-01 02:07:10 PM,24706.9,825,20383192.5,108393592215.0
2025-08-01 02:07:12 PM,24706.9,75,1853017.5,108395445232.5
2025-08-01 02:07:13 PM,24706.0,0,0.0,108395445232.5
2025-08-01 02:07:13 PM,24706.0,675,16676550.0,108412121782.5
2025-08-01 02:07:18 PM,24705.0,0,0.0,108412121782.5
2025-08-01 02:07:19 PM,24705.0,375,9264375.0,108421386157.5
2025-08-01 02:07:20 PM,24705.0,225,5558625.0,108426944782.5
2025-08-01 02:07:22 PM,24705.0,75,1852875.0,108428797657.5
2025-08-01 02:07:24 PM,24705.0,150,3705750.0,108432503407.5
2025-08-01 02:07:26 PM,24705.0,75,1852875.0,108434356282.5
2025-08-01 02:07:26 PM,24703.4,0,0.0,108434356282.5
2025-08-01 02:07:27 PM,24705.0,0,0.0,108434356282.5
2025-08-01 02:07:27 PM,24705.0,375,9264375.0,108443620657.5
2025-08-01 02:07:28 PM,24702.0,0,0.0,108443620657.5
2025-08-01 02:07:29 PM,24701.0,225,5557725.0,108449178382.5
2025-08-01 02:07:29 PM,24704.9,0,0.0,108449178382.5
2025-08-01 02:07:29 PM,24704.9,75,1852867.5,108451031250.0
2025-08-01 02:07:31 PM,24701.0,0,0.0,108451031250.0
2025-08-01 02:07:32 PM,24701.0,75,1852575.0,108452883825.0
2025-08-01 02:07:34 PM,24701.0,75,1852575.0,108454736400.0
2025-08-01 02:07:35 PM,24701.0,75,1852575.0,108456588975.0
2025-08-01 02:07:36 PM,24701.0,825,20378325.0,108476967300.0
2025-08-01 02:07:37 PM,24700.0,0,0.0,108476967300.0
2025-08-01 02:07:38 PM,24700.0,75,1852500.0,108478819800.0
2025-08-01 02:07:40 PM,24701.0,0,0.0,108478819800.0
2025-08-01 02:07:41 PM,24701.8,750,18526350.0,108497346150.0
2025-08-01 02:07:42 PM,24701.0,75,1852575.0,108499198725.0
2025-08-01 02:07:56 PM,24700.0,0,0.0,108499198725.0
2025-08-01 02:07:56 PM,24699.9,0,0.0,108499198725.0
2025-08-01 02:07:57 PM,24699.9,150,3704985.0,108502903710.0
2025-08-01 02:07:57 PM,24701.8,150,3705270.0,108506608980.0
2025-08-01 02:07:59 PM,24701.0,0,0.0,108506608980.0
2025-08-01 02:08:00 PM,24701.0,75,1852575.0,108508461555.0
2025-08-01 02:08:01 PM,24700.0,0,0.0,108508461555.0
2025-08-01 02:08:01 PM,24701.8,0,0.0,108508461555.0
2025-08-01 02:08:02 PM,24701.8,225,5557905.0,108514019460.0
2025-08-01 02:08:03 PM,24701.8,75,1852635.0,108515872095.0
2025-08-01 02:08:06 PM,24701.5,75,1852612.5,108517724707.5
2025-08-01 02:08:09 PM,24700.0,0,0.0,108517724707.5
2025-08-01 02:08:10 PM,24700.0,75,1852500.0,108519577207.5
2025-08-01 02:08:12 PM,24701.5,75,1852612.5,108521429820.0
2025-08-01 02:08:15 PM,24701.5,75,1852612.5,108523282432.5
2025-08-01 02:08:20 PM,24701.5,75,1852612.5,108525135045.0
2025-08-01 02:08:21 PM,24702.0,0,0.0,108525135045.0
2025-08-01 02:08:21 PM,24702.0,750,18526500.0,108543661545.0
2025-08-01 02:08:22 PM,24702.8,0,0.0,108543661545.0
2025-08-01 02:08:23 PM,24702.8,1200,29643360.0,108573304905.0
2025-08-01 02:08:23 PM,24702.0,375,9263250.0,108582568155.0
2025-08-01 02:08:25 PM,24702.0,300,7410600.0,108589978755.0
2025-08-01 02:08:27 PM,24703.1,0,0.0,108589978755.0
2025-08-01 02:08:28 PM,24703.6,0,0.0,108589978755.0
2025-08-01 02:08:28 PM,24703.6,375,9263850.0,108599242605.0
2025-08-01 02:08:29 PM,24702.2,0,0.0,108599242605.0
2025-08-01 02:08:29 PM,24702.2,75,1852665.0,108601095270.0
2025-08-01 02:08:31 PM,24702.0,0,0.0,108601095270.0
2025-08-01 02:08:32 PM,24700.0,750,18525000.0,108619620270.0
2025-08-01 02:08:35 PM,24699.0,0,0.0,108619620270.0
2025-08-01 02:08:35 PM,24699.0,225,5557275.0,108625177545.0
2025-08-01 02:08:39 PM,24703.9,0,0.0,108625177545.0
2025-08-01 02:08:39 PM,24703.9,225,5558377.5,108630735922.5
2025-08-01 02:08:43 PM,24698.6,0,0.0,108630735922.5
2025-08-01 02:08:43 PM,24698.6,75,1852395.0,108632588317.5
2025-08-01 02:08:46 PM,24699.0,0,0.0,108632588317.5
2025-08-01 02:08:46 PM,24698.9,600,14819340.0,108647407657.5
2025-08-01 02:08:48 PM,24703.5,0,0.0,108647407657.5
2025-08-01 02:08:48 PM,24703.5,150,3705525.0,108651113182.5
2025-08-01 02:08:52 PM,24703.5,75,1852762.5,108652965945.0
2025-08-01 02:08:53 PM,24698.7,0,0.0,108652965945.0
2025-08-01 02:08:53 PM,24698.7,75,1852402.5,108654818347.5
2025-08-01 02:08:59 PM,24700.1,0,0.0,108654818347.5
2025-08-01 02:08:59 PM,24700.1,75,1852507.5,108656670855.0
2025-08-01 02:09:00 PM,24703.0,0,0.0,108656670855.0
2025-08-01 02:09:00 PM,24697.6,2250,55569600.0,108712240455.0
2025-08-01 02:09:03 PM,24698.7,0,0.0,108712240455.0
2025-08-01 02:09:04 PM,24698.7,75,1852402.5,108714092857.5
2025-08-01 02:09:05 PM,24703.0,0,0.0,108714092857.5
2025-08-01 02:09:06 PM,24703.0,75,1852725.0,108715945582.5
2025-08-01 02:09:12 PM,24698.2,0,0.0,108715945582.5
2025-08-01 02:09:12 PM,24698.2,75,1852365.0,108717797947.5
2025-08-01 02:09:14 PM,24703.0,0,0.0,108717797947.5
2025-08-01 02:09:14 PM,24703.0,75,1852725.0,108719650672.5
2025-08-01 02:09:22 PM,24699.1,0,0.0,108719650672.5
2025-08-01 02:09:23 PM,24699.1,75,1852432.5,108721503105.0
2025-08-01 02:09:34 PM,24700.1,0,0.0,108721503105.0
2025-08-01 02:09:34 PM,24700.1,300,7410030.0,108728913135.0
2025-08-01 02:09:39 PM,24701.5,0,0.0,108728913135.0
2025-08-01 02:09:39 PM,24701.5,225,5557837.5,108734470972.5
2025-08-01 02:09:40 PM,24700.1,0,0.0,108734470972.5
2025-08-01 02:09:40 PM,24701.4,0,0.0,108734470972.5
2025-08-01 02:09:40 PM,24701.4,150,3705210.0,108738176182.5
2025-08-01 02:09:42 PM,24701.4,75,1852605.0,108740028787.5
2025-08-01 02:09:42 PM,24701.4,225,5557815.0,108745586602.5
2025-08-01 02:09:46 PM,24701.0,0,0.0,108745586602.5
2025-08-01 02:09:46 PM,24699.8,0,0.0,108745586602.5
2025-08-01 02:09:47 PM,24699.8,375,9262425.0,108754849027.5
2025-08-01 02:09:52 PM,24699.8,75,1852485.0,108756701512.5
2025-08-01 02:09:52 PM,24700.0,0,0.0,108756701512.5
2025-08-01 02:09:53 PM,24700.0,750,18525000.0,108775226512.5
2025-08-01 02:09:55 PM,24699.8,0,0.0,108775226512.5
2025-08-01 02:09:56 PM,24699.8,150,3704970.0,108778931482.5
2025-08-01 02:09:57 PM,24700.0,0,0.0,108778931482.5
2025-08-01 02:09:57 PM,24700.0,75,1852500.0,108780783982.5
2025-08-01 02:09:57 PM,24699.2,0,0.0,108780783982.5
2025-08-01 02:09:58 PM,24700.0,0,0.0,108780783982.5
2025-08-01 02:09:58 PM,24700.0,150,3705000.0,108784488982.5
2025-08-01 02:09:59 PM,24699.6,75,1852470.0,108786341452.5
2025-08-01 02:09:59 PM,24700.0,0,0.0,108786341452.5
2025-08-01 02:10:00 PM,24701.0,1200,29641200.0,108815982652.5
2025-08-01 02:10:00 PM,24699.1,75,1852432.5,108817835085.0
2025-08-01 02:10:01 PM,24700.0,0,0.0,108817835085.0
2025-08-01 02:10:01 PM,24699.0,150,3704850.0,108821539935.0
2025-08-01 02:10:04 PM,24700.0,0,0.0,108821539935.0
2025-08-01 02:10:04 PM,24700.0,300,7410000.0,108828949935.0
2025-08-01 02:10:07 PM,24700.0,75,1852500.0,108830802435.0
2025-08-01 02:10:12 PM,24699.9,0,0.0,108830802435.0
2025-08-01 02:10:12 PM,24699.9,75,1852492.5,108832654927.5
2025-08-01 02:10:18 PM,24699.0,0,0.0,108832654927.5
2025-08-01 02:10:18 PM,24699.0,75,1852425.0,108834507352.5
2025-08-01 02:10:22 PM,24699.5,0,0.0,108834507352.5
2025-08-01 02:10:23 PM,24699.5,75,1852462.5,108836359815.0
2025-08-01 02:10:23 PM,24699.5,150,3704925.0,108840064740.0
2025-08-01 02:10:24 PM,24699.0,0,0.0,108840064740.0
2025-08-01 02:10:24 PM,24699.9,0,0.0,108840064740.0
2025-08-01 02:10:25 PM,24700.0,1125,27787500.0,108867852240.0
2025-08-01 02:10:27 PM,24699.9,0,0.0,108867852240.0
2025-08-01 02:10:27 PM,24700.0,225,5557500.0,108873409740.0
2025-08-01 02:10:28 PM,24701.2,3750,92629500.0,108966039240.0
2025-08-01 02:10:30 PM,24701.5,0,0.0,108966039240.0
2025-08-01 02:10:30 PM,24701.5,75,1852612.5,108967891852.5
2025-08-01 02:10:33 PM,24701.0,0,0.0,108967891852.5
2025-08-01 02:10:33 PM,24701.0,150,3705150.0,108971597002.5
2025-08-01 02:10:35 PM,24701.0,1050,25936050.0,108997533052.5
2025-08-01 02:10:36 PM,24701.0,300,7410300.0,109004943352.5
2025-08-01 02:10:37 PM,24701.0,525,12968025.0,109017911377.5
2025-08-01 02:10:38 PM,24701.0,375,9262875.0,109027174252.5
2025-08-01 02:10:39 PM,24700.9,0,0.0,109027174252.5
2025-08-01 02:10:40 PM,24701.0,600,14820600.0,109041994852.5
2025-08-01 02:10:40 PM,24701.0,75,1852575.0,109043847427.5
2025-08-01 02:10:41 PM,24701.0,75,1852575.0,109045700002.5
2025-08-01 02:10:43 PM,24701.0,75,1852575.0,109047552577.5
2025-08-01 02:10:45 PM,24701.0,750,18525750.0,109066078327.5
2025-08-01 02:10:45 PM,24701.0,75,1852575.0,109067930902.5
2025-08-01 02:10:46 PM,24701.0,300,7410300.0,109075341202.5
2025-08-01 02:10:47 PM,24701.3,0,0.0,109075341202.5
2025-08-01 02:10:48 PM,24704.0,1425,35203200.0,109110544402.5
2025-08-01 02:10:49 PM,24704.5,0,0.0,109110544402.5
2025-08-01 02:10:50 PM,24704.5,600,14822700.0,109125367102.5
2025-08-01 02:10:52 PM,24701.9,0,0.0,109125367102.5
2025-08-01 02:10:52 PM,24704.5,225,5558512.5,109130925615.0
2025-08-01 02:10:53 PM,24704.5,750,18528375.0,109149453990.0
2025-08-01 02:10:58 PM,24704.5,75,1852837.5,109151306827.5
2025-08-01 02:11:00 PM,24704.5,75,1852837.5,109153159665.0
2025-08-01 02:11:02 PM,24705.0,0,0.0,109153159665.0
2025-08-01 02:11:03 PM,24705.5,3075,75969412.5,109229129077.5
2025-08-01 02:11:03 PM,24706.7,0,0.0,109229129077.5
2025-08-01 02:11:03 PM,24710.0,0,0.0,109229129077.5
2025-08-01 02:11:03 PM,24710.0,675,16679250.0,109245808327.5
2025-08-01 02:11:05 PM,24710.0,75,1853250.0,109247661577.5
2025-08-01 02:11:05 PM,24710.0,75,1853250.0,109249514827.5
2025-08-01 02:11:06 PM,24711.0,0,0.0,109249514827.5
2025-08-01 02:11:06 PM,24711.0,150,3706650.0,109253221477.5
2025-08-01 02:11:09 PM,24713.7,0,0.0,109253221477.5
2025-08-01 02:11:10 PM,24714.8,0,0.0,109253221477.5
2025-08-01 02:11:10 PM,24714.8,225,5560830.0,109258782307.5
2025-08-01 02:11:10 PM,24719.0,0,0.0,109258782307.5
2025-08-01 02:11:10 PM,24719.0,225,5561775.0,109264344082.5
2025-08-01 02:11:10 PM,24713.9,0,0.0,109264344082.5
2025-08-01 02:11:11 PM,24713.9,300,7414170.0,109271758252.5
2025-08-01 02:11:12 PM,24715.5,0,0.0,109271758252.5
2025-08-01 02:11:12 PM,24715.5,75,1853662.5,109273611915.0
2025-08-01 02:11:12 PM,24719.6,0,0.0,109273611915.0
2025-08-01 02:11:12 PM,24716.0,0,0.0,109273611915.0
2025-08-01 02:11:13 PM,24716.0,375,9268500.0,109282880415.0
2025-08-01 02:11:15 PM,24718.0,75,1853850.0,109284734265.0
2025-08-01 02:11:15 PM,24718.1,0,0.0,109284734265.0
2025-08-01 02:11:16 PM,24718.1,75,1853857.5,109286588122.5
2025-08-01 02:11:16 PM,24715.0,0,0.0,109286588122.5
2025-08-01 02:11:17 PM,24715.3,300,7414590.0,109294002712.5
2025-08-01 02:11:17 PM,24715.0,0,0.0,109294002712.5
2025-08-01 02:11:18 PM,24715.0,150,3707250.0,109297709962.5
2025-08-01 02:11:21 PM,24712.1,0,0.0,109297709962.5
2025-08-01 02:11:21 PM,24712.1,75,1853407.5,109299563370.0
2025-08-01 02:11:22 PM,24718.2,0,0.0,109299563370.0
2025-08-01 02:11:22 PM,24718.2,525,12977055.0,109312540425.0
2025-08-01 02:11:29 PM,24712.2,0,0.0,109312540425.0
2025-08-01 02:11:29 PM,24715.3,0,0.0,109312540425.0
2025-08-01 02:11:29 PM,24715.3,150,3707295.0,109316247720.0
2025-08-01 02:11:31 PM,24715.3,75,1853647.5,109318101367.5
2025-08-01 02:11:32 PM,24712.2,0,0.0,109318101367.5
2025-08-01 02:11:32 PM,24712.2,75,1853415.0,109319954782.5
2025-08-01 02:11:32 PM,24715.3,0,0.0,109319954782.5
2025-08-01 02:11:33 PM,24715.3,150,3707295.0,109323662077.5
2025-08-01 02:11:36 PM,24715.0,0,0.0,109323662077.5
2025-08-01 02:11:36 PM,24715.0,75,1853625.0,109325515702.5
2025-08-01 02:11:38 PM,24713.0,0,0.0,109325515702.5
2025-08-01 02:11:38 PM,24713.0,75,1853475.0,109327369177.5
2025-08-01 02:11:43 PM,24717.0,0,0.0,109327369177.5
2025-08-01 02:11:44 PM,24717.0,75,1853775.0,109329222952.5
2025-08-01 02:11:44 PM,24715.3,0,0.0,109329222952.5
2025-08-01 02:11:44 PM,24715.3,75,1853647.5,109331076600.0
2025-08-01 02:11:46 PM,24717.0,0,0.0,109331076600.0
2025-08-01 02:11:46 PM,24717.2,300,7415160.0,109338491760.0
2025-08-01 02:11:47 PM,24717.3,0,0.0,109338491760.0
2025-08-01 02:11:48 PM,24717.3,75,1853797.5,109340345557.5
2025-08-01 02:11:48 PM,24718.0,0,0.0,109340345557.5
2025-08-01 02:11:49 PM,24718.0,75,1853850.0,109342199407.5
2025-08-01 02:11:50 PM,24717.0,75,1853775.0,109344053182.5
2025-08-01 02:11:50 PM,24718.0,0,0.0,109344053182.5
2025-08-01 02:11:51 PM,24718.0,150,3707700.0,109347760882.5
2025-08-01 02:11:53 PM,24718.0,600,14830800.0,109362591682.5
2025-08-01 02:11:56 PM,24718.2,0,0.0,109362591682.5
2025-08-01 02:11:56 PM,24718.0,0,0.0,109362591682.5
2025-08-01 02:11:56 PM,24718.0,150,3707700.0,109366299382.5
2025-08-01 02:11:57 PM,24717.0,0,0.0,109366299382.5
2025-08-01 02:11:58 PM,24714.0,975,24096150.0,109390395532.5
2025-08-01 02:12:01 PM,24717.3,0,0.0,109390395532.5
2025-08-01 02:12:01 PM,24717.3,75,1853797.5,109392249330.0
2025-08-01 02:12:02 PM,24718.0,0,0.0,109392249330.0
2025-08-01 02:12:02 PM,24719.0,0,0.0,109392249330.0
2025-08-01 02:12:03 PM,24719.0,1275,31516725.0,109423766055.0
2025-08-01 02:12:04 PM,24719.0,150,3707850.0,109427473905.0
2025-08-01 02:12:05 PM,24720.0,2550,63036000.0,109490509905.0
2025-08-01 02:12:05 PM,24719.7,0,0.0,109490509905.0
2025-08-01 02:12:05 PM,24719.7,75,1853977.5,109492363882.5
2025-08-01 02:12:08 PM,24720.9,0,0.0,109492363882.5
2025-08-01 02:12:08 PM,24720.9,75,1854067.5,109494217950.0
2025-08-01 02:12:08 PM,24719.8,0,0.0,109494217950.0
2025-08-01 02:12:09 PM,24719.8,75,1853985.0,109496071935.0
2025-08-01 02:12:10 PM,24719.0,0,0.0,109496071935.0
2025-08-01 02:12:10 PM,24719.0,150,3707850.0,109499779785.0
2025-08-01 02:12:11 PM,24722.0,0,0.0,109499779785.0
2025-08-01 02:12:11 PM,24722.0,525,12979050.0,109512758835.0
2025-08-01 02:12:12 PM,24721.8,0,0.0,109512758835.0
2025-08-01 02:12:12 PM,24719.0,0,0.0,109512758835.0
2025-08-01 02:12:13 PM,24719.0,150,3707850.0,109516466685.0
2025-08-01 02:12:13 PM,24719.0,75,1853925.0,109518320610.0
2025-08-01 02:12:16 PM,24722.0,0,0.0,109518320610.0
2025-08-01 02:12:17 PM,24722.0,225,5562450.0,109523883060.0
2025-08-01 02:12:19 PM,24717.0,0,0.0,109523883060.0
2025-08-01 02:12:20 PM,24722.0,300,7416600.0,109531299660.0
2025-08-01 02:12:20 PM,24722.0,75,1854150.0,109533153810.0
2025-08-01 02:12:22 PM,24720.0,0,0.0,109533153810.0
2025-08-01 02:12:22 PM,24720.0,75,1854000.0,109535007810.0
2025-08-01 02:12:25 PM,24720.0,75,1854000.0,109536861810.0
2025-08-01 02:12:27 PM,24721.0,0,0.0,109536861810.0
2025-08-01 02:12:28 PM,24721.0,150,3708150.0,109540569960.0
2025-08-01 02:12:29 PM,24720.0,0,0.0,109540569960.0
2025-08-01 02:12:30 PM,24722.0,450,11124900.0,109551694860.0
2025-08-01 02:12:34 PM,24720.0,0,0.0,109551694860.0
2025-08-01 02:12:35 PM,24720.0,225,5562000.0,109557256860.0
2025-08-01 02:12:37 PM,24718.0,0,0.0,109557256860.0
2025-08-01 02:12:38 PM,24718.0,75,1853850.0,109559110710.0
2025-08-01 02:12:40 PM,24719.9,0,0.0,109559110710.0
2025-08-01 02:12:41 PM,24719.9,75,1853992.5,109560964702.5
2025-08-01 02:12:41 PM,24718.0,0,0.0,109560964702.5
2025-08-01 02:12:42 PM,24718.0,75,1853850.0,109562818552.5
2025-08-01 02:12:43 PM,24719.4,0,0.0,109562818552.5
2025-08-01 02:12:44 PM,24718.0,0,0.0,109562818552.5
2025-08-01 02:12:44 PM,24718.0,450,11123100.0,109573941652.5
2025-08-01 02:12:45 PM,24717.0,75,1853775.0,109575795427.5
2025-08-01 02:12:45 PM,24716.0,0,0.0,109575795427.5
2025-08-01 02:12:46 PM,24716.0,75,1853700.0,109577649127.5
2025-08-01 02:12:47 PM,24716.9,0,0.0,109577649127.5
2025-08-01 02:12:47 PM,24716.9,75,1853767.5,109579502895.0
2025-08-01 02:12:49 PM,24715.0,0,0.0,109579502895.0
2025-08-01 02:12:49 PM,24715.0,75,1853625.0,109581356520.0
2025-08-01 02:12:52 PM,24716.0,0,0.0,109581356520.0
2025-08-01 02:12:53 PM,24715.0,0,0.0,109581356520.0
2025-08-01 02:12:53 PM,24715.0,150,3707250.0,109585063770.0
2025-08-01 02:12:55 PM,24717.0,0,0.0,109585063770.0
2025-08-01 02:12:55 PM,24717.0,75,1853775.0,109586917545.0
2025-08-01 02:13:01 PM,24715.0,0,0.0,109586917545.0
2025-08-01 02:13:01 PM,24715.0,150,3707250.0,109590624795.0
2025-08-01 02:13:08 PM,24711.1,150,3706665.0,109594331460.0
2025-08-01 02:13:08 PM,24714.7,0,0.0,109594331460.0
2025-08-01 02:13:08 PM,24714.7,75,1853602.5,109596185062.5
2025-08-01 02:13:09 PM,24710.0,0,0.0,109596185062.5
2025-08-01 02:13:09 PM,24714.3,150,3707145.0,109599892207.5
2025-08-01 02:13:10 PM,24714.2,0,0.0,109599892207.5
2025-08-01 02:13:11 PM,24714.2,75,1853565.0,109601745772.5
2025-08-01 02:13:13 PM,24710.1,0,0.0,109601745772.5
2025-08-01 02:13:13 PM,24710.1,75,1853257.5,109603599030.0
2025-08-01 02:13:22 PM,24709.6,0,0.0,109603599030.0
2025-08-01 02:13:23 PM,24709.6,225,5559660.0,109609158690.0
2025-08-01 02:13:26 PM,24707.5,0,0.0,109609158690.0
2025-08-01 02:13:26 PM,24707.4,0,0.0,109609158690.0
2025-08-01 02:13:26 PM,24707.4,150,3706110.0,109612864800.0
2025-08-01 02:13:27 PM,24709.6,0,0.0,109612864800.0
2025-08-01 02:13:28 PM,24709.6,75,1853220.0,109614718020.0
2025-08-01 02:13:31 PM,24708.7,0,0.0,109614718020.0
2025-08-01 02:13:31 PM,24708.7,75,1853152.5,109616571172.5
2025-08-01 02:13:36 PM,24709.6,0,0.0,109616571172.5
2025-08-01 02:13:36 PM,24709.6,75,1853220.0,109618424392.5
2025-08-01 02:13:41 PM,24712.0,0,0.0,109618424392.5
2025-08-01 02:13:41 PM,24712.0,75,1853400.0,109620277792.5
2025-08-01 02:13:42 PM,24711.4,0,0.0,109620277792.5
2025-08-01 02:13:43 PM,24711.4,75,1853355.0,109622131147.5
2025-08-01 02:13:43 PM,24705.4,0,0.0,109622131147.5
2025-08-01 02:13:44 PM,24710.4,0,0.0,109622131147.5
2025-08-01 02:13:44 PM,24710.4,150,3706560.0,109625837707.5
2025-08-01 02:14:00 PM,24709.2,0,0.0,109625837707.5
2025-08-01 02:14:01 PM,24705.0,150,3705750.0,109629543457.5
2025-08-01 02:14:03 PM,24705.6,0,0.0,109629543457.5
2025-08-01 02:14:04 PM,24705.6,75,1852920.0,109631396377.5
2025-08-01 02:14:05 PM,24709.6,0,0.0,109631396377.5
2025-08-01 02:14:05 PM,24709.6,75,1853220.0,109633249597.5
2025-08-01 02:14:07 PM,24705.6,0,0.0,109633249597.5
2025-08-01 02:14:07 PM,24703.8,0,0.0,109633249597.5
2025-08-01 02:14:08 PM,24703.8,225,5558355.0,109638807952.5
2025-08-01 02:14:15 PM,24709.4,75,1853205.0,109640661157.5
2025-08-01 02:14:16 PM,24705.1,0,0.0,109640661157.5
2025-08-01 02:14:16 PM,24705.1,75,1852882.5,109642514040.0
2025-08-01 02:14:19 PM,24710.4,0,0.0,109642514040.0
2025-08-01 02:14:19 PM,24712.0,300,7413600.0,109649927640.0
2025-08-01 02:14:21 PM,24710.1,0,0.0,109649927640.0
2025-08-01 02:14:21 PM,24710.1,75,1853257.5,109651780897.5
2025-08-01 02:14:22 PM,24711.0,0,0.0,109651780897.5
2025-08-01 02:14:23 PM,24711.0,75,1853325.0,109653634222.5
2025-08-01 02:14:25 PM,24713.0,0,0.0,109653634222.5
2025-08-01 02:14:26 PM,24713.0,150,3706950.0,109657341172.5
2025-08-01 02:14:26 PM,24713.9,0,0.0,109657341172.5
2025-08-01 02:14:26 PM,24714.3,0,0.0,109657341172.5
2025-08-01 02:14:26 PM,24714.3,150,3707145.0,109661048317.5
2025-08-01 02:14:27 PM,24715.0,0,0.0,109661048317.5
2025-08-01 02:14:28 PM,24715.0,150,3707250.0,109664755567.5
2025-08-01 02:14:33 PM,24718.0,0,0.0,109664755567.5
2025-08-01 02:14:34 PM,24718.0,75,1853850.0,109666609417.5
2025-08-01 02:14:37 PM,24712.9,0,0.0,109666609417.5
2025-08-01 02:14:38 PM,24712.9,75,1853467.5,109668462885.0
2025-08-01 02:14:39 PM,24718.0,0,0.0,109668462885.0
2025-08-01 02:14:39 PM,24718.0,75,1853850.0,109670316735.0
2025-08-01 02:14:50 PM,24713.0,0,0.0,109670316735.0
2025-08-01 02:14:50 PM,24713.0,75,1853475.0,109672170210.0
2025-08-01 02:14:51 PM,24713.7,150,3707055.0,109675877265.0
2025-08-01 02:14:53 PM,24712.0,0,0.0,109675877265.0
2025-08-01 02:14:54 PM,24712.0,600,14827200.0,109690704465.0
2025-08-01 02:14:57 PM,24710.0,0,0.0,109690704465.0
2025-08-01 02:14:58 PM,24710.0,75,1853250.0,109692557715.0
2025-08-01 02:14:59 PM,24711.8,225,5560155.0,109698117870.0
2025-08-01 02:15:01 PM,24707.4,0,0.0,109698117870.0
2025-08-01 02:15:01 PM,24707.4,150,3706110.0,109701823980.0
2025-08-01 02:15:03 PM,24706.5,1050,25941825.0,109727765805.0
2025-08-01 02:15:04 PM,24710.6,0,0.0,109727765805.0
2025-08-01 02:15:05 PM,24710.6,75,1853295.0,109729619100.0
2025-08-01 02:15:09 PM,24710.6,75,1853295.0,109731472395.0
2025-08-01 02:15:13 PM,24707.4,75,1853055.0,109733325450.0
2025-08-01 02:15:13 PM,24710.5,0,0.0,109733325450.0
2025-08-01 02:15:14 PM,24710.5,75,1853287.5,109735178737.5
2025-08-01 02:15:15 PM,24706.4,75,1852980.0,109737031717.5
2025-08-01 02:15:17 PM,24710.5,0,0.0,109737031717.5
2025-08-01 02:15:18 PM,24710.5,75,1853287.5,109738885005.0
2025-08-01 02:15:18 PM,24712.1,0,0.0,109738885005.0
2025-08-01 02:15:19 PM,24712.1,75,1853407.5,109740738412.5
2025-08-01 02:15:21 PM,24711.7,0,0.0,109740738412.5
2025-08-01 02:15:21 PM,24711.7,75,1853377.5,109742591790.0
2025-08-01 02:15:23 PM,24707.1,0,0.0,109742591790.0
2025-08-01 02:15:23 PM,24707.1,150,3706065.0,109746297855.0
2025-08-01 02:15:24 PM,24706.0,0,0.0,109746297855.0
2025-08-01 02:15:24 PM,24706.0,75,1852950.0,109748150805.0
2025-08-01 02:15:26 PM,24707.4,75,1853055.0,109750003860.0
2025-08-01 02:15:27 PM,24707.4,225,5559165.0,109755563025.0
2025-08-01 02:15:28 PM,24711.9,75,1853392.5,109757416417.5
2025-08-01 02:15:29 PM,24712.6,0,0.0,109757416417.5
2025-08-01 02:15:29 PM,24712.6,75,1853445.0,109759269862.5
2025-08-01 02:15:33 PM,24712.2,75,1853415.0,109761123277.5
2025-08-01 02:15:34 PM,24707.5,0,0.0,109761123277.5
2025-08-01 02:15:34 PM,24707.5,75,1853062.5,109762976340.0
2025-08-01 02:15:39 PM,24712.2,0,0.0,109762976340.0
2025-08-01 02:15:39 PM,24712.2,150,3706830.0,109766683170.0
2025-08-01 02:15:43 PM,24712.3,0,0.0,109766683170.0
2025-08-01 02:15:43 PM,24712.3,75,1853422.5,109768536592.5
2025-08-01 02:15:50 PM,24708.3,0,0.0,109768536592.5
2025-08-01 02:15:50 PM,24708.3,150,3706245.0,109772242837.5
2025-08-01 02:15:51 PM,24712.8,0,0.0,109772242837.5
2025-08-01 02:15:52 PM,24712.8,75,1853460.0,109774096297.5
2025-08-01 02:15:54 PM,24713.1,0,0.0,109774096297.5
2025-08-01 02:15:55 PM,24713.1,75,1853482.5,109775949780.0
2025-08-01 02:15:57 PM,24711.0,0,0.0,109775949780.0
2025-08-01 02:15:57 PM,24711.0,150,3706650.0,109779656430.0
2025-08-01 02:15:58 PM,24717.0,0,0.0,109779656430.0
2025-08-01 02:15:59 PM,24717.0,75,1853775.0,109781510205.0
2025-08-01 02:16:05 PM,24715.6,0,0.0,109781510205.0
2025-08-01 02:16:06 PM,24715.6,75,1853670.0,109783363875.0
2025-08-01 02:16:10 PM,24711.1,0,0.0,109783363875.0
2025-08-01 02:16:11 PM,24711.1,75,1853332.5,109785217207.5
2025-08-01 02:16:20 PM,24709.8,0,0.0,109785217207.5
2025-08-01 02:16:21 PM,24709.8,1575,38917935.0,109824135142.5
2025-08-01 02:16:23 PM,24712.1,75,1853407.5,109825988550.0
2025-08-01 02:16:23 PM,24711.4,0,0.0,109825988550.0
2025-08-01 02:16:24 PM,24711.4,75,1853355.0,109827841905.0
2025-08-01 02:16:31 PM,24715.3,0,0.0,109827841905.0
2025-08-01 02:16:32 PM,24715.3,150,3707295.0,109831549200.0
2025-08-01 02:16:39 PM,24717.0,0,0.0,109831549200.0
2025-08-01 02:16:40 PM,24717.0,225,5561325.0,109837110525.0
2025-08-01 02:16:40 PM,24717.3,0,0.0,109837110525.0
2025-08-01 02:16:41 PM,24717.3,150,3707595.0,109840818120.0
2025-08-01 02:16:41 PM,24717.4,0,0.0,109840818120.0
2025-08-01 02:16:42 PM,24717.4,75,1853805.0,109842671925.0
2025-08-01 02:16:43 PM,24717.0,0,0.0,109842671925.0
2025-08-01 02:16:44 PM,24717.0,75,1853775.0,109844525700.0
2025-08-01 02:16:48 PM,24715.8,0,0.0,109844525700.0
2025-08-01 02:16:48 PM,24715.8,150,3707370.0,109848233070.0
2025-08-01 02:16:51 PM,24715.7,0,0.0,109848233070.0
2025-08-01 02:16:52 PM,24715.3,0,0.0,109848233070.0
2025-08-01 02:16:52 PM,24715.3,225,5560942.5,109853794012.5
2025-08-01 02:16:59 PM,24713.8,0,0.0,109853794012.5
2025-08-01 02:17:00 PM,24713.8,75,1853535.0,109855647547.5
2025-08-01 02:17:02 PM,24713.8,75,1853535.0,109857501082.5
2025-08-01 02:17:03 PM,24713.6,0,0.0,109857501082.5
2025-08-01 02:17:03 PM,24713.6,75,1853520.0,109859354602.5
2025-08-01 02:17:11 PM,24718.0,0,0.0,109859354602.5
2025-08-01 02:17:11 PM,24718.0,150,3707700.0,109863062302.5
2025-08-01 02:17:14 PM,24715.0,0,0.0,109863062302.5
2025-08-01 02:17:15 PM,24715.0,75,1853625.0,109864915927.5
2025-08-01 02:17:16 PM,24719.9,0,0.0,109864915927.5
2025-08-01 02:17:16 PM,24719.9,300,7415970.0,109872331897.5
2025-08-01 02:17:23 PM,24719.1,0,0.0,109872331897.5
2025-08-01 02:17:23 PM,24719.1,150,3707865.0,109876039762.5
2025-08-01 02:17:25 PM,24715.1,0,0.0,109876039762.5
2025-08-01 02:17:26 PM,24715.1,75,1853632.5,109877893395.0
2025-08-01 02:17:29 PM,24717.8,0,0.0,109877893395.0
2025-08-01 02:17:29 PM,24715.0,0,0.0,109877893395.0
2025-08-01 02:17:30 PM,24715.0,150,3707250.0,109881600645.0
2025-08-01 02:17:31 PM,24715.0,75,1853625.0,109883454270.0
2025-08-01 02:17:32 PM,24715.0,75,1853625.0,109885307895.0
2025-08-01 02:17:33 PM,24717.9,0,0.0,109885307895.0
2025-08-01 02:17:33 PM,24717.9,75,1853842.5,109887161737.5
2025-08-01 02:17:42 PM,24719.0,0,0.0,109887161737.5
2025-08-01 02:17:42 PM,24720.0,0,0.0,109887161737.5
2025-08-01 02:17:43 PM,24720.0,1050,25956000.0,109913117737.5
2025-08-01 02:17:43 PM,24719.7,0,0.0,109913117737.5
2025-08-01 02:17:43 PM,24719.7,75,1853977.5,109914971715.0
2025-08-01 02:17:50 PM,24720.0,0,0.0,109914971715.0
2025-08-01 02:17:51 PM,24720.0,75,1854000.0,109916825715.0
2025-08-01 02:17:52 PM,24719.7,0,0.0,109916825715.0
2025-08-01 02:17:52 PM,24719.7,75,1853977.5,109918679692.5
2025-08-01 02:17:56 PM,24722.0,0,0.0,109918679692.5
2025-08-01 02:17:56 PM,24722.0,75,1854150.0,109920533842.5
2025-08-01 02:18:00 PM,24722.0,75,1854150.0,109922387992.5
2025-08-01 02:18:02 PM,24722.0,75,1854150.0,109924242142.5
2025-08-01 02:18:15 PM,24721.8,0,0.0,109924242142.5
2025-08-01 02:18:16 PM,24721.8,75,1854135.0,109926096277.5
2025-08-01 02:18:20 PM,24721.4,0,0.0,109926096277.5
2025-08-01 02:18:21 PM,24722.0,0,0.0,109926096277.5
2025-08-01 02:18:21 PM,24722.0,225,5562450.0,109931658727.5
2025-08-01 02:18:22 PM,24721.8,75,1854135.0,109933512862.5
2025-08-01 02:18:24 PM,24722.0,0,0.0,109933512862.5
2025-08-01 02:18:25 PM,24722.0,75,1854150.0,109935367012.5
2025-08-01 02:18:26 PM,24721.8,0,0.0,109935367012.5
2025-08-01 02:18:26 PM,24721.8,150,3708270.0,109939075282.5
2025-08-01 02:18:30 PM,24718.0,0,0.0,109939075282.5
2025-08-01 02:18:31 PM,24718.0,225,5561550.0,109944636832.5
2025-08-01 02:18:34 PM,24719.2,0,0.0,109944636832.5
2025-08-01 02:18:34 PM,24719.2,75,1853940.0,109946490772.5
2025-08-01 02:18:46 PM,24718.0,0,0.0,109946490772.5
2025-08-01 02:18:47 PM,24718.0,150,3707700.0,109950198472.5
2025-08-01 02:18:48 PM,24718.0,600,14830800.0,109965029272.5
2025-08-01 02:18:49 PM,24718.0,375,9269250.0,109974298522.5
2025-08-01 02:18:51 PM,24718.0,75,1853850.0,109976152372.5
2025-08-01 02:18:51 PM,24718.6,0,0.0,109976152372.5
2025-08-01 02:18:52 PM,24718.6,75,1853895.0,109978006267.5
2025-08-01 02:18:53 PM,24718.6,75,1853895.0,109979860162.5
2025-08-01 02:18:57 PM,24719.0,0,0.0,109979860162.5
2025-08-01 02:18:57 PM,24718.0,225,5561550.0,109985421712.5
2025-08-01 02:19:02 PM,24718.0,300,7415400.0,109992837112.5
2025-08-01 02:19:05 PM,24718.0,75,1853850.0,109994690962.5
2025-08-01 02:19:06 PM,24717.9,0,0.0,109994690962.5
2025-08-01 02:19:07 PM,24717.9,75,1853842.5,109996544805.0
2025-08-01 02:19:09 PM,24717.9,75,1853842.5,109998398647.5
2025-08-01 02:19:11 PM,24718.0,0,0.0,109998398647.5
2025-08-01 02:19:12 PM,24718.0,450,11123100.0,110009521747.5
2025-08-01 02:19:17 PM,24718.4,0,0.0,110009521747.5
2025-08-01 02:19:18 PM,24717.9,0,0.0,110009521747.5
2025-08-01 02:19:18 PM,24715.0,0,0.0,110009521747.5
2025-08-01 02:19:19 PM,24715.0,450,11121750.0,110020643497.5
2025-08-01 02:19:20 PM,24711.0,0,0.0,110020643497.5
2025-08-01 02:19:20 PM,24711.0,225,5559975.0,110026203472.5
2025-08-01 02:19:21 PM,24710.0,0,0.0,110026203472.5
2025-08-01 02:19:22 PM,24712.2,0,0.0,110026203472.5
2025-08-01 02:19:22 PM,24712.2,225,5560245.0,110031763717.5
2025-08-01 02:19:25 PM,24712.9,75,1853467.5,110033617185.0
2025-08-01 02:19:27 PM,24709.0,0,0.0,110033617185.0
2025-08-01 02:19:29 PM,24709.0,75,1853175.0,110035470360.0
2025-08-01 02:19:30 PM,24709.1,0,0.0,110035470360.0
2025-08-01 02:19:30 PM,24707.9,150,3706185.0,110039176545.0
2025-08-01 02:19:30 PM,24706.6,0,0.0,110039176545.0
2025-08-01 02:19:30 PM,24706.6,825,20382945.0,110059559490.0
2025-08-01 02:19:31 PM,24710.0,0,0.0,110059559490.0
2025-08-01 02:19:32 PM,24710.0,225,5559750.0,110065119240.0
2025-08-01 02:19:34 PM,24710.0,75,1853250.0,110066972490.0
2025-08-01 02:19:39 PM,24705.6,0,0.0,110066972490.0
2025-08-01 02:19:40 PM,24710.0,0,0.0,110066972490.0
2025-08-01 02:19:40 PM,24710.0,375,9266250.0,110076238740.0
2025-08-01 02:19:41 PM,24706.0,0,0.0,110076238740.0
2025-08-01 02:19:42 PM,24706.0,75,1852950.0,110078091690.0
2025-08-01 02:19:43 PM,24710.0,0,0.0,110078091690.0
2025-08-01 02:19:44 PM,24710.0,75,1853250.0,110079944940.0
2025-08-01 02:19:45 PM,24710.0,75,1853250.0,110081798190.0
2025-08-01 02:19:53 PM,24710.0,75,1853250.0,110083651440.0
2025-08-01 02:19:56 PM,24710.0,75,1853250.0,110085504690.0
2025-08-01 02:19:58 PM,24707.4,0,0.0,110085504690.0
2025-08-01 02:19:58 PM,24707.4,75,1853055.0,110087357745.0
2025-08-01 02:20:08 PM,24708.2,0,0.0,110087357745.0
2025-08-01 02:20:08 PM,24708.2,75,1853115.0,110089210860.0
2025-08-01 02:20:13 PM,24710.0,0,0.0,110089210860.0
2025-08-01 02:20:13 PM,24710.0,225,5559750.0,110094770610.0
2025-08-01 02:20:17 PM,24708.5,75,1853137.5,110096623747.5
2025-08-01 02:20:18 PM,24710.0,0,0.0,110096623747.5
2025-08-01 02:20:18 PM,24710.0,150,3706500.0,110100330247.5
2025-08-01 02:20:19 PM,24710.0,75,1853250.0,110102183497.5
2025-08-01 02:20:20 PM,24710.0,75,1853250.0,110104036747.5
2025-08-01 02:20:21 PM,24708.4,0,0.0,110104036747.5
2025-08-01 02:20:22 PM,24708.4,75,1853130.0,110105889877.5
2025-08-01 02:20:24 PM,24710.0,0,0.0,110105889877.5
2025-08-01 02:20:24 PM,24710.0,75,1853250.0,110107743127.5
2025-08-01 02:20:29 PM,24710.0,375,9266250.0,110117009377.5
2025-08-01 02:20:29 PM,24707.7,0,0.0,110117009377.5
2025-08-01 02:20:29 PM,24707.7,75,1853077.5,110118862455.0
2025-08-01 02:20:30 PM,24710.0,0,0.0,110118862455.0
2025-08-01 02:20:31 PM,24710.0,150,3706500.0,110122568955.0
2025-08-01 02:20:31 PM,24708.4,0,0.0,110122568955.0
2025-08-01 02:20:32 PM,24708.4,75,1853130.0,110124422085.0
2025-08-01 02:20:40 PM,24709.9,0,0.0,110124422085.0
2025-08-01 02:20:40 PM,24709.9,75,1853242.5,110126275327.5
2025-08-01 02:20:45 PM,24709.9,150,3706485.0,110129981812.5
2025-08-01 02:20:48 PM,24708.6,0,0.0,110129981812.5
2025-08-01 02:20:48 PM,24708.6,75,1853145.0,110131834957.5
2025-08-01 02:20:50 PM,24709.0,0,0.0,110131834957.5
2025-08-01 02:20:50 PM,24709.0,75,1853175.0,110133688132.5
2025-08-01 02:20:52 PM,24709.0,150,3706350.0,110137394482.5
2025-08-01 02:20:54 PM,24710.0,0,0.0,110137394482.5
2025-08-01 02:20:55 PM,24710.0,150,3706500.0,110141100982.5
2025-08-01 02:20:56 PM,24710.0,75,1853250.0,110142954232.5
2025-08-01 02:20:58 PM,24710.0,75,1853250.0,110144807482.5
2025-08-01 02:21:02 PM,24709.0,0,0.0,110144807482.5
2025-08-01 02:21:03 PM,24709.0,75,1853175.0,110146660657.5
2025-08-01 02:21:03 PM,24710.0,0,0.0,110146660657.5
2025-08-01 02:21:03 PM,24710.0,75,1853250.0,110148513907.5
2025-08-01 02:21:05 PM,24709.0,0,0.0,110148513907.5
2025-08-01 02:21:06 PM,24709.0,75,1853175.0,110150367082.5
2025-08-01 02:21:08 PM,24711.0,0,0.0,110150367082.5
2025-08-01 02:21:08 PM,24709.0,150,3706350.0,110154073432.5
2025-08-01 02:21:13 PM,24709.0,150,3706350.0,110157779782.5
2025-08-01 02:21:16 PM,24709.0,75,1853175.0,110159632957.5
2025-08-01 02:21:21 PM,24707.0,0,0.0,110159632957.5
2025-08-01 02:21:21 PM,24707.0,225,5559075.0,110165192032.5
2025-08-01 02:21:26 PM,24707.0,75,1853025.0,110167045057.5
2025-08-01 02:21:26 PM,24705.1,0,0.0,110167045057.5
2025-08-01 02:21:28 PM,24705.1,75,1852882.5,110168897940.0
2025-08-01 02:21:28 PM,24705.1,150,3705765.0,110172603705.0
2025-08-01 02:21:29 PM,24705.0,0,0.0,110172603705.0
2025-08-01 02:21:29 PM,24705.0,150,3705750.0,110176309455.0
2025-08-01 02:21:30 PM,24704.0,75,1852800.0,110178162255.0
2025-08-01 02:21:35 PM,24704.0,75,1852800.0,110180015055.0
2025-08-01 02:21:37 PM,24703.8,0,0.0,110180015055.0
2025-08-01 02:21:38 PM,24703.8,75,1852785.0,110181867840.0
2025-08-01 02:21:40 PM,24703.9,0,0.0,110181867840.0
2025-08-01 02:21:41 PM,24704.0,0,0.0,110181867840.0
2025-08-01 02:21:41 PM,24703.0,0,0.0,110181867840.0
2025-08-01 02:21:41 PM,24703.0,225,5558175.0,110187426015.0
2025-08-01 02:21:44 PM,24703.0,75,1852725.0,110189278740.0
2025-08-01 02:21:46 PM,24703.0,150,3705450.0,110192984190.0
2025-08-01 02:21:48 PM,24700.0,0,0.0,110192984190.0
2025-08-01 02:21:48 PM,24700.0,2775,68542500.0,110261526690.0
2025-08-01 02:21:48 PM,24699.4,0,0.0,110261526690.0
2025-08-01 02:21:48 PM,24699.4,75,1852455.0,110263379145.0
2025-08-01 02:21:49 PM,24700.0,0,0.0,110263379145.0
2025-08-01 02:21:50 PM,24701.0,0,0.0,110263379145.0
2025-08-01 02:21:50 PM,24701.0,600,14820600.0,110278199745.0
2025-08-01 02:21:50 PM,24699.8,0,0.0,110278199745.0
2025-08-01 02:21:51 PM,24699.8,75,1852485.0,110280052230.0
2025-08-01 02:21:51 PM,24701.2,1500,37051800.0,110317104030.0
2025-08-01 02:21:56 PM,24700.8,0,0.0,110317104030.0
2025-08-01 02:21:56 PM,24700.8,375,9262800.0,110326366830.0
2025-08-01 02:21:58 PM,24699.7,0,0.0,110326366830.0
2025-08-01 02:21:58 PM,24699.7,150,3704955.0,110330071785.0
2025-08-01 02:22:07 PM,24699.8,0,0.0,110330071785.0
2025-08-01 02:22:07 PM,24700.7,0,0.0,110330071785.0
2025-08-01 02:22:08 PM,24699.0,300,7409700.0,110337481485.0
2025-08-01 02:22:08 PM,24703.0,225,5558175.0,110343039660.0
2025-08-01 02:22:10 PM,24699.5,0,0.0,110343039660.0
2025-08-01 02:22:11 PM,24699.5,75,1852462.5,110344892122.5
2025-08-01 02:22:14 PM,24699.0,0,0.0,110344892122.5
2025-08-01 02:22:14 PM,24699.0,75,1852425.0,110346744547.5
2025-08-01 02:22:16 PM,24699.7,0,0.0,110346744547.5
2025-08-01 02:22:16 PM,24698.0,300,7409400.0,110354153947.5
2025-08-01 02:22:19 PM,24699.7,0,0.0,110354153947.5
2025-08-01 02:22:19 PM,24699.7,150,3704955.0,110357858902.5
2025-08-01 02:22:23 PM,24700.4,0,0.0,110357858902.5
2025-08-01 02:22:23 PM,24700.4,825,20377830.0,110378236732.5
2025-08-01 02:22:25 PM,24697.6,75,1852320.0,110380089052.5
2025-08-01 02:22:26 PM,24701.3,0,0.0,110380089052.5
2025-08-01 02:22:26 PM,24701.0,0,0.0,110380089052.5
2025-08-01 02:22:26 PM,24701.0,600,14820600.0,110394909652.5
2025-08-01 02:22:28 PM,24703.0,0,0.0,110394909652.5
2025-08-01 02:22:28 PM,24703.0,375,9263625.0,110404173277.5
2025-08-01 02:22:36 PM,24700.0,0,0.0,110404173277.5
2025-08-01 02:22:36 PM,24700.0,75,1852500.0,110406025777.5
2025-08-01 02:22:38 PM,24700.9,75,1852567.5,110407878345.0
2025-08-01 02:22:41 PM,24700.9,75,1852567.5,110409730912.5
2025-08-01 02:22:41 PM,24698.6,0,0.0,110409730912.5
2025-08-01 02:22:41 PM,24698.6,525,12966765.0,110422697677.5
2025-08-01 02:22:42 PM,24703.0,0,0.0,110422697677.5
2025-08-01 02:22:43 PM,24703.0,150,3705450.0,110426403127.5
2025-08-01 02:22:44 PM,24702.9,0,0.0,110426403127.5
2025-08-01 02:22:44 PM,24702.9,75,1852717.5,110428255845.0
2025-08-01 02:22:48 PM,24703.0,0,0.0,110428255845.0
2025-08-01 02:22:48 PM,24703.0,150,3705450.0,110431961295.0
2025-08-01 02:22:49 PM,24703.0,75,1852725.0,110433814020.0
2025-08-01 02:22:51 PM,24703.0,75,1852725.0,110435666745.0
2025-08-01 02:22:54 PM,24703.0,75,1852725.0,110437519470.0
2025-08-01 02:22:56 PM,24702.8,75,1852710.0,110439372180.0
2025-08-01 02:22:57 PM,24703.0,0,0.0,110439372180.0
2025-08-01 02:22:57 PM,24703.0,75,1852725.0,110441224905.0
2025-08-01 02:23:03 PM,24702.4,0,0.0,110441224905.0
2025-08-01 02:23:04 PM,24701.9,0,0.0,110441224905.0
2025-08-01 02:23:04 PM,24701.9,225,5557927.5,110446782832.5
2025-08-01 02:23:05 PM,24702.0,0,0.0,110446782832.5
2025-08-01 02:23:06 PM,24702.0,150,3705300.0,110450488132.5
2025-08-01 02:23:07 PM,24700.0,0,0.0,110450488132.5
2025-08-01 02:23:07 PM,24699.0,375,9262125.0,110459750257.5
2025-08-01 02:23:07 PM,24700.0,150,3705000.0,110463455257.5
2025-08-01 02:23:11 PM,24699.0,0,0.0,110463455257.5
2025-08-01 02:23:12 PM,24699.0,75,1852425.0,110465307682.5
2025-08-01 02:23:15 PM,24700.0,0,0.0,110465307682.5
2025-08-01 02:23:15 PM,24700.0,75,1852500.0,110467160182.5
2025-08-01 02:23:17 PM,24700.0,150,3705000.0,110470865182.5
2025-08-01 02:23:19 PM,24700.0,150,3705000.0,110474570182.5
2025-08-01 02:23:20 PM,24700.0,75,1852500.0,110476422682.5
2025-08-01 02:23:23 PM,24699.7,0,0.0,110476422682.5
2025-08-01 02:23:23 PM,24699.7,75,1852477.5,110478275160.0
2025-08-01 02:23:24 PM,24700.0,0,0.0,110478275160.0
2025-08-01 02:23:25 PM,24700.0,225,5557500.0,110483832660.0
2025-08-01 02:23:26 PM,24699.8,0,0.0,110483832660.0
2025-08-01 02:23:27 PM,24700.0,0,0.0,110483832660.0
2025-08-01 02:23:27 PM,24700.0,225,5557500.0,110489390160.0
2025-08-01 02:23:27 PM,24700.0,75,1852500.0,110491242660.0
2025-08-01 02:23:28 PM,24700.0,75,1852500.0,110493095160.0
2025-08-01 02:23:32 PM,24699.7,0,0.0,110493095160.0
2025-08-01 02:23:33 PM,24699.9,0,0.0,110493095160.0
2025-08-01 02:23:33 PM,24699.9,150,3704985.0,110496800145.0
2025-08-01 02:23:35 PM,24699.0,0,0.0,110496800145.0
2025-08-01 02:23:35 PM,24699.0,375,9262125.0,110506062270.0
2025-08-01 02:23:37 PM,24698.5,0,0.0,110506062270.0
2025-08-01 02:23:38 PM,24698.5,75,1852387.5,110507914657.5
2025-08-01 02:23:38 PM,24698.0,0,0.0,110507914657.5
2025-08-01 02:23:38 PM,24698.0,150,3704700.0,110511619357.5
2025-08-01 02:23:41 PM,24698.5,0,0.0,110511619357.5
2025-08-01 02:23:41 PM,24698.5,75,1852387.5,110513471745.0
2025-08-01 02:23:44 PM,24700.0,0,0.0,110513471745.0
2025-08-01 02:23:45 PM,24700.0,375,9262500.0,110522734245.0
2025-08-01 02:23:46 PM,24700.0,75,1852500.0,110524586745.0
2025-08-01 02:23:48 PM,24699.9,0,0.0,110524586745.0
2025-08-01 02:23:48 PM,24699.9,75,1852492.5,110526439237.5
2025-08-01 02:23:48 PM,24700.0,0,0.0,110526439237.5
2025-08-01 02:23:48 PM,24700.0,75,1852500.0,110528291737.5
2025-08-01 02:23:51 PM,24699.6,225,5557410.0,110533849147.5
2025-08-01 02:23:57 PM,24700.0,0,0.0,110533849147.5
2025-08-01 02:23:58 PM,24700.0,150,3705000.0,110537554147.5
2025-08-01 02:23:58 PM,24700.0,75,1852500.0,110539406647.5
2025-08-01 02:24:01 PM,24700.0,75,1852500.0,110541259147.5
2025-08-01 02:24:02 PM,24699.6,0,0.0,110541259147.5
2025-08-01 02:24:03 PM,24699.6,150,3704940.0,110544964087.5
2025-08-01 02:24:06 PM,24700.0,0,0.0,110544964087.5
2025-08-01 02:24:06 PM,24700.0,75,1852500.0,110546816587.5
2025-08-01 02:24:07 PM,24699.0,0,0.0,110546816587.5
2025-08-01 02:24:07 PM,24699.0,150,3704850.0,110550521437.5
2025-08-01 02:24:08 PM,24700.0,0,0.0,110550521437.5
2025-08-01 02:24:08 PM,24699.0,150,3704850.0,110554226287.5
2025-08-01 02:24:09 PM,24700.0,0,0.0,110554226287.5
2025-08-01 02:24:09 PM,24700.0,150,3705000.0,110557931287.5
2025-08-01 02:24:11 PM,24700.0,150,3705000.0,110561636287.5
2025-08-01 02:24:11 PM,24698.0,0,0.0,110561636287.5
2025-08-01 02:24:12 PM,24698.0,75,1852350.0,110563488637.5
2025-08-01 02:24:13 PM,24700.0,0,0.0,110563488637.5
2025-08-01 02:24:14 PM,24700.0,75,1852500.0,110565341137.5
2025-08-01 02:24:16 PM,24700.0,75,1852500.0,110567193637.5
2025-08-01 02:24:21 PM,24700.0,150,3705000.0,110570898637.5
2025-08-01 02:24:22 PM,24698.0,0,0.0,110570898637.5
2025-08-01 02:24:22 PM,24698.0,150,3704700.0,110574603337.5
2025-08-01 02:24:24 PM,24698.0,300,7409400.0,110582012737.5
2025-08-01 02:24:25 PM,24700.0,0,0.0,110582012737.5
2025-08-01 02:24:26 PM,24700.0,75,1852500.0,110583865237.5
2025-08-01 02:24:27 PM,24698.0,0,0.0,110583865237.5
2025-08-01 02:24:27 PM,24698.0,450,11114100.0,110594979337.5
2025-08-01 02:24:29 PM,24698.0,75,1852350.0,110596831687.5
2025-08-01 02:24:29 PM,24698.0,150,3704700.0,110600536387.5
2025-08-01 02:24:31 PM,24697.0,0,0.0,110600536387.5
2025-08-01 02:24:31 PM,24696.8,0,0.0,110600536387.5
2025-08-01 02:24:31 PM,24696.8,450,11113560.0,110611649947.5
2025-08-01 02:24:33 PM,24697.0,0,0.0,110611649947.5
2025-08-01 02:24:33 PM,24696.1,0,0.0,110611649947.5
2025-08-01 02:24:33 PM,24696.1,825,20374282.5,110632024230.0
2025-08-01 02:24:33 PM,24696.3,0,0.0,110632024230.0
2025-08-01 02:24:34 PM,24696.3,225,5556667.5,110637580897.5
2025-08-01 02:24:36 PM,24695.8,0,0.0,110637580897.5
2025-08-01 02:24:36 PM,24695.8,450,11113110.0,110648694007.5
2025-08-01 02:24:36 PM,24696.0,0,0.0,110648694007.5
2025-08-01 02:24:36 PM,24696.0,75,1852200.0,110650546207.5
2025-08-01 02:24:37 PM,24696.0,450,11113200.0,110661659407.5
2025-08-01 02:24:38 PM,24695.5,750,18521625.0,110680181032.5
2025-08-01 02:24:39 PM,24695.7,0,0.0,110680181032.5
2025-08-01 02:24:39 PM,24695.7,525,12965242.5,110693146275.0
2025-08-01 02:24:47 PM,24695.2,0,0.0,110693146275.0
2025-08-01 02:24:47 PM,24695.6,0,0.0,110693146275.0
2025-08-01 02:24:47 PM,24695.6,300,7408680.0,110700554955.0
2025-08-01 02:24:49 PM,24695.2,0,0.0,110700554955.0
2025-08-01 02:24:51 PM,24695.2,150,3704280.0,110704259235.0
2025-08-01 02:24:52 PM,24695.6,0,0.0,110704259235.0
2025-08-01 02:24:52 PM,24695.6,75,1852170.0,110706111405.0
2025-08-01 02:24:53 PM,24695.0,0,0.0,110706111405.0
2025-08-01 02:24:53 PM,24695.0,525,12964875.0,110719076280.0
2025-08-01 02:24:54 PM,24695.0,75,1852125.0,110720928405.0
2025-08-01 02:24:56 PM,24695.0,225,5556375.0,110726484780.0
2025-08-01 02:24:56 PM,24695.0,75,1852125.0,110728336905.0
2025-08-01 02:24:57 PM,24693.9,0,0.0,110728336905.0
2025-08-01 02:24:57 PM,24693.9,675,16668382.500000002,110745005287.5
2025-08-01 02:25:00 PM,24693.1,0,0.0,110745005287.5
2025-08-01 02:25:01 PM,24693.1,150,3703965.0,110748709252.5
2025-08-01 02:25:02 PM,24692.3,0,0.0,110748709252.5
2025-08-01 02:25:02 PM,24692.2,0,0.0,110748709252.5
2025-08-01 02:25:02 PM,24692.2,300,7407660.0,110756116912.5
2025-08-01 02:25:04 PM,24692.5,0,0.0,110756116912.5
2025-08-01 02:25:04 PM,24692.0,0,0.0,110756116912.5
2025-08-01 02:25:04 PM,24695.0,0,0.0,110756116912.5
2025-08-01 02:25:04 PM,24695.0,900,22225500.0,110778342412.5
2025-08-01 02:25:06 PM,24695.0,150,3704250.0,110782046662.5
2025-08-01 02:25:07 PM,24692.4,0,0.0,110782046662.5
2025-08-01 02:25:07 PM,24692.4,300,7407720.0,110789454382.5
2025-08-01 02:25:09 PM,24692.3,0,0.0,110789454382.5
2025-08-01 02:25:09 PM,24692.3,75,1851922.5,110791306305.0
2025-08-01 02:25:12 PM,24694.0,0,0.0,110791306305.0
2025-08-01 02:25:12 PM,24692.6,600,14815560.0,110806121865.0
2025-08-01 02:25:14 PM,24693.9,0,0.0,110806121865.0
2025-08-01 02:25:14 PM,24693.9,150,3704085.0,110809825950.0
2025-08-01 02:25:15 PM,24693.5,0,0.0,110809825950.0
2025-08-01 02:25:15 PM,24695.0,0,0.0,110809825950.0
2025-08-01 02:25:16 PM,24695.0,225,5556375.0,110815382325.0
2025-08-01 02:25:16 PM,24693.8,0,0.0,110815382325.0
2025-08-01 02:25:17 PM,24693.8,225,5556105.0,110820938430.0
2025-08-01 02:25:18 PM,24693.8,150,3704070.0,110824642500.0
2025-08-01 02:25:19 PM,24693.8,75,1852035.0,110826494535.0
2025-08-01 02:25:20 PM,24695.1,0,0.0,110826494535.0
2025-08-01 02:25:20 PM,24696.3,0,0.0,110826494535.0
2025-08-01 02:25:21 PM,24696.3,3075,75941122.5,110902435657.5
2025-08-01 02:25:21 PM,24697.0,0,0.0,110902435657.5
2025-08-01 02:25:21 PM,24698.0,0,0.0,110902435657.5
2025-08-01 02:25:21 PM,24696.6,975,24079185.0,110926514842.5
2025-08-01 02:25:23 PM,24695.1,0,0.0,110926514842.5
2025-08-01 02:25:24 PM,24694.8,0,0.0,110926514842.5
2025-08-01 02:25:24 PM,24694.8,375,9260550.0,110935775392.5
2025-08-01 02:25:24 PM,24694.6,75,1852095.0,110937627487.5
2025-08-01 02:25:26 PM,24694.1,75,1852057.5,110939479545.0
2025-08-01 02:25:26 PM,24694.1,75,1852057.5,110941331602.5
2025-08-01 02:25:30 PM,24695.1,0,0.0,110941331602.5
2025-08-01 02:25:31 PM,24695.1,75,1852132.5,110943183735.0
2025-08-01 02:25:31 PM,24695.9,0,0.0,110943183735.0
2025-08-01 02:25:31 PM,24695.9,75,1852192.5,110945035927.5
2025-08-01 02:25:33 PM,24694.1,0,0.0,110945035927.5
2025-08-01 02:25:33 PM,24694.1,150,3704115.0,110948740042.5
2025-08-01 02:25:36 PM,24694.1,75,1852057.5,110950592100.0
2025-08-01 02:25:37 PM,24694.1,150,3704115.0,110954296215.0
2025-08-01 02:25:41 PM,24692.6,2400,59262240.0,111013558455.0
2025-08-01 02:25:41 PM,24694.1,0,0.0,111013558455.0
2025-08-01 02:25:41 PM,24694.1,75,1852057.5,111015410512.5
2025-08-01 02:25:42 PM,24697.7,0,0.0,111015410512.5
2025-08-01 02:25:42 PM,24697.7,2850,70388445.0,111085798957.5
2025-08-01 02:25:51 PM,24699.9,0,0.0,111085798957.5
2025-08-01 02:25:52 PM,24699.9,75,1852492.5,111087651450.0
2025-08-01 02:25:53 PM,24698.0,0,0.0,111087651450.0
2025-08-01 02:25:54 PM,24696.0,0,0.0,111087651450.0
2025-08-01 02:25:54 PM,24696.0,150,3704400.0,111091355850.0
2025-08-01 02:25:54 PM,24697.0,0,0.0,111091355850.0
2025-08-01 02:25:54 PM,24697.0,75,1852275.0,111093208125.0
2025-08-01 02:25:58 PM,24695.5,0,0.0,111093208125.0
2025-08-01 02:25:59 PM,24694.8,0,0.0,111093208125.0
2025-08-01 02:25:59 PM,24694.8,150,3704220.0,111096912345.0
2025-08-01 02:26:00 PM,24695.2,0,0.0,111096912345.0
2025-08-01 02:26:01 PM,24695.2,150,3704280.0,111100616625.0
2025-08-01 02:26:03 PM,24694.5,75,1852087.5,111102468712.5
2025-08-01 02:26:06 PM,24694.1,0,0.0,111102468712.5
2025-08-01 02:26:06 PM,24694.1,75,1852057.5,111104320770.0
2025-08-01 02:26:07 PM,24697.0,0,0.0,111104320770.0
2025-08-01 02:26:07 PM,24697.0,150,3704550.0,111108025320.0
2025-08-01 02:26:08 PM,24695.3,0,0.0,111108025320.0
2025-08-01 02:26:09 PM,24695.3,75,1852147.5,111109877467.5
2025-08-01 02:26:11 PM,24699.0,75,1852425.0,111111729892.5
2025-08-01 02:26:13 PM,24695.5,0,0.0,111111729892.5
2025-08-01 02:26:14 PM,24695.5,75,1852162.5,111113582055.0
2025-08-01 02:26:17 PM,24695.5,75,1852162.5,111115434217.5
2025-08-01 02:26:19 PM,24699.0,0,0.0,111115434217.5
2025-08-01 02:26:19 PM,24699.0,75,1852425.0,111117286642.5
2025-08-01 02:26:29 PM,24695.0,0,0.0,111117286642.5
2025-08-01 02:26:29 PM,24695.0,225,5556375.0,111122843017.5
2025-08-01 02:26:31 PM,24695.0,75,1852125.0,111124695142.5
2025-08-01 02:26:34 PM,24695.0,300,7408500.0,111132103642.5
2025-08-01 02:26:34 PM,24697.4,0,0.0,111132103642.5
2025-08-01 02:26:34 PM,24697.4,150,3704610.0,111135808252.5
2025-08-01 02:26:38 PM,24697.8,0,0.0,111135808252.5
2025-08-01 02:26:38 PM,24694.5,0,0.0,111135808252.5
2025-08-01 02:26:39 PM,24694.5,150,3704175.0,111139512427.5
2025-08-01 02:26:41 PM,24695.0,0,0.0,111139512427.5
2025-08-01 02:26:41 PM,24695.0,75,1852125.0,111141364552.5
2025-08-01 02:26:45 PM,24694.0,0,0.0,111141364552.5
2025-08-01 02:26:46 PM,24694.0,75,1852050.0,111143216602.5
2025-08-01 02:26:46 PM,24692.3,0,0.0,111143216602.5
2025-08-01 02:26:47 PM,24692.3,75,1851922.5,111145068525.0
2025-08-01 02:26:49 PM,24692.3,75,1851922.5,111146920447.5
2025-08-01 02:26:50 PM,24691.4,0,0.0,111146920447.5
2025-08-01 02:26:51 PM,24691.4,750,18518550.0,111165438997.5
2025-08-01 02:26:52 PM,24690.0,0,0.0,111165438997.5
2025-08-01 02:26:52 PM,24690.9,0,0.0,111165438997.5
2025-08-01 02:26:52 PM,24690.9,6075,149997217.5,111315436215.0
2025-08-01 02:26:53 PM,24690.9,75,1851817.5,111317288032.5
2025-08-01 02:26:54 PM,24695.6,0,0.0,111317288032.5
2025-08-01 02:26:54 PM,24695.6,300,7408680.0,111324696712.5
2025-08-01 02:26:54 PM,24687.8,5850,144423630.0,111469120342.5
2025-08-01 02:26:55 PM,24687.0,0,0.0,111469120342.5
2025-08-01 02:26:56 PM,24686.8,450,11109060.0,111480229402.5
2025-08-01 02:26:57 PM,24687.5,0,0.0,111480229402.5
2025-08-01 02:26:57 PM,24690.0,0,0.0,111480229402.5
2025-08-01 02:26:57 PM,24690.0,375,9258750.0,111489488152.5
2025-08-01 02:26:59 PM,24690.4,0,0.0,111489488152.5
2025-08-01 02:26:59 PM,24690.4,375,9258900.0,111498747052.5
2025-08-01 02:27:00 PM,24690.5,0,0.0,111498747052.5
2025-08-01 02:27:01 PM,24690.5,75,1851787.5,111500598840.0
2025-08-01 02:27:02 PM,24696.0,0,0.0,111500598840.0
2025-08-01 02:27:02 PM,24696.0,150,3704400.0,111504303240.0
2025-08-01 02:27:03 PM,24690.0,75,1851750.0,111506154990.0
2025-08-01 02:27:04 PM,24688.3,0,0.0,111506154990.0
2025-08-01 02:27:04 PM,24688.3,3075,75916522.5,111582071512.5
2025-08-01 02:27:06 PM,24691.0,75,1851825.0,111583923337.5
2025-08-01 02:27:07 PM,24690.5,0,0.0,111583923337.5
2025-08-01 02:27:07 PM,24690.5,75,1851787.5,111585775125.0
2025-08-01 02:27:12 PM,24689.2,0,0.0,111585775125.0
2025-08-01 02:27:12 PM,24689.0,225,5555025.0,111591330150.0
2025-08-01 02:27:13 PM,24693.3,0,0.0,111591330150.0
2025-08-01 02:27:14 PM,24693.3,75,1851997.5,111593182147.5
2025-08-01 02:27:14 PM,24688.6,75,1851645.0,111595033792.5
2025-08-01 02:27:15 PM,24688.0,0,0.0,111595033792.5
2025-08-01 02:27:16 PM,24688.0,1500,37032000.0,111632065792.5
2025-08-01 02:27:16 PM,24688.8,0,0.0,111632065792.5
2025-08-01 02:27:17 PM,24693.3,0,0.0,111632065792.5
2025-08-01 02:27:17 PM,24688.7,1800,44439660.0,111676505452.5
2025-08-01 02:27:18 PM,24688.8,375,9258300.0,111685763752.5
2025-08-01 02:27:19 PM,24690.0,0,0.0,111685763752.5
2025-08-01 02:27:19 PM,24690.0,75,1851750.0,111687615502.5
2025-08-01 02:27:20 PM,24693.1,0,0.0,111687615502.5
2025-08-01 02:27:21 PM,24693.1,150,3703965.0,111691319467.5
2025-08-01 02:27:22 PM,24690.0,0,0.0,111691319467.5
2025-08-01 02:27:22 PM,24690.0,75,1851750.0,111693171217.5
2025-08-01 02:27:23 PM,24690.0,75,1851750.0,111695022967.5
2025-08-01 02:27:24 PM,24690.0,300,7407000.0,111702429967.5
2025-08-01 02:27:27 PM,24685.0,0,0.0,111702429967.5
2025-08-01 02:27:27 PM,24685.0,6300,155515500.0,111857945467.5
2025-08-01 02:27:29 PM,24688.8,0,0.0,111857945467.5
2025-08-01 02:27:29 PM,24685.3,1875,46284937.5,111904230405.0
2025-08-01 02:27:31 PM,24685.9,0,0.0,111904230405.0
2025-08-01 02:27:32 PM,24685.9,75,1851442.5,111906081847.5
2025-08-01 02:27:32 PM,24686.1,0,0.0,111906081847.5
2025-08-01 02:27:32 PM,24686.1,75,1851457.5,111907933305.0
2025-08-01 02:27:33 PM,24685.7,0,0.0,111907933305.0
2025-08-01 02:27:34 PM,24685.7,1575,38879977.5,111946813282.5
2025-08-01 02:27:34 PM,24685.6,375,9257100.0,111956070382.5
2025-08-01 02:27:35 PM,24690.0,0,0.0,111956070382.5
2025-08-01 02:27:35 PM,24685.7,1050,25919985.0,111981990367.5
2025-08-01 02:27:37 PM,24684.9,0,0.0,111981990367.5
2025-08-01 02:27:37 PM,24684.9,75,1851367.5,111983841735.0
2025-08-01 02:27:38 PM,24690.0,0,0.0,111983841735.0
2025-08-01 02:27:39 PM,24690.0,75,1851750.0,111985693485.0
2025-08-01 02:27:39 PM,24685.1,0,0.0,111985693485.0
2025-08-01 02:27:39 PM,24685.1,75,1851382.5,111987544867.5
2025-08-01 02:27:42 PM,24685.0,0,0.0,111987544867.5
2025-08-01 02:27:42 PM,24685.0,75,1851375.0,111989396242.5
2025-08-01 02:27:44 PM,24685.0,75,1851375.0,111991247617.5
2025-08-01 02:27:46 PM,24685.0,75,1851375.0,111993098992.5
2025-08-01 02:27:48 PM,24686.0,0,0.0,111993098992.5
2025-08-01 02:27:48 PM,24685.8,0,0.0,111993098992.5
2025-08-01 02:27:49 PM,24685.8,150,3702870.0,111996801862.5
2025-08-01 02:27:49 PM,24684.2,150,3702630.0,112000504492.5
2025-08-01 02:27:50 PM,24688.6,0,0.0,112000504492.5
2025-08-01 02:27:50 PM,24688.6,150,3703290.0,112004207782.5
2025-08-01 02:27:51 PM,24685.0,75,1851375.0,112006059157.5
2025-08-01 02:27:52 PM,24684.2,0,0.0,112006059157.5
2025-08-01 02:27:52 PM,24684.2,75,1851315.0,112007910472.5
2025-08-01 02:27:52 PM,24688.8,75,1851660.0,112009762132.5
2025-08-01 02:27:55 PM,24685.0,0,0.0,112009762132.5
2025-08-01 02:27:56 PM,24685.0,75,1851375.0,112011613507.5
2025-08-01 02:27:58 PM,24685.5,0,0.0,112011613507.5
2025-08-01 02:27:58 PM,24685.5,150,3702825.0,112015316332.5
2025-08-01 02:28:00 PM,24687.9,0,0.0,112015316332.5
2025-08-01 02:28:00 PM,24687.9,75,1851592.5,112017167925.0
2025-08-01 02:28:01 PM,24685.0,0,0.0,112017167925.0
2025-08-01 02:28:02 PM,24685.0,375,9256875.0,112026424800.0
2025-08-01 02:28:02 PM,24681.0,0,0.0,112026424800.0
2025-08-01 02:28:02 PM,24681.0,2850,70340850.0,112096765650.0
2025-08-01 02:28:03 PM,24684.2,0,0.0,112096765650.0
2025-08-01 02:28:03 PM,24684.6,150,3702690.0,112100468340.0
2025-08-01 02:28:05 PM,24684.0,0,0.0,112100468340.0
2025-08-01 02:28:05 PM,24684.0,75,1851300.0,112102319640.0
2025-08-01 02:28:05 PM,24680.9,75,1851067.5,112104170707.5
2025-08-01 02:28:06 PM,24680.7,0,0.0,112104170707.5
2025-08-01 02:28:07 PM,24680.7,75,1851052.5,112106021760.0
2025-08-01 02:28:07 PM,24680.9,0,0.0,112106021760.0
2025-08-01 02:28:08 PM,24680.9,75,1851067.5,112107872827.5
2025-08-01 02:28:09 PM,24681.7,0,0.0,112107872827.5
2025-08-01 02:28:10 PM,24681.7,75,1851127.5,112109723955.0
2025-08-01 02:28:10 PM,24682.5,0,0.0,112109723955.0
2025-08-01 02:28:11 PM,24682.4,0,0.0,112109723955.0
2025-08-01 02:28:12 PM,24682.4,225,5553540.0,112115277495.0
2025-08-01 02:28:12 PM,24680.9,0,0.0,112115277495.0
2025-08-01 02:28:12 PM,24680.9,150,3702135.0,112118979630.0
2025-08-01 02:28:13 PM,24683.3,0,0.0,112118979630.0
2025-08-01 02:28:13 PM,24683.3,675,16661227.5,112135640857.5
2025-08-01 02:28:14 PM,24681.6,75,1851120.0,112137491977.5
2025-08-01 02:28:14 PM,24680.5,0,0.0,112137491977.5
2025-08-01 02:28:15 PM,24680.5,225,5553112.5,112143045090.0
2025-08-01 02:28:15 PM,24683.2,0,0.0,112143045090.0
2025-08-01 02:28:15 PM,24683.2,675,16661160.0,112159706250.0
2025-08-01 02:28:16 PM,24680.1,0,0.0,112159706250.0
2025-08-01 02:28:17 PM,24680.1,525,12957052.5,112172663302.5
2025-08-01 02:28:17 PM,24684.0,0,0.0,112172663302.5
2025-08-01 02:28:17 PM,24684.0,75,1851300.0,112174514602.5
2025-08-01 02:28:18 PM,24680.1,0,0.0,112174514602.5
2025-08-01 02:28:18 PM,24680.1,1875,46275187.5,112220789790.0
2025-08-01 02:28:19 PM,24680.2,150,3702030.0,112224491820.0
2025-08-01 02:28:21 PM,24684.8,0,0.0,112224491820.0
2025-08-01 02:28:22 PM,24684.8,75,1851360.0,112226343180.0
2025-08-01 02:28:22 PM,24684.8,225,5554080.0,112231897260.0
2025-08-01 02:28:23 PM,24681.9,0,0.0,112231897260.0
2025-08-01 02:28:23 PM,24685.0,375,9256875.0,112241154135.0
2025-08-01 02:28:24 PM,24685.0,75,1851375.0,112243005510.0
2025-08-01 02:28:24 PM,24681.0,0,0.0,112243005510.0
2025-08-01 02:28:25 PM,24685.0,300,7405500.0,112250411010.0
2025-08-01 02:28:25 PM,24685.5,0,0.0,112250411010.0
2025-08-01 02:28:25 PM,24685.5,75,1851412.5,112252262422.5
2025-08-01 02:28:28 PM,24685.0,0,0.0,112252262422.5
2025-08-01 02:28:28 PM,24683.4,225,5553765.0,112257816187.5
2025-08-01 02:28:29 PM,24680.3,150,3702045.0,112261518232.5
2025-08-01 02:28:29 PM,24685.9,0,0.0,112261518232.5
2025-08-01 02:28:30 PM,24685.9,75,1851442.5,112263369675.0
2025-08-01 02:28:30 PM,24685.0,0,0.0,112263369675.0
2025-08-01 02:28:30 PM,24685.0,75,1851375.0,112265221050.0
2025-08-01 02:28:31 PM,24685.5,0,0.0,112265221050.0
2025-08-01 02:28:32 PM,24685.5,150,3702825.0,112268923875.0
2025-08-01 02:28:33 PM,24681.2,1500,37021800.0,112305945675.0
2025-08-01 02:28:34 PM,24686.0,150,3702900.0,112309648575.0
2025-08-01 02:28:37 PM,24686.0,150,3702900.0,112313351475.0
2025-08-01 02:28:38 PM,24686.7,0,0.0,112313351475.0
2025-08-01 02:28:38 PM,24686.7,75,1851502.5,112315202977.5
2025-08-01 02:28:39 PM,24688.0,75,1851600.0,112317054577.5
2025-08-01 02:28:39 PM,24687.0,0,0.0,112317054577.5
2025-08-01 02:28:40 PM,24687.0,75,1851525.0,112318906102.5
2025-08-01 02:28:41 PM,24687.9,0,0.0,112318906102.5
2025-08-01 02:28:42 PM,24687.9,75,1851592.5,112320757695.0
2025-08-01 02:28:42 PM,24687.0,0,0.0,112320757695.0
2025-08-01 02:28:42 PM,24687.0,150,3703050.0,112324460745.0
2025-08-01 02:28:43 PM,24687.0,75,1851525.0,112326312270.0
2025-08-01 02:28:44 PM,24687.0,150,3703050.0,112330015320.0
2025-08-01 02:28:44 PM,24683.1,0,0.0,112330015320.0
2025-08-01 02:28:45 PM,24685.0,0,0.0,112330015320.0
2025-08-01 02:28:45 PM,24685.0,225,5554125.0,112335569445.0
2025-08-01 02:28:45 PM,24688.5,1500,37032750.0,112372602195.0
2025-08-01 02:28:46 PM,24688.0,0,0.0,112372602195.0
2025-08-01 02:28:47 PM,24687.0,450,11109150.0,112383711345.0
2025-08-01 02:28:47 PM,24687.0,225,5554575.0,112389265920.0
2025-08-01 02:28:49 PM,24687.0,75,1851525.0,112391117445.0
2025-08-01 02:28:50 PM,24687.4,0,0.0,112391117445.0
2025-08-01 02:28:50 PM,24687.4,75,1851555.0,112392969000.0
2025-08-01 02:28:52 PM,24687.7,300,7406310.0,112400375310.0
2025-08-01 02:28:53 PM,24685.1,0,0.0,112400375310.0
2025-08-01 02:28:53 PM,24687.4,225,5554665.0,112405929975.0
2025-08-01 02:28:57 PM,24685.1,0,0.0,112405929975.0
2025-08-01 02:28:57 PM,24685.1,150,3702765.0,112409632740.0
2025-08-01 02:29:00 PM,24687.0,0,0.0,112409632740.0
2025-08-01 02:29:00 PM,24687.0,75,1851525.0,112411484265.0
2025-08-01 02:29:02 PM,24687.0,75,1851525.0,112413335790.0
2025-08-01 02:29:02 PM,24687.5,0,0.0,112413335790.0
2025-08-01 02:29:02 PM,24687.5,150,3703125.0,112417038915.0
2025-08-01 02:29:03 PM,24681.7,0,0.0,112417038915.0
2025-08-01 02:29:03 PM,24686.9,0,0.0,112417038915.0
2025-08-01 02:29:03 PM,24686.9,900,22218210.0,112439257125.0
2025-08-01 02:29:04 PM,24686.5,150,3702975.0,112442960100.0
2025-08-01 02:29:04 PM,24686.0,0,0.0,112442960100.0
2025-08-01 02:29:05 PM,24686.0,75,1851450.0,112444811550.0
2025-08-01 02:29:09 PM,24682.4,0,0.0,112444811550.0
2025-08-01 02:29:09 PM,24688.3,0,0.0,112444811550.0
2025-08-01 02:29:10 PM,24688.3,825,20367847.5,112465179397.5
2025-08-01 02:29:10 PM,24688.5,0,0.0,112465179397.5
2025-08-01 02:29:10 PM,24688.5,300,7406550.0,112472585947.5
2025-08-01 02:29:11 PM,24683.3,0,0.0,112472585947.5
2025-08-01 02:29:12 PM,24683.3,75,1851247.5,112474437195.0
2025-08-01 02:29:13 PM,24686.0,0,0.0,112474437195.0
2025-08-01 02:29:13 PM,24686.0,75,1851450.0,112476288645.0
2025-08-01 02:29:14 PM,24686.0,75,1851450.0,112478140095.0
2025-08-01 02:29:15 PM,24688.8,0,0.0,112478140095.0
2025-08-01 02:29:17 PM,24688.8,150,3703320.0,112481843415.0
2025-08-01 02:29:17 PM,24689.0,75,1851675.0,112483695090.0
2025-08-01 02:29:19 PM,24688.0,0,0.0,112483695090.0
2025-08-01 02:29:20 PM,24687.0,150,3703050.0,112487398140.0
2025-08-01 02:29:21 PM,24690.0,0,0.0,112487398140.0
2025-08-01 02:29:22 PM,24690.0,150,3703500.0,112491101640.0
2025-08-01 02:29:23 PM,24689.8,0,0.0,112491101640.0
2025-08-01 02:29:23 PM,24689.8,150,3703470.0,112494805110.0
2025-08-01 02:29:24 PM,24690.4,0,0.0,112494805110.0
2025-08-01 02:29:24 PM,24690.9,0,0.0,112494805110.0
2025-08-01 02:29:25 PM,24690.9,150,3703635.0,112498508745.0
2025-08-01 02:29:25 PM,24690.3,0,0.0,112498508745.0
2025-08-01 02:29:25 PM,24690.3,75,1851772.5,112500360517.5
2025-08-01 02:29:26 PM,24690.0,0,0.0,112500360517.5
2025-08-01 02:29:27 PM,24690.0,375,9258750.0,112509619267.5
2025-08-01 02:29:27 PM,24690.3,0,0.0,112509619267.5
2025-08-01 02:29:28 PM,24690.0,0,0.0,112509619267.5
2025-08-01 02:29:28 PM,24690.0,150,3703500.0,112513322767.5
2025-08-01 02:29:29 PM,24692.0,0,0.0,112513322767.5
2025-08-01 02:29:30 PM,24692.0,375,9259500.0,112522582267.5
2025-08-01 02:29:36 PM,24692.0,150,3703800.0,112526286067.5
2025-08-01 02:29:37 PM,24693.0,75,1851975.0,112528138042.5
2025-08-01 02:29:37 PM,24690.3,0,0.0,112528138042.5
2025-08-01 02:29:38 PM,24690.3,150,3703545.0,112531841587.5
2025-08-01 02:29:39 PM,24692.0,0,0.0,112531841587.5
2025-08-01 02:29:40 PM,24692.0,75,1851900.0,112533693487.5
2025-08-01 02:29:41 PM,24692.0,675,16667100.0,112550360587.5
2025-08-01 02:29:42 PM,24690.0,0,0.0,112550360587.5
2025-08-01 02:29:43 PM,24690.3,0,0.0,112550360587.5
2025-08-01 02:29:43 PM,24690.9,375,9259087.5,112559619675.0
2025-08-01 02:29:44 PM,24690.0,0,0.0,112559619675.0
2025-08-01 02:29:45 PM,24690.0,450,11110500.0,112570730175.0
2025-08-01 02:29:46 PM,24690.9,0,0.0,112570730175.0
2025-08-01 02:29:46 PM,24690.9,450,11110905.0,112581841080.0
2025-08-01 02:29:48 PM,24690.9,75,1851817.5,112583692897.5
2025-08-01 02:29:53 PM,24693.0,0,0.0,112583692897.5
2025-08-01 02:29:54 PM,24691.4,0,0.0,112583692897.5
2025-08-01 02:29:54 PM,24691.2,0,0.0,112583692897.5
2025-08-01 02:29:54 PM,24691.2,300,7407360.0,112591100257.5
2025-08-01 02:29:55 PM,24691.0,0,0.0,112591100257.5
2025-08-01 02:29:56 PM,24693.1,0,0.0,112591100257.5
2025-08-01 02:29:56 PM,24693.1,225,5555947.5,112596656205.0
2025-08-01 02:29:57 PM,24690.0,0,0.0,112596656205.0
2025-08-01 02:29:58 PM,24690.0,75,1851750.0,112598507955.0
2025-08-01 02:29:58 PM,24693.0,0,0.0,112598507955.0
2025-08-01 02:29:59 PM,24693.0,75,1851975.0,112600359930.0
2025-08-01 02:30:00 PM,24690.9,0,0.0,112600359930.0
2025-08-01 02:30:00 PM,24690.0,0,0.0,112600359930.0
2025-08-01 02:30:01 PM,24690.0,525,12962250.0,112613322180.0
2025-08-01 02:30:01 PM,24689.9,0,0.0,112613322180.0
2025-08-01 02:30:01 PM,24689.9,75,1851742.5,112615173922.5
2025-08-01 02:30:02 PM,24690.8,0,0.0,112615173922.5
2025-08-01 02:30:03 PM,24686.1,150,3702915.0,112618876837.5
2025-08-01 02:30:05 PM,24692.0,0,0.0,112618876837.5
2025-08-01 02:30:06 PM,24692.0,150,3703800.0,112622580637.5
2025-08-01 02:30:08 PM,24692.0,225,5555700.0,112628136337.5
2025-08-01 02:30:09 PM,24693.0,0,0.0,112628136337.5
2025-08-01 02:30:09 PM,24693.0,75,1851975.0,112629988312.5
2025-08-01 02:30:09 PM,24693.1,0,0.0,112629988312.5
2025-08-01 02:30:09 PM,24693.1,75,1851982.5,112631840295.0
2025-08-01 02:30:10 PM,24692.0,0,0.0,112631840295.0
2025-08-01 02:30:11 PM,24692.0,150,3703800.0,112635544095.0
2025-08-01 02:30:11 PM,24691.0,75,1851825.0,112637395920.0
2025-08-01 02:30:13 PM,24688.0,0,0.0,112637395920.0
2025-08-01 02:30:14 PM,24688.0,375,9258000.0,112646653920.0
2025-08-01 02:30:16 PM,24691.0,0,0.0,112646653920.0
2025-08-01 02:30:17 PM,24691.0,75,1851825.0,112648505745.0
2025-08-01 02:30:19 PM,24688.0,0,0.0,112648505745.0
2025-08-01 02:30:19 PM,24688.0,75,1851600.0,112650357345.0
2025-08-01 02:30:19 PM,24688.3,75,1851622.5,112652208967.5
2025-08-01 02:30:22 PM,24692.1,0,0.0,112652208967.5
2025-08-01 02:30:22 PM,24692.1,75,1851907.5,112654060875.0
2025-08-01 02:30:24 PM,24688.0,0,0.0,112654060875.0
2025-08-01 02:30:24 PM,24688.0,75,1851600.0,112655912475.0
2025-08-01 02:30:25 PM,24693.0,0,0.0,112655912475.0
2025-08-01 02:30:25 PM,24693.0,75,1851975.0,112657764450.0
2025-08-01 02:30:26 PM,24688.0,0,0.0,112657764450.0
2025-08-01 02:30:27 PM,24688.0,75,1851600.0,112659616050.0
2025-08-01 02:30:31 PM,24691.0,0,0.0,112659616050.0
2025-08-01 02:30:32 PM,24691.0,75,1851825.0,112661467875.0
2025-08-01 02:30:33 PM,24689.8,0,0.0,112661467875.0
2025-08-01 02:30:34 PM,24689.8,75,1851735.0,112663319610.0
2025-08-01 02:30:38 PM,24692.6,0,0.0,112663319610.0
2025-08-01 02:30:38 PM,24688.0,300,7406400.0,112670726010.0
2025-08-01 02:30:44 PM,24688.0,150,3703200.0,112674429210.0
2025-08-01 02:30:45 PM,24691.0,0,0.0,112674429210.0
2025-08-01 02:30:45 PM,24691.0,75,1851825.0,112676281035.0
2025-08-01 02:30:46 PM,24693.0,0,0.0,112676281035.0
2025-08-01 02:30:47 PM,24693.0,75,1851975.0,112678133010.0
2025-08-01 02:30:48 PM,24690.0,0,0.0,112678133010.0
2025-08-01 02:30:48 PM,24690.0,75,1851750.0,112679984760.0
2025-08-01 02:30:49 PM,24691.0,0,0.0,112679984760.0
2025-08-01 02:30:49 PM,24691.0,75,1851825.0,112681836585.0
2025-08-01 02:30:50 PM,24693.0,0,0.0,112681836585.0
2025-08-01 02:30:50 PM,24693.0,75,1851975.0,112683688560.0
2025-08-01 02:30:52 PM,24693.0,75,1851975.0,112685540535.0
2025-08-01 02:30:53 PM,24690.3,0,0.0,112685540535.0
2025-08-01 02:30:53 PM,24690.3,75,1851772.5,112687392307.5
2025-08-01 02:30:55 PM,24691.0,0,0.0,112687392307.5
2025-08-01 02:30:55 PM,24691.0,75,1851825.0,112689244132.5
2025-08-01 02:30:58 PM,24693.0,0,0.0,112689244132.5
2025-08-01 02:30:58 PM,24693.0,150,3703950.0,112692948082.5
2025-08-01 02:30:59 PM,24694.9,75,1852117.5,112694800200.0
2025-08-01 02:30:59 PM,24697.0,0,0.0,112694800200.0
2025-08-01 02:31:00 PM,24698.0,0,0.0,112694800200.0
2025-08-01 02:31:00 PM,24698.0,675,16671150.0,112711471350.0
2025-08-01 02:31:00 PM,24694.0,0,0.0,112711471350.0
2025-08-01 02:31:00 PM,24694.0,75,1852050.0,112713323400.0
2025-08-01 02:31:06 PM,24694.9,0,0.0,112713323400.0
2025-08-01 02:31:06 PM,24695.0,0,0.0,112713323400.0
2025-08-01 02:31:07 PM,24695.0,150,3704250.0,112717027650.0
2025-08-01 02:31:07 PM,24698.0,0,0.0,112717027650.0
2025-08-01 02:31:08 PM,24698.0,75,1852350.0,112718880000.0
2025-08-01 02:31:09 PM,24698.8,0,0.0,112718880000.0
2025-08-01 02:31:10 PM,24698.8,150,3704820.0,112722584820.0
2025-08-01 02:31:12 PM,24697.0,0,0.0,112722584820.0
2025-08-01 02:31:13 PM,24695.1,0,0.0,112722584820.0
2025-08-01 02:31:13 PM,24695.1,375,9260662.5,112731845482.5
2025-08-01 02:31:14 PM,24697.9,0,0.0,112731845482.5
2025-08-01 02:31:15 PM,24697.9,75,1852342.5,112733697825.0
2025-08-01 02:31:15 PM,24696.5,0,0.0,112733697825.0
2025-08-01 02:31:16 PM,24696.5,75,1852237.5,112735550062.5
2025-08-01 02:31:16 PM,24699.1,0,0.0,112735550062.5
2025-08-01 02:31:17 PM,24699.1,525,12967027.5,112748517090.0
2025-08-01 02:31:17 PM,24699.0,0,0.0,112748517090.0
2025-08-01 02:31:18 PM,24699.0,75,1852425.0,112750369515.0
2025-08-01 02:31:20 PM,24699.0,75,1852425.0,112752221940.0
2025-08-01 02:31:20 PM,24699.0,75,1852425.0,112754074365.0
2025-08-01 02:31:22 PM,24699.1,0,0.0,112754074365.0
2025-08-01 02:31:22 PM,24699.0,0,0.0,112754074365.0
2025-08-01 02:31:23 PM,24699.6,0,0.0,112754074365.0
2025-08-01 02:31:23 PM,24699.6,3525,87066090.0,112841140455.0
2025-08-01 02:31:26 PM,24700.7,0,0.0,112841140455.0
2025-08-01 02:31:26 PM,24700.7,75,1852552.5,112842993007.5
2025-08-01 02:31:26 PM,24703.0,0,0.0,112842993007.5
2025-08-01 02:31:27 PM,24703.0,75,1852725.0,112844845732.5
2025-08-01 02:31:28 PM,24703.0,150,3705450.0,112848551182.5
2025-08-01 02:31:30 PM,24704.0,0,0.0,112848551182.5
2025-08-01 02:31:31 PM,24704.0,75,1852800.0,112850403982.5
2025-08-01 02:31:32 PM,24704.8,75,1852860.0,112852256842.5
2025-08-01 02:31:33 PM,24701.4,0,0.0,112852256842.5
2025-08-01 02:31:33 PM,24701.4,75,1852605.0,112854109447.5
2025-08-01 02:31:34 PM,24707.1,0,0.0,112854109447.5
2025-08-01 02:31:34 PM,24704.8,0,0.0,112854109447.5
2025-08-01 02:31:35 PM,24706.7,375,9265012.5,112863374460.0
2025-08-01 02:31:39 PM,24707.9,0,0.0,112863374460.0
2025-08-01 02:31:40 PM,24707.9,225,5559277.5,112868933737.5
2025-08-01 02:31:41 PM,24705.0,0,0.0,112868933737.5
2025-08-01 02:31:41 PM,24707.4,0,0.0,112868933737.5
2025-08-01 02:31:41 PM,24707.4,150,3706110.0,112872639847.5
2025-08-01 02:31:45 PM,24704.0,75,1852800.0,112874492647.5
2025-08-01 02:31:45 PM,24704.0,150,3705600.0,112878198247.5
2025-08-01 02:31:46 PM,24707.5,0,0.0,112878198247.5
2025-08-01 02:31:46 PM,24704.0,0,0.0,112878198247.5
2025-08-01 02:31:46 PM,24704.0,975,24086400.0,112902284647.5
2025-08-01 02:31:47 PM,24707.4,0,0.0,112902284647.5
2025-08-01 02:31:48 PM,24707.4,75,1853055.0,112904137702.5
2025-08-01 02:31:50 PM,24707.0,0,0.0,112904137702.5
2025-08-01 02:31:50 PM,24707.0,75,1853025.0,112905990727.5
2025-08-01 02:31:50 PM,24705.0,0,0.0,112905990727.5
2025-08-01 02:31:51 PM,24705.0,75,1852875.0,112907843602.5
2025-08-01 02:31:53 PM,24707.0,150,3706050.0,112911549652.5
2025-08-01 02:31:55 PM,24706.4,0,0.0,112911549652.5
2025-08-01 02:31:55 PM,24706.4,75,1852980.0,112913402632.5
2025-08-01 02:32:02 PM,24707.0,0,0.0,112913402632.5
2025-08-01 02:32:02 PM,24707.0,600,14824200.0,112928226832.5
2025-08-01 02:32:02 PM,24708.0,0,0.0,112928226832.5
2025-08-01 02:32:03 PM,24707.0,0,0.0,112928226832.5
2025-08-01 02:32:03 PM,24707.0,375,9265125.0,112937491957.5
2025-08-01 02:32:05 PM,24706.4,0,0.0,112937491957.5
2025-08-01 02:32:05 PM,24706.4,225,5558940.0,112943050897.5
2025-08-01 02:32:07 PM,24705.0,0,0.0,112943050897.5
2025-08-01 02:32:08 PM,24707.0,0,0.0,112943050897.5
2025-08-01 02:32:08 PM,24707.0,375,9265125.0,112952316022.5
2025-08-01 02:32:08 PM,24705.0,0,0.0,112952316022.5
2025-08-01 02:32:08 PM,24705.0,150,3705750.0,112956021772.5
2025-08-01 02:32:10 PM,24705.0,75,1852875.0,112957874647.5
2025-08-01 02:32:10 PM,24703.9,0,0.0,112957874647.5
2025-08-01 02:32:11 PM,24700.7,0,0.0,112957874647.5
2025-08-01 02:32:11 PM,24700.7,225,5557657.5,112963432305.0
2025-08-01 02:32:13 PM,24700.7,150,3705105.0,112967137410.0
2025-08-01 02:32:14 PM,24702.0,0,0.0,112967137410.0
2025-08-01 02:32:15 PM,24702.0,75,1852650.0,112968990060.0
2025-08-01 02:32:19 PM,24703.9,0,0.0,112968990060.0
2025-08-01 02:32:20 PM,24703.9,75,1852792.5,112970842852.5
2025-08-01 02:32:21 PM,24700.7,0,0.0,112970842852.5
2025-08-01 02:32:21 PM,24700.7,75,1852552.5,112972695405.0
2025-08-01 02:32:26 PM,24703.9,0,0.0,112972695405.0
2025-08-01 02:32:26 PM,24703.9,75,1852792.5,112974548197.5
2025-08-01 02:32:30 PM,24703.9,75,1852792.5,112976400990.0
2025-08-01 02:32:30 PM,24702.0,0,0.0,112976400990.0
2025-08-01 02:32:31 PM,24702.0,75,1852650.0,112978253640.0
2025-08-01 02:32:33 PM,24706.7,450,11118015.0,112989371655.0
2025-08-01 02:32:35 PM,24702.0,0,0.0,112989371655.0
2025-08-01 02:32:36 PM,24705.5,0,0.0,112989371655.0
2025-08-01 02:32:36 PM,24705.5,225,5558737.5,112994930392.5
2025-08-01 02:32:38 PM,24705.5,75,1852912.5,112996783305.0
2025-08-01 02:32:40 PM,24705.5,75,1852912.5,112998636217.5
2025-08-01 02:32:40 PM,24705.5,150,3705825.0,113002342042.5
2025-08-01 02:32:41 PM,24705.5,300,7411650.0,113009753692.5
2025-08-01 02:32:43 PM,24709.1,0,0.0,113009753692.5
2025-08-01 02:32:43 PM,24709.1,675,16678642.499999998,113026432335.0
2025-08-01 02:32:44 PM,24705.5,0,0.0,113026432335.0
2025-08-01 02:32:44 PM,24708.0,0,0.0,113026432335.0
2025-08-01 02:32:45 PM,24708.0,150,3706200.0,113030138535.0
2025-08-01 02:32:47 PM,24705.5,0,0.0,113030138535.0
2025-08-01 02:32:48 PM,24705.5,75,1852912.5,113031991447.5
2025-08-01 02:32:51 PM,24706.0,0,0.0,113031991447.5
2025-08-01 02:32:51 PM,24706.0,150,3705900.0,113035697347.5
2025-08-01 02:32:53 PM,24709.1,0,0.0,113035697347.5
2025-08-01 02:32:53 PM,24709.1,150,3706365.0,113039403712.5
2025-08-01 02:32:59 PM,24705.0,0,0.0,113039403712.5
2025-08-01 02:33:00 PM,24705.0,525,12970125.0,113052373837.5
2025-08-01 02:33:01 PM,24704.7,0,0.0,113052373837.5
2025-08-01 02:33:02 PM,24703.8,4800,118578240.0,113170952077.5
2025-08-01 02:33:08 PM,24712.9,0,0.0,113170952077.5
2025-08-01 02:33:08 PM,24712.9,3000,74138700.0,113245090777.5
2025-08-01 02:33:09 PM,24704.1,0,0.0,113245090777.5
2025-08-01 02:33:10 PM,24704.1,75,1852807.5,113246943585.0
2025-08-01 02:33:11 PM,24705.0,0,0.0,113246943585.0
2025-08-01 02:33:12 PM,24705.0,75,1852875.0,113248796460.0
2025-08-01 02:33:15 PM,24705.6,0,0.0,113248796460.0
2025-08-01 02:33:15 PM,24705.6,75,1852920.0,113250649380.0
2025-08-01 02:33:16 PM,24711.5,0,0.0,113250649380.0
2025-08-01 02:33:16 PM,24705.6,0,0.0,113250649380.0
2025-08-01 02:33:17 PM,24705.6,450,11117520.0,113261766900.0
2025-08-01 02:33:19 PM,24711.5,0,0.0,113261766900.0
2025-08-01 02:33:20 PM,24711.5,75,1853362.5,113263620262.5
2025-08-01 02:33:20 PM,24712.8,0,0.0,113263620262.5
2025-08-01 02:33:22 PM,24712.8,75,1853460.0,113265473722.5
2025-08-01 02:33:22 PM,24707.1,150,3706065.0,113269179787.5
2025-08-01 02:33:22 PM,24713.0,0,0.0,113269179787.5
2025-08-01 02:33:23 PM,24713.0,150,3706950.0,113272886737.5
2025-08-01 02:33:25 PM,24711.0,0,0.0,113272886737.5
2025-08-01 02:33:25 PM,24711.0,150,3706650.0,113276593387.5
2025-08-01 02:33:26 PM,24707.6,0,0.0,113276593387.5
2025-08-01 02:33:27 PM,24707.6,375,9265350.0,113285858737.5
2025-08-01 02:33:27 PM,24711.0,75,1853325.0,113287712062.5
2025-08-01 02:33:27 PM,24712.0,0,0.0,113287712062.5
2025-08-01 02:33:28 PM,24713.9,0,0.0,113287712062.5
2025-08-01 02:33:28 PM,24713.9,225,5560627.5,113293272690.0
2025-08-01 02:33:32 PM,24713.9,75,1853542.5,113295126232.5
2025-08-01 02:33:32 PM,24715.0,0,0.0,113295126232.5
2025-08-01 02:33:33 PM,24715.0,450,11121750.0,113306247982.5
2025-08-01 02:33:34 PM,24715.0,150,3707250.0,113309955232.5
2025-08-01 02:33:35 PM,24715.0,75,1853625.0,113311808857.5
2025-08-01 02:33:35 PM,24715.7,75,1853677.5,113313662535.0
2025-08-01 02:33:35 PM,24712.0,0,0.0,113313662535.0
2025-08-01 02:33:36 PM,24715.0,0,0.0,113313662535.0
2025-08-01 02:33:36 PM,24717.6,0,0.0,113313662535.0
2025-08-01 02:33:37 PM,24717.6,600,14830560.0,113328493095.0
2025-08-01 02:33:37 PM,24717.7,150,3707655.0,113332200750.0
2025-08-01 02:33:37 PM,24717.6,0,0.0,113332200750.0
2025-08-01 02:33:38 PM,24717.6,450,11122920.0,113343323670.0
2025-08-01 02:33:39 PM,24717.6,75,1853820.0,113345177490.0
2025-08-01 02:33:39 PM,24715.0,0,0.0,113345177490.0
2025-08-01 02:33:40 PM,24717.0,0,0.0,113345177490.0
2025-08-01 02:33:40 PM,24717.0,300,7415100.0,113352592590.0
2025-08-01 02:33:40 PM,24717.9,75,1853842.5,113354446432.5
2025-08-01 02:33:41 PM,24715.0,0,0.0,113354446432.5
2025-08-01 02:33:42 PM,24718.9,1350,33370515.000000004,113387816947.5
2025-08-01 02:33:42 PM,24718.5,75,1853887.5,113389670835.0
2025-08-01 02:33:44 PM,24716.8,0,0.0,113389670835.0
2025-08-01 02:33:44 PM,24715.1,0,0.0,113389670835.0
2025-08-01 02:33:45 PM,24715.1,1725,42633547.5,113432304382.5
2025-08-01 02:33:45 PM,24716.5,150,3707475.0,113436011857.5
2025-08-01 02:33:46 PM,24716.4,0,0.0,113436011857.5
2025-08-01 02:33:47 PM,24715.8,150,3707370.0,113439719227.5
2025-08-01 02:33:47 PM,24715.8,75,1853685.0,113441572912.5
2025-08-01 02:33:48 PM,24716.1,0,0.0,113441572912.5
2025-08-01 02:33:48 PM,24716.1,150,3707415.0,113445280327.5
2025-08-01 02:33:50 PM,24716.0,0,0.0,113445280327.5
2025-08-01 02:33:51 PM,24715.1,0,0.0,113445280327.5
2025-08-01 02:33:52 PM,24715.2,300,7414560.0,113452694887.5
2025-08-01 02:33:52 PM,24715.6,0,0.0,113452694887.5
2025-08-01 02:33:52 PM,24715.6,75,1853670.0,113454548557.5
2025-08-01 02:33:53 PM,24716.6,0,0.0,113454548557.5
2025-08-01 02:33:53 PM,24716.6,375,9268725.0,113463817282.5
2025-08-01 02:33:53 PM,24716.9,0,0.0,113463817282.5
2025-08-01 02:33:54 PM,24715.0,225,5560875.0,113469378157.5
2025-08-01 02:33:55 PM,24716.1,0,0.0,113469378157.5
2025-08-01 02:33:55 PM,24716.1,75,1853707.5,113471231865.0
2025-08-01 02:33:55 PM,24715.2,0,0.0,113471231865.0
2025-08-01 02:33:56 PM,24716.0,0,0.0,113471231865.0
2025-08-01 02:33:56 PM,24710.2,0,0.0,113471231865.0
2025-08-01 02:33:57 PM,24710.2,225,5559795.0,113476791660.0
2025-08-01 02:33:57 PM,24715.0,0,0.0,113476791660.0
2025-08-01 02:33:57 PM,24715.0,75,1853625.0,113478645285.0
2025-08-01 02:33:58 PM,24710.5,0,0.0,113478645285.0
2025-08-01 02:33:59 PM,24710.5,75,1853287.5,113480498572.5
2025-08-01 02:34:04 PM,24715.0,0,0.0,113480498572.5
2025-08-01 02:34:04 PM,24710.0,0,0.0,113480498572.5
2025-08-01 02:34:05 PM,24710.0,600,14826000.0,113495324572.5
2025-08-01 02:34:07 PM,24715.0,0,0.0,113495324572.5
2025-08-01 02:34:07 PM,24715.0,75,1853625.0,113497178197.5
2025-08-01 02:34:08 PM,24715.0,150,3707250.0,113500885447.5
2025-08-01 02:34:12 PM,24715.0,1575,38926125.0,113539811572.5
2025-08-01 02:34:12 PM,24715.0,75,1853625.0,113541665197.5
2025-08-01 02:34:13 PM,24715.0,375,9268125.0,113550933322.5
2025-08-01 02:34:14 PM,24715.0,150,3707250.0,113554640572.5
2025-08-01 02:34:14 PM,24715.5,0,0.0,113554640572.5
2025-08-01 02:34:15 PM,24715.0,0,0.0,113554640572.5
2025-08-01 02:34:15 PM,24715.0,225,5560875.0,113560201447.5
2025-08-01 02:34:15 PM,24715.0,1725,42633375.0,113602834822.5
2025-08-01 02:34:15 PM,24710.0,0,0.0,113602834822.5
2025-08-01 02:34:16 PM,24707.2,0,0.0,113602834822.5
2025-08-01 02:34:17 PM,24707.2,300,7412160.0,113610246982.5
2025-08-01 02:34:21 PM,24709.9,0,0.0,113610246982.5
2025-08-01 02:34:22 PM,24713.7,150,3707055.0,113613954037.5
2025-08-01 02:34:22 PM,24707.5,0,0.0,113613954037.5
2025-08-01 02:34:23 PM,24707.5,75,1853062.5,113615807100.0
2025-08-01 02:34:27 PM,24713.9,0,0.0,113615807100.0
2025-08-01 02:34:28 PM,24713.9,450,11121255.0,113626928355.0
2025-08-01 02:34:34 PM,24712.1,0,0.0,113626928355.0
2025-08-01 02:34:34 PM,24710.0,0,0.0,113626928355.0
2025-08-01 02:34:35 PM,24710.0,825,20385750.0,113647314105.0
2025-08-01 02:34:38 PM,24710.0,600,14826000.0,113662140105.0
2025-08-01 02:34:39 PM,24712.0,0,0.0,113662140105.0
2025-08-01 02:34:40 PM,24712.0,150,3706800.0,113665846905.0
2025-08-01 02:34:46 PM,24710.0,0,0.0,113665846905.0
2025-08-01 02:34:46 PM,24710.0,300,7413000.0,113673259905.0
2025-08-01 02:34:54 PM,24711.7,0,0.0,113673259905.0
2025-08-01 02:34:55 PM,24711.7,75,1853377.5,113675113282.5
2025-08-01 02:34:57 PM,24711.7,225,5560132.5,113680673415.0
2025-08-01 02:34:57 PM,24712.8,0,0.0,113680673415.0
2025-08-01 02:34:58 PM,24712.8,75,1853460.0,113682526875.0
2025-08-01 02:35:04 PM,24711.7,0,0.0,113682526875.0
2025-08-01 02:35:05 PM,24711.7,75,1853377.5,113684380252.5
2025-08-01 02:35:05 PM,24712.7,75,1853452.5,113686233705.0
2025-08-01 02:35:06 PM,24713.0,0,0.0,113686233705.0
2025-08-01 02:35:06 PM,24713.0,150,3706950.0,113689940655.0
2025-08-01 02:35:07 PM,24711.7,300,7413510.0,113697354165.0
2025-08-01 02:35:10 PM,24713.0,0,0.0,113697354165.0
2025-08-01 02:35:10 PM,24711.7,150,3706755.0,113701060920.0
2025-08-01 02:35:12 PM,24713.0,0,0.0,113701060920.0
2025-08-01 02:35:12 PM,24713.0,75,1853475.0,113702914395.0
2025-08-01 02:35:13 PM,24713.0,75,1853475.0,113704767870.0
2025-08-01 02:35:14 PM,24713.9,0,0.0,113704767870.0
2025-08-01 02:35:15 PM,24713.9,75,1853542.5,113706621412.5
2025-08-01 02:35:18 PM,24713.0,0,0.0,113706621412.5
2025-08-01 02:35:18 PM,24713.0,75,1853475.0,113708474887.5
2025-08-01 02:35:19 PM,24713.9,0,0.0,113708474887.5
2025-08-01 02:35:20 PM,24713.0,150,3706950.0,113712181837.5
2025-08-01 02:35:29 PM,24715.0,0,0.0,113712181837.5
2025-08-01 02:35:30 PM,24715.0,1125,27804375.0,113739986212.5
2025-08-01 02:35:33 PM,24715.0,75,1853625.0,113741839837.5
2025-08-01 02:35:34 PM,24717.0,0,0.0,113741839837.5
2025-08-01 02:35:35 PM,24717.0,75,1853775.0,113743693612.5
2025-08-01 02:35:36 PM,24714.9,0,0.0,113743693612.5
2025-08-01 02:35:37 PM,24714.9,75,1853617.5,113745547230.0
2025-08-01 02:35:37 PM,24714.9,150,3707235.0,113749254465.0
2025-08-01 02:35:38 PM,24716.0,0,0.0,113749254465.0
2025-08-01 02:35:38 PM,24716.0,225,5561100.0,113754815565.0
2025-08-01 02:35:38 PM,24717.0,0,0.0,113754815565.0
2025-08-01 02:35:39 PM,24717.0,375,9268875.0,113764084440.0
2025-08-01 02:35:45 PM,24717.2,75,1853790.0,113765938230.0
2025-08-01 02:35:46 PM,24717.0,0,0.0,113765938230.0
2025-08-01 02:35:47 PM,24717.4,1125,27807075.0,113793745305.0
2025-08-01 02:35:47 PM,24717.6,75,1853820.0,113795599125.0
2025-08-01 02:35:49 PM,24718.0,75,1853850.0,113797452975.0
2025-08-01 02:35:49 PM,24717.0,0,0.0,113797452975.0
2025-08-01 02:35:50 PM,24717.0,150,3707550.0,113801160525.0
2025-08-01 02:35:52 PM,24716.0,375,9268500.0,113810429025.0
2025-08-01 02:35:52 PM,24716.5,75,1853737.5,113812282762.5
2025-08-01 02:35:52 PM,24717.3,0,0.0,113812282762.5
2025-08-01 02:35:53 PM,24715.0,0,0.0,113812282762.5
2025-08-01 02:35:53 PM,24715.0,1275,31511625.0,113843794387.5
2025-08-01 02:35:53 PM,24714.9,0,0.0,113843794387.5
2025-08-01 02:35:54 PM,24714.9,75,1853617.5,113845648005.0
2025-08-01 02:35:56 PM,24714.0,0,0.0,113845648005.0
2025-08-01 02:35:57 PM,24714.0,75,1853550.0,113847501555.0
2025-08-01 02:35:57 PM,24714.4,0,0.0,113847501555.0
2025-08-01 02:35:58 PM,24714.4,75,1853580.0,113849355135.0
2025-08-01 02:36:00 PM,24714.6,0,0.0,113849355135.0
2025-08-01 02:36:00 PM,24714.6,75,1853595.0,113851208730.0
2025-08-01 02:36:00 PM,24714.0,0,0.0,113851208730.0
2025-08-01 02:36:01 PM,24713.0,0,0.0,113851208730.0
2025-08-01 02:36:02 PM,24713.0,600,14827800.0,113866036530.0
2025-08-01 02:36:02 PM,24712.9,0,0.0,113866036530.0
2025-08-01 02:36:03 PM,24712.1,0,0.0,113866036530.0
2025-08-01 02:36:03 PM,24712.1,150,3706815.0,113869743345.0
2025-08-01 02:36:04 PM,24711.0,0,0.0,113869743345.0
2025-08-01 02:36:05 PM,24710.0,150,3706500.0,113873449845.0
2025-08-01 02:36:07 PM,24711.9,0,0.0,113873449845.0
2025-08-01 02:36:08 PM,24707.3,0,0.0,113873449845.0
2025-08-01 02:36:08 PM,24707.3,3525,87093232.5,113960543077.5
2025-08-01 02:36:10 PM,24707.0,0,0.0,113960543077.5
2025-08-01 02:36:10 PM,24707.0,75,1853025.0,113962396102.5
2025-08-01 02:36:14 PM,24707.6,0,0.0,113962396102.5
2025-08-01 02:36:15 PM,24707.6,75,1853070.0,113964249172.5
2025-08-01 02:36:24 PM,24710.0,0,0.0,113964249172.5
2025-08-01 02:36:24 PM,24713.7,0,0.0,113964249172.5
2025-08-01 02:36:25 PM,24713.7,150,3707055.0,113967956227.5
2025-08-01 02:36:30 PM,24712.7,0,0.0,113967956227.5
2025-08-01 02:36:30 PM,24712.7,225,5560357.5,113973516585.0
2025-08-01 02:36:41 PM,24710.0,0,0.0,113973516585.0
2025-08-01 02:36:41 PM,24712.0,0,0.0,113973516585.0
2025-08-01 02:36:42 PM,24712.0,150,3706800.0,113977223385.0
2025-08-01 02:36:44 PM,24709.2,0,0.0,113977223385.0
2025-08-01 02:36:45 PM,24709.2,75,1853190.0,113979076575.0
2025-08-01 02:36:45 PM,24714.0,0,0.0,113979076575.0
2025-08-01 02:36:47 PM,24714.0,150,3707100.0,113982783675.0
2025-08-01 02:36:50 PM,24714.0,75,1853550.0,113984637225.0
2025-08-01 02:36:56 PM,24715.0,0,0.0,113984637225.0
2025-08-01 02:36:57 PM,24715.0,675,16682625.0,114001319850.0
2025-08-01 02:37:01 PM,24712.5,0,0.0,114001319850.0
2025-08-01 02:37:02 PM,24712.5,825,20387812.5,114021707662.5
2025-08-01 02:37:03 PM,24718.6,0,0.0,114021707662.5
2025-08-01 02:37:03 PM,24718.6,3000,74155800.0,114095863462.5
2025-08-01 02:37:04 PM,24711.5,0,0.0,114095863462.5
2025-08-01 02:37:04 PM,24711.1,0,0.0,114095863462.5
2025-08-01 02:37:04 PM,24714.6,0,0.0,114095863462.5
2025-08-01 02:37:05 PM,24714.6,300,7414380.0,114103277842.5
2025-08-01 02:37:06 PM,24715.0,0,0.0,114103277842.5
2025-08-01 02:37:06 PM,24708.6,0,0.0,114103277842.5
2025-08-01 02:37:07 PM,24714.4,2100,51900240.0,114155178082.5
2025-08-01 02:37:08 PM,24714.5,75,1853587.5,114157031670.0
2025-08-01 02:37:10 PM,24714.6,0,0.0,114157031670.0
2025-08-01 02:37:10 PM,24708.1,0,0.0,114157031670.0
2025-08-01 02:37:10 PM,24707.7,0,0.0,114157031670.0
2025-08-01 02:37:10 PM,24707.7,450,11118465.0,114168150135.0
2025-08-01 02:37:11 PM,24707.1,0,0.0,114168150135.0
2025-08-01 02:37:12 PM,24707.1,75,1853032.5,114170003167.5
2025-08-01 02:37:13 PM,24707.2,0,0.0,114170003167.5
2025-08-01 02:37:13 PM,24707.2,150,3706080.0,114173709247.5
2025-08-01 02:37:16 PM,24714.5,0,0.0,114173709247.5
2025-08-01 02:37:16 PM,24707.2,0,0.0,114173709247.5
2025-08-01 02:37:17 PM,24707.2,300,7412160.0,114181121407.5
2025-08-01 02:37:29 PM,24713.0,0,0.0,114181121407.5
2025-08-01 02:37:30 PM,24707.0,0,0.0,114181121407.5
2025-08-01 02:37:30 PM,24707.0,525,12971175.0,114194092582.5
2025-08-01 02:37:32 PM,24711.8,0,0.0,114194092582.5
2025-08-01 02:37:33 PM,24711.8,75,1853385.0,114195945967.5
2025-08-01 02:37:42 PM,24707.0,0,0.0,114195945967.5
2025-08-01 02:37:43 PM,24707.0,75,1853025.0,114197798992.5
2025-08-01 02:37:44 PM,24709.7,0,0.0,114197798992.5
2025-08-01 02:37:45 PM,24709.7,75,1853227.5,114199652220.0
2025-08-01 02:37:52 PM,24708.3,0,0.0,114199652220.0
2025-08-01 02:37:53 PM,24708.3,75,1853122.5,114201505342.5
2025-08-01 02:37:56 PM,24707.0,0,0.0,114201505342.5
2025-08-01 02:37:57 PM,24707.0,75,1853025.0,114203358367.5
2025-08-01 02:37:58 PM,24707.0,75,1853025.0,114205211392.5
2025-08-01 02:38:02 PM,24707.0,75,1853025.0,114207064417.5
2025-08-01 02:38:04 PM,24705.0,0,0.0,114207064417.5
2025-08-01 02:38:04 PM,24705.0,1725,42616125.0,114249680542.5
2025-08-01 02:38:04 PM,24703.0,0,0.0,114249680542.5
2025-08-01 02:38:05 PM,24705.9,150,3705885.0,114253386427.5
2025-08-01 02:38:06 PM,24703.0,0,0.0,114253386427.5
2025-08-01 02:38:07 PM,24703.0,75,1852725.0,114255239152.5
2025-08-01 02:38:07 PM,24700.2,0,0.0,114255239152.5
2025-08-01 02:38:08 PM,24700.2,375,9262575.0,114264501727.5
2025-08-01 02:38:08 PM,24701.9,0,0.0,114264501727.5
2025-08-01 02:38:09 PM,24701.9,525,12968497.5,114277470225.0
2025-08-01 02:38:11 PM,24700.0,0,0.0,114277470225.0
2025-08-01 02:38:12 PM,24700.0,300,7410000.0,114284880225.0
2025-08-01 02:38:13 PM,24700.0,225,5557500.0,114290437725.0
2025-08-01 02:38:14 PM,24700.0,225,5557500.0,114295995225.0
2025-08-01 02:38:15 PM,24700.0,450,11115000.0,114307110225.0
2025-08-01 02:38:16 PM,24697.1,0,0.0,114307110225.0
2025-08-01 02:38:17 PM,24697.1,1050,25931955.0,114333042180.0
2025-08-01 02:38:18 PM,24698.9,0,0.0,114333042180.0
2025-08-01 02:38:18 PM,24698.9,75,1852417.5,114334894597.5
2025-08-01 02:38:20 PM,24696.2,0,0.0,114334894597.5
2025-08-01 02:38:22 PM,24695.0,0,0.0,114334894597.5
2025-08-01 02:38:22 PM,24695.0,225,5556375.0,114340450972.5
2025-08-01 02:38:24 PM,24692.0,0,0.0,114340450972.5
2025-08-01 02:38:25 PM,24692.0,1350,33334200.0,114373785172.5
2025-08-01 02:38:25 PM,24691.4,0,0.0,114373785172.5
2025-08-01 02:38:27 PM,24691.4,75,1851855.0,114375637027.5
2025-08-01 02:38:27 PM,24690.4,0,0.0,114375637027.5
2025-08-01 02:38:28 PM,24691.0,0,0.0,114375637027.5
2025-08-01 02:38:28 PM,24697.4,825,20375355.0,114396012382.5
2025-08-01 02:38:29 PM,24695.4,0,0.0,114396012382.5
2025-08-01 02:38:30 PM,24695.4,150,3704310.0,114399716692.5
2025-08-01 02:38:31 PM,24692.1,0,0.0,114399716692.5
2025-08-01 02:38:32 PM,24692.1,75,1851907.5,114401568600.0
2025-08-01 02:38:36 PM,24692.0,0,0.0,114401568600.0
2025-08-01 02:38:37 PM,24692.0,75,1851900.0,114403420500.0
2025-08-01 02:38:37 PM,24693.4,0,0.0,114403420500.0
2025-08-01 02:38:38 PM,24693.4,375,9260025.0,114412680525.0
2025-08-01 02:38:39 PM,24692.0,0,0.0,114412680525.0
2025-08-01 02:38:40 PM,24692.0,450,11111400.0,114423791925.0
2025-08-01 02:38:41 PM,24691.0,0,0.0,114423791925.0
2025-08-01 02:38:42 PM,24691.0,675,16666425.0,114440458350.0
2025-08-01 02:38:42 PM,24691.0,150,3703650.0,114444162000.0
2025-08-01 02:38:45 PM,24693.1,75,1851982.5,114446013982.5
2025-08-01 02:38:46 PM,24690.0,0,0.0,114446013982.5
2025-08-01 02:38:47 PM,24690.0,1275,31479750.0,114477493732.5
2025-08-01 02:38:47 PM,24688.0,75,1851600.0,114479345332.5
2025-08-01 02:38:47 PM,24687.0,0,0.0,114479345332.5
2025-08-01 02:38:48 PM,24687.0,75,1851525.0,114481196857.5
2025-08-01 02:38:49 PM,24685.5,0,0.0,114481196857.5
2025-08-01 02:38:50 PM,24685.5,375,9257062.5,114490453920.0
2025-08-01 02:38:51 PM,24691.6,0,0.0,114490453920.0
2025-08-01 02:38:52 PM,24691.6,900,22222440.0,114512676360.0
2025-08-01 02:38:52 PM,24692.5,600,14815500.0,114527491860.0
2025-08-01 02:38:52 PM,24693.4,0,0.0,114527491860.0
2025-08-01 02:38:53 PM,24691.7,0,0.0,114527491860.0
2025-08-01 02:38:53 PM,24691.7,825,20370652.5,114547862512.5
2025-08-01 02:38:54 PM,24690.2,0,0.0,114547862512.5
2025-08-01 02:38:55 PM,24690.2,225,5555295.0,114553417807.5
2025-08-01 02:38:56 PM,24689.4,0,0.0,114553417807.5
2025-08-01 02:38:57 PM,24689.4,75,1851705.0,114555269512.5
2025-08-01 02:38:58 PM,24688.2,0,0.0,114555269512.5
2025-08-01 02:38:58 PM,24688.2,75,1851615.0,114557121127.5
2025-08-01 02:38:59 PM,24691.6,0,0.0,114557121127.5
2025-08-01 02:39:00 PM,24691.6,225,5555610.0,114562676737.5
2025-08-01 02:39:00 PM,24696.3,3000,74088900.0,114636765637.5
2025-08-01 02:39:02 PM,24692.5,0,0.0,114636765637.5
2025-08-01 02:39:03 PM,24692.5,75,1851937.5,114638617575.0
2025-08-01 02:39:05 PM,24692.8,300,7407840.0,114646025415.0
2025-08-01 02:39:05 PM,24697.9,300,7409370.0,114653434785.0
2025-08-01 02:39:07 PM,24692.2,0,0.0,114653434785.0
2025-08-01 02:39:07 PM,24692.2,75,1851915.0,114655286700.0
2025-08-01 02:39:08 PM,24692.2,150,3703830.0,114658990530.0
2025-08-01 02:39:10 PM,24693.8,0,0.0,114658990530.0
2025-08-01 02:39:10 PM,24693.8,450,11112210.0,114670102740.0
2025-08-01 02:39:14 PM,24698.0,75,1852350.0,114671955090.0
2025-08-01 02:39:15 PM,24695.2,0,0.0,114671955090.0
2025-08-01 02:39:15 PM,24695.2,150,3704280.0,114675659370.0
2025-08-01 02:39:19 PM,24698.0,0,0.0,114675659370.0
2025-08-01 02:39:19 PM,24698.0,75,1852350.0,114677511720.0
2025-08-01 02:39:21 PM,24695.1,0,0.0,114677511720.0
2025-08-01 02:39:21 PM,24695.0,0,0.0,114677511720.0
2025-08-01 02:39:21 PM,24700.0,0,0.0,114677511720.0
2025-08-01 02:39:22 PM,24700.0,2325,57427500.0,114734939220.0
2025-08-01 02:39:22 PM,24700.0,75,1852500.0,114736791720.0
2025-08-01 02:39:28 PM,24704.6,0,0.0,114736791720.0
2025-08-01 02:39:28 PM,24704.6,75,1852845.0,114738644565.0
2025-08-01 02:39:33 PM,24704.6,75,1852845.0,114740497410.0
2025-08-01 02:39:36 PM,24700.5,0,0.0,114740497410.0
2025-08-01 02:39:37 PM,24700.3,225,5557567.5,114746054977.5
2025-08-01 02:39:37 PM,24700.4,0,0.0,114746054977.5
2025-08-01 02:39:38 PM,24700.4,75,1852530.0,114747907507.5
2025-08-01 02:39:40 PM,24700.8,150,3705120.0,114751612627.5
2025-08-01 02:39:40 PM,24704.7,0,0.0,114751612627.5
2025-08-01 02:39:40 PM,24704.7,75,1852852.5,114753465480.0
2025-08-01 02:39:43 PM,24701.6,0,0.0,114753465480.0
2025-08-01 02:39:43 PM,24705.9,150,3705885.0,114757171365.0
2025-08-01 02:39:46 PM,24705.0,0,0.0,114757171365.0
2025-08-01 02:39:47 PM,24705.0,300,7411500.0,114764582865.0
2025-08-01 02:39:50 PM,24704.0,75,1852800.0,114766435665.0
2025-08-01 02:39:54 PM,24701.9,0,0.0,114766435665.0
2025-08-01 02:39:54 PM,24701.9,75,1852642.5,114768288307.5
2025-08-01 02:39:57 PM,24703.7,0,0.0,114768288307.5
2025-08-01 02:39:58 PM,24700.0,0,0.0,114768288307.5
2025-08-01 02:39:58 PM,24700.0,150,3705000.0,114771993307.5
2025-08-01 02:40:00 PM,24700.0,150,3705000.0,114775698307.5
2025-08-01 02:40:01 PM,24704.0,0,0.0,114775698307.5
2025-08-01 02:40:01 PM,24700.0,0,0.0,114775698307.5
2025-08-01 02:40:02 PM,24700.0,450,11115000.0,114786813307.5
2025-08-01 02:40:04 PM,24700.0,75,1852500.0,114788665807.5
2025-08-01 02:40:05 PM,24700.0,75,1852500.0,114790518307.5
2025-08-01 02:40:07 PM,24702.1,0,0.0,114790518307.5
2025-08-01 02:40:07 PM,24702.1,75,1852657.5,114792370965.0
2025-08-01 02:40:08 PM,24700.0,0,0.0,114792370965.0
2025-08-01 02:40:09 PM,24700.0,75,1852500.0,114794223465.0
2025-08-01 02:40:12 PM,24701.8,0,0.0,114794223465.0
2025-08-01 02:40:12 PM,24701.8,75,1852635.0,114796076100.0
2025-08-01 02:40:13 PM,24700.0,0,0.0,114796076100.0
2025-08-01 02:40:14 PM,24700.0,75,1852500.0,114797928600.0
2025-08-01 02:40:15 PM,24701.9,0,0.0,114797928600.0
2025-08-01 02:40:15 PM,24701.9,75,1852642.5,114799781242.5
2025-08-01 02:40:16 PM,24701.4,0,0.0,114799781242.5
2025-08-01 02:40:17 PM,24701.4,225,5557815.0,114805339057.5
2025-08-01 02:40:18 PM,24700.1,0,0.0,114805339057.5
2025-08-01 02:40:19 PM,24700.1,150,3705015.0,114809044072.5
2025-08-01 02:40:21 PM,24700.8,0,0.0,114809044072.5
2025-08-01 02:40:22 PM,24700.1,150,3705015.0,114812749087.5
2025-08-01 02:40:24 PM,24700.8,0,0.0,114812749087.5
2025-08-01 02:40:25 PM,24700.8,225,5557680.0,114818306767.5
2025-08-01 02:40:25 PM,24700.1,75,1852507.5,114820159275.0
2025-08-01 02:40:27 PM,24700.8,0,0.0,114820159275.0
2025-08-01 02:40:27 PM,24700.8,225,5557680.0,114825716955.0
2025-08-01 02:40:29 PM,24700.8,75,1852560.0,114827569515.0
2025-08-01 02:40:30 PM,24700.8,75,1852560.0,114829422075.0
2025-08-01 02:40:31 PM,24700.1,0,0.0,114829422075.0
2025-08-01 02:40:32 PM,24700.8,0,0.0,114829422075.0
2025-08-01 02:40:32 PM,24700.8,225,5557680.0,114834979755.0
2025-08-01 02:40:34 PM,24700.8,75,1852560.0,114836832315.0
2025-08-01 02:40:34 PM,24700.1,0,0.0,114836832315.0
2025-08-01 02:40:35 PM,24700.1,150,3705015.0,114840537330.0
2025-08-01 02:40:37 PM,24700.1,150,3705015.0,114844242345.0
2025-08-01 02:40:37 PM,24700.8,75,1852560.0,114846094905.0
2025-08-01 02:40:39 PM,24700.2,0,0.0,114846094905.0
2025-08-01 02:40:39 PM,24700.2,750,18525150.0,114864620055.0
2025-08-01 02:40:39 PM,24701.8,0,0.0,114864620055.0
2025-08-01 02:40:40 PM,24700.8,150,3705120.0,114868325175.0
2025-08-01 02:40:41 PM,24692.7,0,0.0,114868325175.0
2025-08-01 02:40:42 PM,24692.7,1425,35187097.5,114903512272.5
2025-08-01 02:40:43 PM,24699.7,0,0.0,114903512272.5
2025-08-01 02:40:44 PM,24694.2,375,9260325.0,114912772597.5
2025-08-01 02:40:44 PM,24693.2,0,0.0,114912772597.5
2025-08-01 02:40:45 PM,24699.6,150,3704940.0,114916477537.5
2025-08-01 02:40:46 PM,24700.0,0,0.0,114916477537.5
2025-08-01 02:40:47 PM,24700.0,75,1852500.0,114918330037.5
2025-08-01 02:40:50 PM,24699.8,225,5557455.0,114923887492.5
2025-08-01 02:40:54 PM,24694.5,0,0.0,114923887492.5
2025-08-01 02:40:54 PM,24694.5,375,9260437.5,114933147930.0
2025-08-01 02:40:54 PM,24694.6,75,1852095.0,114935000025.0
2025-08-01 02:40:55 PM,24695.2,0,0.0,114935000025.0
2025-08-01 02:40:55 PM,24695.2,75,1852140.0,114936852165.0
2025-08-01 02:41:00 PM,24699.2,0,0.0,114936852165.0
2025-08-01 02:41:00 PM,24699.2,75,1852440.0,114938704605.0
2025-08-01 02:41:01 PM,24694.6,0,0.0,114938704605.0
2025-08-01 02:41:02 PM,24694.6,300,7408380.0,114946112985.0
2025-08-01 02:41:02 PM,24699.7,0,0.0,114946112985.0
2025-08-01 02:41:04 PM,24699.7,150,3704955.0,114949817940.0
2025-08-01 02:41:04 PM,24699.1,0,0.0,114949817940.0
2025-08-01 02:41:04 PM,24694.6,0,0.0,114949817940.0
2025-08-01 02:41:05 PM,24696.0,0,0.0,114949817940.0
2025-08-01 02:41:05 PM,24696.0,450,11113200.0,114960931140.0
2025-08-01 02:41:07 PM,24698.9,300,7409670.0,114968340810.0
2025-08-01 02:41:08 PM,24698.2,0,0.0,114968340810.0
2025-08-01 02:41:09 PM,24698.2,75,1852365.0,114970193175.0
2025-08-01 02:41:09 PM,24697.9,0,0.0,114970193175.0
2025-08-01 02:41:10 PM,24697.9,75,1852342.5,114972045517.5
2025-08-01 02:41:10 PM,24696.0,0,0.0,114972045517.5
2025-08-01 02:41:10 PM,24696.0,300,7408800.0,114979454317.5
2025-08-01 02:41:15 PM,24695.5,0,0.0,114979454317.5
2025-08-01 02:41:15 PM,24695.5,75,1852162.5,114981306480.0
2025-08-01 02:41:17 PM,24698.0,0,0.0,114981306480.0
2025-08-01 02:41:17 PM,24698.0,75,1852350.0,114983158830.0
2025-08-01 02:41:23 PM,24697.6,0,0.0,114983158830.0
2025-08-01 02:41:24 PM,24697.6,75,1852320.0,114985011150.0
2025-08-01 02:41:25 PM,24696.0,0,0.0,114985011150.0
2025-08-01 02:41:25 PM,24696.0,75,1852200.0,114986863350.0
2025-08-01 02:41:29 PM,24696.0,150,3704400.0,114990567750.0
2025-08-01 02:41:31 PM,24696.9,0,0.0,114990567750.0
2025-08-01 02:41:32 PM,24696.9,75,1852267.5,114992420017.5
2025-08-01 02:41:32 PM,24696.0,0,0.0,114992420017.5
2025-08-01 02:41:33 PM,24696.9,0,0.0,114992420017.5
2025-08-01 02:41:34 PM,24696.9,150,3704535.0,114996124552.5
2025-08-01 02:41:37 PM,24696.9,75,1852267.5,114997976820.0
2025-08-01 02:41:37 PM,24696.0,0,0.0,114997976820.0
2025-08-01 02:41:39 PM,24696.0,75,1852200.0,114999829020.0
2025-08-01 02:41:41 PM,24696.9,0,0.0,114999829020.0
2025-08-01 02:41:42 PM,24696.9,75,1852267.5,115001681287.5
2025-08-01 02:41:42 PM,24696.0,0,0.0,115001681287.5
2025-08-01 02:41:43 PM,24696.9,0,0.0,115001681287.5
2025-08-01 02:41:44 PM,24696.9,375,9261337.5,115010942625.0
2025-08-01 02:41:45 PM,24696.9,75,1852267.5,115012794892.5
2025-08-01 02:41:45 PM,24696.9,75,1852267.5,115014647160.0
2025-08-01 02:41:45 PM,24696.0,0,0.0,115014647160.0
2025-08-01 02:41:46 PM,24696.9,0,0.0,115014647160.0
2025-08-01 02:41:47 PM,24696.0,0,0.0,115014647160.0
2025-08-01 02:41:47 PM,24696.0,675,16669800.0,115031316960.0
2025-08-01 02:41:49 PM,24695.2,0,0.0,115031316960.0
2025-08-01 02:41:49 PM,24695.2,600,14817120.0,115046134080.0
2025-08-01 02:41:49 PM,24694.6,0,0.0,115046134080.0
2025-08-01 02:41:50 PM,24694.6,750,18520950.0,115064655030.0
2025-08-01 02:41:51 PM,24695.2,0,0.0,115064655030.0
2025-08-01 02:41:52 PM,24695.2,75,1852140.0,115066507170.0
2025-08-01 02:41:52 PM,24691.1,0,0.0,115066507170.0
2025-08-01 02:41:53 PM,24696.0,0,0.0,115066507170.0
2025-08-01 02:41:54 PM,24696.0,375,9261000.0,115075768170.0
2025-08-01 02:41:58 PM,24694.9,0,0.0,115075768170.0
2025-08-01 02:41:59 PM,24694.9,150,3704235.0,115079472405.0
2025-08-01 02:42:02 PM,24694.9,75,1852117.5,115081324522.5
2025-08-01 02:42:05 PM,24696.7,150,3704505.0,115085029027.5
2025-08-01 02:42:06 PM,24694.5,0,0.0,115085029027.5
2025-08-01 02:42:07 PM,24700.0,0,0.0,115085029027.5
2025-08-01 02:42:07 PM,24694.6,1125,27781425.0,115112810452.5
2025-08-01 02:42:15 PM,24699.7,0,0.0,115112810452.5
2025-08-01 02:42:16 PM,24700.6,0,0.0,115112810452.5
2025-08-01 02:42:17 PM,24700.6,225,5557635.0,115118368087.5
2025-08-01 02:42:17 PM,24699.7,0,0.0,115118368087.5
2025-08-01 02:42:18 PM,24699.6,0,0.0,115118368087.5
2025-08-01 02:42:19 PM,24699.6,225,5557410.0,115123925497.5
2025-08-01 02:42:21 PM,24694.6,0,0.0,115123925497.5
2025-08-01 02:42:22 PM,24694.6,750,18520950.0,115142446447.5
2025-08-01 02:42:23 PM,24696.6,0,0.0,115142446447.5
2025-08-01 02:42:24 PM,24696.6,75,1852245.0,115144298692.5
2025-08-01 02:42:24 PM,24697.9,0,0.0,115144298692.5
2025-08-01 02:42:25 PM,24692.7,0,0.0,115144298692.5
2025-08-01 02:42:25 PM,24692.7,525,12963667.5,115157262360.0
2025-08-01 02:42:30 PM,24693.6,0,0.0,115157262360.0
2025-08-01 02:42:30 PM,24693.6,75,1852020.0,115159114380.0
2025-08-01 02:42:33 PM,24692.7,0,0.0,115159114380.0
2025-08-01 02:42:33 PM,24692.8,0,0.0,115159114380.0
2025-08-01 02:42:34 PM,24692.8,375,9259800.0,115168374180.0
2025-08-01 02:42:37 PM,24692.7,0,0.0,115168374180.0
2025-08-01 02:42:39 PM,24692.7,75,1851952.5,115170226132.5
2025-08-01 02:42:40 PM,24692.8,75,1851960.0,115172078092.5
2025-08-01 02:42:41 PM,24693.6,0,0.0,115172078092.5
2025-08-01 02:42:42 PM,24693.6,150,3704040.0,115175782132.5
2025-08-01 02:42:45 PM,24692.0,0,0.0,115175782132.5
2025-08-01 02:42:45 PM,24692.0,75,1851900.0,115177634032.5
2025-08-01 02:42:46 PM,24691.0,0,0.0,115177634032.5
2025-08-01 02:42:47 PM,24691.0,150,3703650.0,115181337682.5
2025-08-01 02:42:47 PM,24690.2,0,0.0,115181337682.5
2025-08-01 02:42:49 PM,24690.2,75,1851765.0,115183189447.5
2025-08-01 02:42:50 PM,24690.1,0,0.0,115183189447.5
2025-08-01 02:42:50 PM,24690.1,75,1851757.5,115185041205.0
2025-08-01 02:42:54 PM,24691.0,75,1851825.0,115186893030.0
2025-08-01 02:42:54 PM,24692.8,0,0.0,115186893030.0
2025-08-01 02:42:54 PM,24689.1,0,0.0,115186893030.0
2025-08-01 02:42:55 PM,24689.1,1800,44440380.0,115231333410.0
2025-08-01 02:42:57 PM,24690.0,75,1851750.0,115233185160.0
2025-08-01 02:43:00 PM,24690.0,1725,42590250.0,115275775410.0
2025-08-01 02:43:02 PM,24694.0,0,0.0,115275775410.0
2025-08-01 02:43:02 PM,24694.0,75,1852050.0,115277627460.0
2025-08-01 02:43:02 PM,24690.0,0,0.0,115277627460.0
2025-08-01 02:43:04 PM,24690.0,225,5555250.0,115283182710.0
2025-08-01 02:43:05 PM,24690.0,75,1851750.0,115285034460.0
2025-08-01 02:43:09 PM,24690.0,75,1851750.0,115286886210.0
2025-08-01 02:43:10 PM,24690.0,150,3703500.0,115290589710.0
2025-08-01 02:43:12 PM,24691.0,0,0.0,115290589710.0
2025-08-01 02:43:12 PM,24691.0,75,1851825.0,115292441535.0
2025-08-01 02:43:13 PM,24690.1,0,0.0,115292441535.0
2025-08-01 02:43:14 PM,24690.1,150,3703515.0,115296145050.0
2025-08-01 02:43:15 PM,24694.9,0,0.0,115296145050.0
2025-08-01 02:43:15 PM,24694.9,75,1852117.5,115297997167.5
2025-08-01 02:43:17 PM,24691.0,0,0.0,115297997167.5
2025-08-01 02:43:17 PM,24691.0,75,1851825.0,115299848992.5
2025-08-01 02:43:21 PM,24691.7,0,0.0,115299848992.5
2025-08-01 02:43:22 PM,24695.0,0,0.0,115299848992.5
2025-08-01 02:43:22 PM,24695.0,225,5556375.0,115305405367.5
2025-08-01 02:43:23 PM,24694.9,0,0.0,115305405367.5
2025-08-01 02:43:24 PM,24694.9,75,1852117.5,115307257485.0
2025-08-01 02:43:24 PM,24691.2,0,0.0,115307257485.0
2025-08-01 02:43:25 PM,24691.2,600,14814720.0,115322072205.0
2025-08-01 02:43:25 PM,24694.9,0,0.0,115322072205.0
2025-08-01 02:43:25 PM,24694.9,75,1852117.5,115323924322.5
2025-08-01 02:43:27 PM,24691.4,0,0.0,115323924322.5
2025-08-01 02:43:27 PM,24694.9,0,0.0,115323924322.5
2025-08-01 02:43:29 PM,24694.9,150,3704235.0,115327628557.5
2025-08-01 02:43:40 PM,24693.8,0,0.0,115327628557.5
2025-08-01 02:43:40 PM,24693.8,150,3704070.0,115331332627.5
2025-08-01 02:43:44 PM,24693.8,150,3704070.0,115335036697.5
2025-08-01 02:43:44 PM,24693.7,0,0.0,115335036697.5
2025-08-01 02:43:45 PM,24693.2,0,0.0,115335036697.5
2025-08-01 02:43:45 PM,24693.2,225,5555970.0,115340592667.5
2025-08-01 02:43:50 PM,24693.2,75,1851990.0,115342444657.5
2025-08-01 02:43:52 PM,24690.1,0,0.0,115342444657.5
2025-08-01 02:43:54 PM,24690.1,600,14814060.0,115357258717.5
2025-08-01 02:43:57 PM,24690.1,75,1851757.5,115359110475.0
2025-08-01 02:43:59 PM,24690.1,150,3703515.0,115362813990.0
2025-08-01 02:43:59 PM,24693.9,0,0.0,115362813990.0
2025-08-01 02:44:00 PM,24693.9,150,3704085.0,115366518075.0
2025-08-01 02:44:02 PM,24695.0,0,0.0,115366518075.0
2025-08-01 02:44:04 PM,24695.0,450,11112750.0,115377630825.0
2025-08-01 02:44:05 PM,24693.8,0,0.0,115377630825.0
2025-08-01 02:44:05 PM,24693.8,75,1852035.0,115379482860.0
2025-08-01 02:44:10 PM,24693.8,225,5556105.0,115385038965.0
2025-08-01 02:44:10 PM,24690.4,75,1851780.0,115386890745.0
2025-08-01 02:44:14 PM,24690.4,75,1851780.0,115388742525.0
2025-08-01 02:44:15 PM,24690.4,600,14814240.0,115403556765.0
2025-08-01 02:44:16 PM,24690.1,0,0.0,115403556765.0
2025-08-01 02:44:17 PM,24693.1,0,0.0,115403556765.0
2025-08-01 02:44:17 PM,24693.1,675,16667842.499999998,115420224607.5
2025-08-01 02:44:21 PM,24690.0,0,0.0,115420224607.5
2025-08-01 02:44:22 PM,24690.0,150,3703500.0,115423928107.5
2025-08-01 02:44:22 PM,24693.8,0,0.0,115423928107.5
2025-08-01 02:44:24 PM,24693.1,0,0.0,115423928107.5
2025-08-01 02:44:24 PM,24695.0,0,0.0,115423928107.5
2025-08-01 02:44:24 PM,24695.0,600,14817000.0,115438745107.5
2025-08-01 02:44:24 PM,24690.8,0,0.0,115438745107.5
2025-08-01 02:44:25 PM,24690.0,0,0.0,115438745107.5
2025-08-01 02:44:25 PM,24690.0,1050,25924500.0,115464669607.5
2025-08-01 02:44:29 PM,24691.7,0,0.0,115464669607.5
2025-08-01 02:44:30 PM,24696.1,0,0.0,115464669607.5
2025-08-01 02:44:30 PM,24696.1,1650,40748565.0,115505418172.5
2025-08-01 02:44:31 PM,24691.7,150,3703755.0,115509121927.5
2025-08-01 02:44:31 PM,24690.0,0,0.0,115509121927.5
2025-08-01 02:44:32 PM,24689.4,0,0.0,115509121927.5
2025-08-01 02:44:32 PM,24689.4,1125,27775575.0,115536897502.5
2025-08-01 02:44:36 PM,24695.0,0,0.0,115536897502.5
2025-08-01 02:44:37 PM,24695.0,150,3704250.0,115540601752.5
2025-08-01 02:44:38 PM,24699.5,0,0.0,115540601752.5
2025-08-01 02:44:38 PM,24693.6,0,0.0,115540601752.5
2025-08-01 02:44:39 PM,24699.9,1050,25934895.0,115566536647.5
2025-08-01 02:44:40 PM,24693.6,0,0.0,115566536647.5
2025-08-01 02:44:40 PM,24693.6,75,1852020.0,115568388667.5
2025-08-01 02:44:41 PM,24690.0,0,0.0,115568388667.5
2025-08-01 02:44:42 PM,24690.0,900,22221000.0,115590609667.5
2025-08-01 02:44:44 PM,24695.0,0,0.0,115590609667.5
2025-08-01 02:44:44 PM,24695.0,75,1852125.0,115592461792.5
2025-08-01 02:44:45 PM,24697.0,0,0.0,115592461792.5
2025-08-01 02:44:45 PM,24697.0,675,16670475.0,115609132267.5
2025-08-01 02:44:46 PM,24696.7,0,0.0,115609132267.5
2025-08-01 02:44:47 PM,24691.7,2775,68519467.5,115677651735.0
2025-08-01 02:44:47 PM,24697.5,0,0.0,115677651735.0
2025-08-01 02:44:49 PM,24697.5,900,22227750.0,115699879485.0
2025-08-01 02:44:52 PM,24695.5,0,0.0,115699879485.0
2025-08-01 02:44:52 PM,24695.5,150,3704325.0,115703583810.0
2025-08-01 02:44:55 PM,24695.2,0,0.0,115703583810.0
2025-08-01 02:44:55 PM,24695.2,75,1852140.0,115705435950.0
2025-08-01 02:44:57 PM,24694.4,0,0.0,115705435950.0
2025-08-01 02:44:57 PM,24694.3,0,0.0,115705435950.0
2025-08-01 02:44:57 PM,24694.3,300,7408290.0,115712844240.0
2025-08-01 02:44:58 PM,24690.0,0,0.0,115712844240.0
2025-08-01 02:44:59 PM,24690.0,300,7407000.0,115720251240.0
2025-08-01 02:44:59 PM,24693.5,0,0.0,115720251240.0
2025-08-01 02:45:00 PM,24693.5,75,1852012.5,115722103252.5
2025-08-01 02:45:01 PM,24693.0,0,0.0,115722103252.5
2025-08-01 02:45:02 PM,24693.0,75,1851975.0,115723955227.5
2025-08-01 02:45:02 PM,24693.9,75,1852042.5,115725807270.0
2025-08-01 02:45:03 PM,24695.0,0,0.0,115725807270.0
2025-08-01 02:45:04 PM,24695.0,300,7408500.0,115733215770.0
2025-08-01 02:45:04 PM,24694.0,0,0.0,115733215770.0
2025-08-01 02:45:05 PM,24692.0,0,0.0,115733215770.0
2025-08-01 02:45:05 PM,24692.0,225,5555700.0,115738771470.0
2025-08-01 02:45:06 PM,24692.1,0,0.0,115738771470.0
2025-08-01 02:45:07 PM,24692.1,75,1851907.5,115740623377.5
2025-08-01 02:45:07 PM,24692.3,0,0.0,115740623377.5
2025-08-01 02:45:09 PM,24692.3,75,1851922.5,115742475300.0
2025-08-01 02:45:09 PM,24689.0,0,0.0,115742475300.0
2025-08-01 02:45:10 PM,24689.0,750,18516750.0,115760992050.0
2025-08-01 02:45:13 PM,24690.0,0,0.0,115760992050.0
2025-08-01 02:45:14 PM,24690.0,75,1851750.0,115762843800.0
2025-08-01 02:45:14 PM,24689.0,0,0.0,115762843800.0
2025-08-01 02:45:15 PM,24689.0,75,1851675.0,115764695475.0
2025-08-01 02:45:17 PM,24689.0,75,1851675.0,115766547150.0
2025-08-01 02:45:26 PM,24695.0,0,0.0,115766547150.0
2025-08-01 02:45:26 PM,24694.9,0,0.0,115766547150.0
2025-08-01 02:45:27 PM,24694.9,150,3704235.0,115770251385.0
2025-08-01 02:45:29 PM,24694.9,75,1852117.5,115772103502.5
2025-08-01 02:45:30 PM,24694.4,0,0.0,115772103502.5
2025-08-01 02:45:30 PM,24694.4,75,1852080.0,115773955582.5
2025-08-01 02:45:34 PM,24689.0,0,0.0,115773955582.5
2025-08-01 02:45:34 PM,24689.1,0,0.0,115773955582.5
2025-08-01 02:45:35 PM,24689.8,0,0.0,115773955582.5
2025-08-01 02:45:35 PM,24689.8,300,7406940.0,115781362522.5
2025-08-01 02:45:37 PM,24689.0,0,0.0,115781362522.5
2025-08-01 02:45:37 PM,24689.0,1200,29626800.0,115810989322.5
2025-08-01 02:45:39 PM,24689.0,75,1851675.0,115812840997.5
2025-08-01 02:45:40 PM,24689.0,300,7406700.0,115820247697.5
2025-08-01 02:45:43 PM,24688.2,0,0.0,115820247697.5
2025-08-01 02:45:44 PM,24688.2,75,1851615.0,115822099312.5
2025-08-01 02:45:45 PM,24689.0,0,0.0,115822099312.5
2025-08-01 02:45:45 PM,24689.0,150,3703350.0,115825802662.5
2025-08-01 02:45:45 PM,24692.5,0,0.0,115825802662.5
2025-08-01 02:45:45 PM,24692.5,300,7407750.0,115833210412.5
2025-08-01 02:45:51 PM,24692.4,0,0.0,115833210412.5
2025-08-01 02:45:51 PM,24688.0,0,0.0,115833210412.5
2025-08-01 02:45:52 PM,24688.0,150,3703200.0,115836913612.5
2025-08-01 02:45:57 PM,24689.0,0,0.0,115836913612.5
2025-08-01 02:45:57 PM,24691.4,225,5555565.0,115842469177.5
2025-08-01 02:45:58 PM,24688.0,0,0.0,115842469177.5
2025-08-01 02:45:59 PM,24688.0,1275,31477200.0,115873946377.5
2025-08-01 02:45:59 PM,24692.3,0,0.0,115873946377.5
2025-08-01 02:46:00 PM,24688.0,0,0.0,115873946377.5
2025-08-01 02:46:00 PM,24688.0,150,3703200.0,115877649577.5
2025-08-01 02:46:00 PM,24691.9,75,1851892.5,115879501470.0
2025-08-01 02:46:01 PM,24688.0,0,0.0,115879501470.0
2025-08-01 02:46:02 PM,24688.0,75,1851600.0,115881353070.0
2025-08-01 02:46:04 PM,24688.0,150,3703200.0,115885056270.0
2025-08-01 02:46:05 PM,24691.9,3225,79631377.5,115964687647.5
2025-08-01 02:46:06 PM,24697.0,0,0.0,115964687647.5
2025-08-01 02:46:06 PM,24697.9,0,0.0,115964687647.5
2025-08-01 02:46:07 PM,24697.9,900,22228110.0,115986915757.5
2025-08-01 02:46:07 PM,24692.9,675,16667707.500000002,116003583465.0
2025-08-01 02:46:09 PM,24692.9,300,7407870.0,116010991335.0
2025-08-01 02:46:10 PM,24691.9,0,0.0,116010991335.0
2025-08-01 02:46:10 PM,24691.9,75,1851892.5,116012843227.5
2025-08-01 02:46:11 PM,24690.1,0,0.0,116012843227.5
2025-08-01 02:46:12 PM,24691.9,0,0.0,116012843227.5
2025-08-01 02:46:12 PM,24691.9,825,20370817.5,116033214045.0
2025-08-01 02:46:12 PM,24690.1,900,22221090.0,116055435135.0
2025-08-01 02:46:12 PM,24697.1,0,0.0,116055435135.0
2025-08-01 02:46:13 PM,24697.7,0,0.0,116055435135.0
2025-08-01 02:46:13 PM,24690.5,0,0.0,116055435135.0
2025-08-01 02:46:13 PM,24690.5,1725,42591112.5,116098026247.5
2025-08-01 02:46:14 PM,24690.5,150,3703575.0,116101729822.5
2025-08-01 02:46:14 PM,24697.2,0,0.0,116101729822.5
2025-08-01 02:46:14 PM,24697.3,0,0.0,116101729822.5
2025-08-01 02:46:15 PM,24697.3,225,5556892.5,116107286715.0
2025-08-01 02:46:16 PM,24691.0,0,0.0,116107286715.0
2025-08-01 02:46:17 PM,24691.0,675,16666425.0,116123953140.0
2025-08-01 02:46:17 PM,24691.0,75,1851825.0,116125804965.0
2025-08-01 02:46:19 PM,24690.0,0,0.0,116125804965.0
2025-08-01 02:46:20 PM,24688.0,0,0.0,116125804965.0
2025-08-01 02:46:20 PM,24688.0,150,3703200.0,116129508165.0
2025-08-01 02:46:20 PM,24690.0,0,0.0,116129508165.0
2025-08-01 02:46:22 PM,24690.0,150,3703500.0,116133211665.0
2025-08-01 02:46:23 PM,24688.0,0,0.0,116133211665.0
2025-08-01 02:46:24 PM,24688.0,75,1851600.0,116135063265.0
2025-08-01 02:46:26 PM,24690.5,0,0.0,116135063265.0
2025-08-01 02:46:27 PM,24690.5,4650,114810825.0,116249874090.0
2025-08-01 02:46:28 PM,24687.8,0,0.0,116249874090.0
2025-08-01 02:46:29 PM,24687.8,75,1851585.0,116251725675.0
2025-08-01 02:46:30 PM,24687.4,1275,31476435.0,116283202110.0
2025-08-01 02:46:31 PM,24687.0,0,0.0,116283202110.0
2025-08-01 02:46:32 PM,24687.0,300,7406100.0,116290608210.0
2025-08-01 02:46:34 PM,24687.0,75,1851525.0,116292459735.0
2025-08-01 02:46:34 PM,24686.5,0,0.0,116292459735.0
2025-08-01 02:46:34 PM,24686.5,75,1851487.5,116294311222.5
2025-08-01 02:46:35 PM,24686.0,525,12960150.0,116307271372.5
2025-08-01 02:46:36 PM,24686.5,0,0.0,116307271372.5
2025-08-01 02:46:37 PM,24686.5,225,5554462.5,116312825835.0
2025-08-01 02:46:37 PM,24686.0,150,3702900.0,116316528735.0
2025-08-01 02:46:38 PM,24685.1,0,0.0,116316528735.0
2025-08-01 02:46:39 PM,24685.1,225,5554147.5,116322082882.5
2025-08-01 02:46:39 PM,24685.0,0,0.0,116322082882.5
2025-08-01 02:46:39 PM,24685.0,300,7405500.0,116329488382.5
2025-08-01 02:46:40 PM,24685.1,0,0.0,116329488382.5
2025-08-01 02:46:40 PM,24685.0,2325,57392625.0,116386881007.5
2025-08-01 02:46:41 PM,24685.1,0,0.0,116386881007.5
2025-08-01 02:46:41 PM,24685.0,0,0.0,116386881007.5
2025-08-01 02:46:42 PM,24685.0,525,12959625.0,116399840632.5
2025-08-01 02:46:43 PM,24684.5,0,0.0,116399840632.5
2025-08-01 02:46:43 PM,24685.0,0,0.0,116399840632.5
2025-08-01 02:46:44 PM,24685.0,375,9256875.0,116409097507.5
2025-08-01 02:46:44 PM,24684.5,0,0.0,116409097507.5
2025-08-01 02:46:45 PM,24684.0,150,3702600.0,116412800107.5
2025-08-01 02:46:46 PM,24683.6,0,0.0,116412800107.5
2025-08-01 02:46:47 PM,24683.6,75,1851270.0,116414651377.5
2025-08-01 02:46:47 PM,24683.6,75,1851270.0,116416502647.5
2025-08-01 02:46:49 PM,24683.6,3150,77753340.0,116494255987.5
2025-08-01 02:46:50 PM,24682.7,900,22214430.0,116516470417.5
2025-08-01 02:46:51 PM,24683.6,0,0.0,116516470417.5
2025-08-01 02:46:51 PM,24682.7,0,0.0,116516470417.5
2025-08-01 02:46:52 PM,24682.7,450,11107215.0,116527577632.5
2025-08-01 02:46:52 PM,24682.3,0,0.0,116527577632.5
2025-08-01 02:46:54 PM,24682.3,2100,51832830.0,116579410462.5
2025-08-01 02:46:54 PM,24690.0,0,0.0,116579410462.5
2025-08-01 02:46:54 PM,24690.0,525,12962250.0,116592372712.5
2025-08-01 02:46:54 PM,24685.3,0,0.0,116592372712.5
2025-08-01 02:46:55 PM,24685.3,375,9256987.5,116601629700.0
2025-08-01 02:46:57 PM,24685.3,1050,25919565.0,116627549265.0
2025-08-01 02:46:57 PM,24685.1,0,0.0,116627549265.0
2025-08-01 02:46:57 PM,24685.1,375,9256912.5,116636806177.5
2025-08-01 02:46:58 PM,24685.3,0,0.0,116636806177.5
2025-08-01 02:46:58 PM,24685.1,0,0.0,116636806177.5
2025-08-01 02:46:59 PM,24685.1,1275,31473502.5,116668279680.0
2025-08-01 02:46:59 PM,24690.0,0,0.0,116668279680.0
2025-08-01 02:46:59 PM,24690.0,225,5555250.0,116673834930.0
2025-08-01 02:47:01 PM,24686.3,0,0.0,116673834930.0
2025-08-01 02:47:01 PM,24690.0,0,0.0,116673834930.0
2025-08-01 02:47:02 PM,24690.0,1500,37035000.0,116710869930.0
2025-08-01 02:47:03 PM,24687.7,0,0.0,116710869930.0
2025-08-01 02:47:04 PM,24687.7,750,18515775.0,116729385705.0
2025-08-01 02:47:04 PM,24690.0,0,0.0,116729385705.0
2025-08-01 02:47:04 PM,24690.0,75,1851750.0,116731237455.0
2025-08-01 02:47:04 PM,24687.1,0,0.0,116731237455.0
2025-08-01 02:47:05 PM,24687.9,6075,149978992.5,116881216447.5
2025-08-01 02:47:06 PM,24690.0,0,0.0,116881216447.5
2025-08-01 02:47:06 PM,24688.2,0,0.0,116881216447.5
2025-08-01 02:47:07 PM,24688.0,2850,70360800.0,116951577247.5
2025-08-01 02:47:07 PM,24688.4,75,1851630.0,116953428877.5
2025-08-01 02:47:08 PM,24690.0,0,0.0,116953428877.5
2025-08-01 02:47:09 PM,24690.0,2550,62959500.0,117016388377.5
2025-08-01 02:47:09 PM,24690.0,75,1851750.0,117018240127.5
2025-08-01 02:47:10 PM,24690.0,300,7407000.0,117025647127.5
2025-08-01 02:47:11 PM,24689.7,0,0.0,117025647127.5
2025-08-01 02:47:12 PM,24690.0,0,0.0,117025647127.5
2025-08-01 02:47:12 PM,24688.5,375,9258187.5,117034905315.0
2025-08-01 02:47:13 PM,24689.5,0,0.0,117034905315.0
2025-08-01 02:47:13 PM,24689.2,0,0.0,117034905315.0
2025-08-01 02:47:14 PM,24689.2,900,22220280.0,117057125595.0
2025-08-01 02:47:14 PM,24689.5,0,0.0,117057125595.0
2025-08-01 02:47:14 PM,24693.6,0,0.0,117057125595.0
2025-08-01 02:47:15 PM,24693.6,2175,53708580.0,117110834175.0
2025-08-01 02:47:16 PM,24691.0,0,0.0,117110834175.0
2025-08-01 02:47:17 PM,24691.0,525,12962775.0,117123796950.0
2025-08-01 02:47:17 PM,24697.0,0,0.0,117123796950.0
2025-08-01 02:47:18 PM,24696.0,0,0.0,117123796950.0
2025-08-01 02:47:19 PM,24696.0,1125,27783000.0,117151579950.0
2025-08-01 02:47:19 PM,24692.7,0,0.0,117151579950.0
2025-08-01 02:47:20 PM,24692.7,75,1851952.5,117153431902.5
2025-08-01 02:47:21 PM,24691.0,0,0.0,117153431902.5
2025-08-01 02:47:22 PM,24690.9,1125,27777262.5,117181209165.0
2025-08-01 02:47:23 PM,24691.0,0,0.0,117181209165.0
2025-08-01 02:47:24 PM,24691.0,1425,35184675.0,117216393840.0
2025-08-01 02:47:24 PM,24697.0,0,0.0,117216393840.0
2025-08-01 02:47:25 PM,24697.0,225,5556825.0,117221950665.0
2025-08-01 02:47:26 PM,24691.7,0,0.0,117221950665.0
2025-08-01 02:47:27 PM,24691.1,375,9259162.5,117231209827.5
2025-08-01 02:47:28 PM,24697.5,0,0.0,117231209827.5
2025-08-01 02:47:29 PM,24697.5,2550,62978625.0,117294188452.5
2025-08-01 02:47:31 PM,24690.7,0,0.0,117294188452.5
2025-08-01 02:47:31 PM,24697.0,0,0.0,117294188452.5
2025-08-01 02:47:32 PM,24697.0,450,11113650.0,117305302102.5
2025-08-01 02:47:33 PM,24691.0,0,0.0,117305302102.5
2025-08-01 02:47:34 PM,24691.0,150,3703650.0,117309005752.5
2025-08-01 02:47:34 PM,24689.1,0,0.0,117309005752.5
2025-08-01 02:47:35 PM,24689.1,300,7406730.0,117316412482.5
2025-08-01 02:47:36 PM,24688.6,0,0.0,117316412482.5
2025-08-01 02:47:37 PM,24688.6,2625,64807574.99999999,117381220057.5
2025-08-01 02:47:37 PM,24696.1,0,0.0,117381220057.5
2025-08-01 02:47:38 PM,24696.5,0,0.0,117381220057.5
2025-08-01 02:47:39 PM,24696.5,1500,37044750.0,117418264807.5
2025-08-01 02:47:42 PM,24689.0,0,0.0,117418264807.5
2025-08-01 02:47:42 PM,24689.0,75,1851675.0,117420116482.5
2025-08-01 02:47:43 PM,24689.3,0,0.0,117420116482.5
2025-08-01 02:47:44 PM,24689.3,2625,64809412.5,117484925895.0
2025-08-01 02:47:46 PM,24691.2,0,0.0,117484925895.0
2025-08-01 02:47:47 PM,24698.0,0,0.0,117484925895.0
2025-08-01 02:47:47 PM,24698.0,1425,35194650.0,117520120545.0
2025-08-01 02:47:49 PM,24692.0,0,0.0,117520120545.0
2025-08-01 02:47:50 PM,24692.0,1050,25926600.0,117546047145.0
2025-08-01 02:47:52 PM,24694.3,0,0.0,117546047145.0
2025-08-01 02:47:52 PM,24694.3,375,9260362.5,117555307507.5
2025-08-01 02:47:54 PM,24694.3,450,11112435.0,117566419942.5
2025-08-01 02:47:54 PM,24693.9,0,0.0,117566419942.5
2025-08-01 02:47:55 PM,24693.9,450,11112255.0,117577532197.5
2025-08-01 02:47:57 PM,24698.0,75,1852350.0,117579384547.5
2025-08-01 02:47:57 PM,24693.9,0,0.0,117579384547.5
2025-08-01 02:47:58 PM,24698.0,0,0.0,117579384547.5
2025-08-01 02:47:58 PM,24693.9,0,0.0,117579384547.5
2025-08-01 02:47:59 PM,24693.9,675,16668382.500000002,117596052930.0
2025-08-01 02:48:02 PM,24693.9,300,7408170.0,117603461100.0
2025-08-01 02:48:02 PM,24700.0,0,0.0,117603461100.0
2025-08-01 02:48:03 PM,24699.9,0,0.0,117603461100.0
2025-08-01 02:48:04 PM,24699.9,900,22229910.0,117625691010.0
2025-08-01 02:48:05 PM,24700.0,0,0.0,117625691010.0
2025-08-01 02:48:05 PM,24700.0,150,3705000.0,117629396010.0
2025-08-01 02:48:05 PM,24696.1,0,0.0,117629396010.0
2025-08-01 02:48:05 PM,24696.1,225,5556622.5,117634952632.5
2025-08-01 02:48:09 PM,24696.1,75,1852207.5,117636804840.0
2025-08-01 02:48:12 PM,24699.0,0,0.0,117636804840.0
2025-08-01 02:48:12 PM,24699.0,75,1852425.0,117638657265.0
2025-08-01 02:48:13 PM,24699.5,0,0.0,117638657265.0
2025-08-01 02:48:14 PM,24699.5,75,1852462.5,117640509727.5
2025-08-01 02:48:16 PM,24698.4,0,0.0,117640509727.5
2025-08-01 02:48:17 PM,24698.4,75,1852380.0,117642362107.5
2025-08-01 02:48:19 PM,24697.8,0,0.0,117642362107.5
2025-08-01 02:48:20 PM,24697.9,0,0.0,117642362107.5
2025-08-01 02:48:20 PM,24697.9,150,3704685.0,117646066792.5
2025-08-01 02:48:22 PM,24693.0,0,0.0,117646066792.5
2025-08-01 02:48:24 PM,24693.0,75,1851975.0,117647918767.5
2025-08-01 02:48:24 PM,24692.6,0,0.0,117647918767.5
2025-08-01 02:48:25 PM,24699.1,525,12967027.5,117660885795.0
2025-08-01 02:48:28 PM,24695.0,0,0.0,117660885795.0
2025-08-01 02:48:29 PM,24695.0,150,3704250.0,117664590045.0
2025-08-01 02:48:29 PM,24697.0,0,0.0,117664590045.0
2025-08-01 02:48:30 PM,24697.0,75,1852275.0,117666442320.0
2025-08-01 02:48:32 PM,24700.0,0,0.0,117666442320.0
2025-08-01 02:48:34 PM,24700.0,75,1852500.0,117668294820.0
2025-08-01 02:48:38 PM,24696.1,0,0.0,117668294820.0
2025-08-01 02:48:39 PM,24696.1,150,3704415.0,117671999235.0
2025-08-01 02:48:45 PM,24700.0,0,0.0,117671999235.0
2025-08-01 02:48:45 PM,24700.0,300,7410000.0,117679409235.0
2025-08-01 02:48:46 PM,24699.9,0,0.0,117679409235.0
2025-08-01 02:48:47 PM,24700.0,0,0.0,117679409235.0
2025-08-01 02:48:47 PM,24700.0,225,5557500.0,117684966735.0
2025-08-01 02:48:47 PM,24697.9,150,3704685.0,117688671420.0
2025-08-01 02:48:53 PM,24700.0,0,0.0,117688671420.0
2025-08-01 02:48:54 PM,24700.0,225,5557500.0,117694228920.0
2025-08-01 02:48:55 PM,24700.0,150,3705000.0,117697933920.0
2025-08-01 02:48:57 PM,24700.0,375,9262500.0,117707196420.0
2025-08-01 02:48:57 PM,24701.0,150,3705150.0,117710901570.0
2025-08-01 02:49:00 PM,24701.3,0,0.0,117710901570.0
2025-08-01 02:49:00 PM,24701.3,150,3705195.0,117714606765.0
2025-08-01 02:49:04 PM,24703.0,0,0.0,117714606765.0
2025-08-01 02:49:04 PM,24703.0,300,7410900.0,117722017665.0
2025-08-01 02:49:05 PM,24705.7,900,22235130.0,117744252795.0
2025-08-01 02:49:06 PM,24705.9,0,0.0,117744252795.0
2025-08-01 02:49:07 PM,24705.9,75,1852942.5,117746105737.5
2025-08-01 02:49:09 PM,24705.0,0,0.0,117746105737.5
2025-08-01 02:49:10 PM,24706.3,0,0.0,117746105737.5
2025-08-01 02:49:10 PM,24706.3,1125,27794587.5,117773900325.0
2025-08-01 02:49:11 PM,24705.9,0,0.0,117773900325.0
2025-08-01 02:49:12 PM,24705.9,75,1852942.5,117775753267.5
2025-08-01 02:49:12 PM,24706.0,0,0.0,117775753267.5
2025-08-01 02:49:14 PM,24706.0,150,3705900.0,117779459167.5
2025-08-01 02:49:14 PM,24706.1,0,0.0,117779459167.5
2025-08-01 02:49:14 PM,24706.1,75,1852957.5,117781312125.0
2025-08-01 02:49:14 PM,24706.3,0,0.0,117781312125.0
2025-08-01 02:49:15 PM,24705.8,0,0.0,117781312125.0
2025-08-01 02:49:15 PM,24700.0,525,12967500.0,117794279625.0
2025-08-01 02:49:16 PM,24705.9,0,0.0,117794279625.0
2025-08-01 02:49:17 PM,24705.0,0,0.0,117794279625.0
2025-08-01 02:49:17 PM,24705.0,750,18528750.0,117812808375.0
2025-08-01 02:49:18 PM,24705.9,0,0.0,117812808375.0
2025-08-01 02:49:19 PM,24706.0,525,12970650.0,117825779025.0
2025-08-01 02:49:19 PM,24699.1,0,0.0,117825779025.0
2025-08-01 02:49:20 PM,24699.1,300,7409730.0,117833188755.0
2025-08-01 02:49:21 PM,24704.9,0,0.0,117833188755.0
2025-08-01 02:49:22 PM,24705.0,0,0.0,117833188755.0
2025-08-01 02:49:22 PM,24705.0,150,3705750.0,117836894505.0
2025-08-01 02:49:23 PM,24705.2,0,0.0,117836894505.0
2025-08-01 02:49:23 PM,24698.8,0,0.0,117836894505.0
2025-08-01 02:49:24 PM,24698.8,300,7409640.0,117844304145.0
2025-08-01 02:49:25 PM,24705.0,0,0.0,117844304145.0
2025-08-01 02:49:25 PM,24705.0,150,3705750.0,117848009895.0
2025-08-01 02:49:27 PM,24699.6,0,0.0,117848009895.0
2025-08-01 02:49:27 PM,24699.6,375,9262350.0,117857272245.0
2025-08-01 02:49:31 PM,24706.0,0,0.0,117857272245.0
2025-08-01 02:49:32 PM,24706.0,150,3705900.0,117860978145.0
2025-08-01 02:49:34 PM,24706.0,75,1852950.0,117862831095.0
2025-08-01 02:49:34 PM,24705.0,0,0.0,117862831095.0
2025-08-01 02:49:35 PM,24705.0,75,1852875.0,117864683970.0
2025-08-01 02:49:37 PM,24706.0,0,0.0,117864683970.0
2025-08-01 02:49:37 PM,24706.0,150,3705900.0,117868389870.0
2025-08-01 02:49:39 PM,24706.0,75,1852950.0,117870242820.0
2025-08-01 02:49:39 PM,24706.0,75,1852950.0,117872095770.0
2025-08-01 02:49:39 PM,24707.9,0,0.0,117872095770.0
2025-08-01 02:49:40 PM,24707.9,75,1853092.5,117873948862.5
2025-08-01 02:49:40 PM,24706.0,0,0.0,117873948862.5
2025-08-01 02:49:41 PM,24707.9,0,0.0,117873948862.5
2025-08-01 02:49:42 PM,24707.9,225,5559277.5,117879508140.0
2025-08-01 02:49:43 PM,24708.0,0,0.0,117879508140.0
2025-08-01 02:49:44 PM,24708.0,75,1853100.0,117881361240.0
2025-08-01 02:49:45 PM,24708.0,150,3706200.0,117885067440.0
2025-08-01 02:49:46 PM,24705.0,0,0.0,117885067440.0
2025-08-01 02:49:47 PM,24705.0,75,1852875.0,117886920315.0
2025-08-01 02:49:49 PM,24706.9,0,0.0,117886920315.0
2025-08-01 02:49:49 PM,24706.9,150,3706035.0,117890626350.0
2025-08-01 02:49:49 PM,24704.9,0,0.0,117890626350.0
2025-08-01 02:49:50 PM,24698.1,0,0.0,117890626350.0
2025-08-01 02:49:50 PM,24698.1,4125,101879662.5,117992506012.5
2025-08-01 02:49:51 PM,24698.2,0,0.0,117992506012.5
2025-08-01 02:49:52 PM,24698.2,150,3704730.0,117996210742.5
2025-08-01 02:49:54 PM,24704.1,0,0.0,117996210742.5
2025-08-01 02:49:55 PM,24703.6,0,0.0,117996210742.5
2025-08-01 02:49:55 PM,24703.6,825,20380470.0,118016591212.5
2025-08-01 02:49:56 PM,24702.4,0,0.0,118016591212.5
2025-08-01 02:49:57 PM,24702.4,75,1852680.0,118018443892.5
2025-08-01 02:49:58 PM,24702.9,0,0.0,118018443892.5
2025-08-01 02:49:59 PM,24702.9,75,1852717.5,118020296610.0
2025-08-01 02:50:03 PM,24698.5,0,0.0,118020296610.0
2025-08-01 02:50:03 PM,24705.1,0,0.0,118020296610.0
2025-08-01 02:50:04 PM,24705.1,150,3705765.0,118024002375.0
2025-08-01 02:50:04 PM,24705.5,0,0.0,118024002375.0
2025-08-01 02:50:05 PM,24705.5,75,1852912.5,118025855287.5
2025-08-01 02:50:07 PM,24699.5,0,0.0,118025855287.5
2025-08-01 02:50:07 PM,24699.5,75,1852462.5,118027707750.0
2025-08-01 02:50:09 PM,24705.0,0,0.0,118027707750.0
2025-08-01 02:50:10 PM,24705.0,75,1852875.0,118029560625.0
2025-08-01 02:50:11 PM,24704.3,0,0.0,118029560625.0
2025-08-01 02:50:12 PM,24704.3,75,1852822.5,118031413447.5
2025-08-01 02:50:12 PM,24703.1,0,0.0,118031413447.5
2025-08-01 02:50:14 PM,24703.1,75,1852732.5,118033266180.0
2025-08-01 02:50:14 PM,24700.0,0,0.0,118033266180.0
2025-08-01 02:50:15 PM,24703.3,0,0.0,118033266180.0
2025-08-01 02:50:15 PM,24704.0,0,0.0,118033266180.0
2025-08-01 02:50:15 PM,24704.0,600,14822400.0,118048088580.0
2025-08-01 02:50:17 PM,24703.4,0,0.0,118048088580.0
2025-08-01 02:50:19 PM,24703.4,75,1852755.0,118049941335.0
2025-08-01 02:50:22 PM,24703.0,0,0.0,118049941335.0
2025-08-01 02:50:22 PM,24703.0,75,1852725.0,118051794060.0
2025-08-01 02:50:24 PM,24703.0,75,1852725.0,118053646785.0
2025-08-01 02:50:24 PM,24698.0,0,0.0,118053646785.0
2025-08-01 02:50:25 PM,24703.0,0,0.0,118053646785.0
2025-08-01 02:50:25 PM,24703.0,150,3705450.0,118057352235.0
2025-08-01 02:50:26 PM,24698.3,0,0.0,118057352235.0
2025-08-01 02:50:27 PM,24698.3,225,5557117.5,118062909352.5
2025-08-01 02:50:28 PM,24703.0,0,0.0,118062909352.5
2025-08-01 02:50:29 PM,24703.0,75,1852725.0,118064762077.5
2025-08-01 02:50:31 PM,24700.2,0,0.0,118064762077.5
2025-08-01 02:50:32 PM,24700.2,75,1852515.0,118066614592.5
2025-08-01 02:50:37 PM,24703.0,0,0.0,118066614592.5
2025-08-01 02:50:37 PM,24703.0,75,1852725.0,118068467317.5
2025-08-01 02:50:42 PM,24703.0,75,1852725.0,118070320042.5
2025-08-01 02:50:46 PM,24703.7,0,0.0,118070320042.5
2025-08-01 02:50:47 PM,24703.7,75,1852777.5,118072172820.0
2025-08-01 02:50:51 PM,24702.0,0,0.0,118072172820.0
2025-08-01 02:50:51 PM,24704.0,0,0.0,118072172820.0
2025-08-01 02:50:52 PM,24704.0,3675,90787200.0,118162960020.0
2025-08-01 02:50:53 PM,24703.7,0,0.0,118162960020.0
2025-08-01 02:50:53 PM,24704.0,0,0.0,118162960020.0
2025-08-01 02:50:54 PM,24704.0,150,3705600.0,118166665620.0
2025-08-01 02:50:58 PM,24705.0,0,0.0,118166665620.0
2025-08-01 02:50:58 PM,24704.0,0,0.0,118166665620.0
2025-08-01 02:50:59 PM,24704.0,375,9264000.0,118175929620.0
2025-08-01 02:51:00 PM,24704.0,75,1852800.0,118177782420.0
2025-08-01 02:51:02 PM,24704.0,75,1852800.0,118179635220.0
2025-08-01 02:51:02 PM,24706.0,0,0.0,118179635220.0
2025-08-01 02:51:02 PM,24706.0,75,1852950.0,118181488170.0
2025-08-01 02:51:06 PM,24704.0,0,0.0,118181488170.0
2025-08-01 02:51:07 PM,24704.0,75,1852800.0,118183340970.0
2025-08-01 02:51:08 PM,24700.3,0,0.0,118183340970.0
2025-08-01 02:51:09 PM,24700.3,225,5557567.5,118188898537.5
2025-08-01 02:51:10 PM,24702.0,0,0.0,118188898537.5
2025-08-01 02:51:10 PM,24702.0,75,1852650.0,118190751187.5
2025-08-01 02:51:12 PM,24702.0,150,3705300.0,118194456487.5
2025-08-01 02:51:17 PM,24706.0,0,0.0,118194456487.5
2025-08-01 02:51:19 PM,24706.0,75,1852950.0,118196309437.5
2025-08-01 02:51:19 PM,24705.2,0,0.0,118196309437.5
2025-08-01 02:51:20 PM,24704.0,0,0.0,118196309437.5
2025-08-01 02:51:20 PM,24704.0,150,3705600.0,118200015037.5
2025-08-01 02:51:25 PM,24703.4,0,0.0,118200015037.5
2025-08-01 02:51:25 PM,24703.4,75,1852755.0,118201867792.5
2025-08-01 02:51:29 PM,24702.6,300,7410780.0,118209278572.5
2025-08-01 02:51:30 PM,24701.8,0,0.0,118209278572.5
2025-08-01 02:51:30 PM,24704.4,0,0.0,118209278572.5
2025-08-01 02:51:30 PM,24704.4,300,7411320.0,118216689892.5
2025-08-01 02:51:32 PM,24698.3,0,0.0,118216689892.5
2025-08-01 02:51:32 PM,24698.3,75,1852372.5,118218542265.0
2025-08-01 02:51:33 PM,24702.5,0,0.0,118218542265.0
2025-08-01 02:51:34 PM,24702.5,75,1852687.5,118220394952.5
2025-08-01 02:51:42 PM,24697.1,0,0.0,118220394952.5
2025-08-01 02:51:44 PM,24697.1,150,3704565.0,118224099517.5
2025-08-01 02:51:44 PM,24702.5,0,0.0,118224099517.5
2025-08-01 02:51:45 PM,24702.5,75,1852687.5,118225952205.0
2025-08-01 02:51:47 PM,24697.0,0,0.0,118225952205.0
2025-08-01 02:51:47 PM,24697.0,75,1852275.0,118227804480.0
2025-08-01 02:51:52 PM,24702.9,0,0.0,118227804480.0
2025-08-01 02:51:53 PM,24702.9,75,1852717.5,118229657197.5
2025-08-01 02:51:57 PM,24697.0,0,0.0,118229657197.5
2025-08-01 02:51:57 PM,24697.0,75,1852275.0,118231509472.5
2025-08-01 02:52:01 PM,24701.2,0,0.0,118231509472.5
2025-08-01 02:52:01 PM,24697.0,0,0.0,118231509472.5
2025-08-01 02:52:02 PM,24697.0,150,3704550.0,118235214022.5
2025-08-01 02:52:02 PM,24696.8,0,0.0,118235214022.5
2025-08-01 02:52:03 PM,24702.0,0,0.0,118235214022.5
2025-08-01 02:52:03 PM,24702.0,375,9263250.0,118244477272.5
2025-08-01 02:52:04 PM,24697.0,0,0.0,118244477272.5
2025-08-01 02:52:05 PM,24696.8,0,0.0,118244477272.5
2025-08-01 02:52:05 PM,24696.8,150,3704520.0,118248181792.5
2025-08-01 02:52:06 PM,24700.8,0,0.0,118248181792.5
2025-08-01 02:52:07 PM,24697.0,0,0.0,118248181792.5
2025-08-01 02:52:07 PM,24697.0,225,5556825.0,118253738617.5
2025-08-01 02:52:10 PM,24699.9,0,0.0,118253738617.5
2025-08-01 02:52:10 PM,24700.0,0,0.0,118253738617.5
2025-08-01 02:52:10 PM,24700.0,525,12967500.0,118266706117.5
2025-08-01 02:52:15 PM,24700.0,150,3705000.0,118270411117.5
2025-08-01 02:52:16 PM,24696.9,0,0.0,118270411117.5
2025-08-01 02:52:17 PM,24696.9,75,1852267.5,118272263385.0
2025-08-01 02:52:19 PM,24697.4,0,0.0,118272263385.0
2025-08-01 02:52:19 PM,24702.6,0,0.0,118272263385.0
2025-08-01 02:52:20 PM,24702.7,0,0.0,118272263385.0
2025-08-01 02:52:20 PM,24702.7,300,7410810.0,118279674195.0
2025-08-01 02:52:28 PM,24698.3,0,0.0,118279674195.0
2025-08-01 02:52:28 PM,24698.3,75,1852372.5,118281526567.5
2025-08-01 02:52:31 PM,24701.6,0,0.0,118281526567.5
2025-08-01 02:52:32 PM,24701.6,300,7410480.0,118288937047.5
2025-08-01 02:52:36 PM,24700.2,0,0.0,118288937047.5
2025-08-01 02:52:37 PM,24698.3,0,0.0,118288937047.5
2025-08-01 02:52:37 PM,24698.3,225,5557117.5,118294494165.0
2025-08-01 02:52:41 PM,24700.5,0,0.0,118294494165.0
2025-08-01 02:52:42 PM,24698.3,0,0.0,118294494165.0
2025-08-01 02:52:42 PM,24698.3,150,3704745.0,118298198910.0
2025-08-01 02:52:43 PM,24698.3,150,3704745.0,118301903655.0
2025-08-01 02:52:43 PM,24697.8,75,1852335.0,118303755990.0
2025-08-01 02:52:45 PM,24697.8,75,1852335.0,118305608325.0
2025-08-01 02:52:46 PM,24696.8,0,0.0,118305608325.0
2025-08-01 02:52:47 PM,24696.8,75,1852260.0,118307460585.0
2025-08-01 02:52:49 PM,24698.7,0,0.0,118307460585.0
2025-08-01 02:52:50 PM,24698.7,75,1852402.5,118309312987.5
2025-08-01 02:52:55 PM,24700.1,0,0.0,118309312987.5
2025-08-01 02:52:55 PM,24700.1,75,1852507.5,118311165495.0
2025-08-01 02:52:56 PM,24698.7,0,0.0,118311165495.0
2025-08-01 02:52:57 PM,24698.7,75,1852402.5,118313017897.5
2025-08-01 02:52:59 PM,24698.3,75,1852372.5,118314870270.0
2025-08-01 02:52:59 PM,24698.7,0,0.0,118314870270.0
2025-08-01 02:53:00 PM,24698.7,75,1852402.5,118316722672.5
2025-08-01 02:53:02 PM,24698.3,0,0.0,118316722672.5
2025-08-01 02:53:03 PM,24698.3,225,5557117.5,118322279790.0
2025-08-01 02:53:08 PM,24701.5,0,0.0,118322279790.0
2025-08-01 02:53:08 PM,24701.5,75,1852612.5,118324132402.5
2025-08-01 02:53:10 PM,24698.0,0,0.0,118324132402.5
2025-08-01 02:53:11 PM,24697.0,0,0.0,118324132402.5
2025-08-01 02:53:12 PM,24697.0,375,9261375.0,118333393777.5
2025-08-01 02:53:12 PM,24698.0,75,1852350.0,118335246127.5
2025-08-01 02:53:14 PM,24698.0,75,1852350.0,118337098477.5
2025-08-01 02:53:18 PM,24696.8,0,0.0,118337098477.5
2025-08-01 02:53:18 PM,24696.8,150,3704520.0,118340802997.5
2025-08-01 02:53:22 PM,24696.8,75,1852260.0,118342655257.5
2025-08-01 02:53:23 PM,24699.4,0,0.0,118342655257.5
2025-08-01 02:53:23 PM,24696.8,150,3704520.0,118346359777.5
2025-08-01 02:53:24 PM,24698.4,0,0.0,118346359777.5
2025-08-01 02:53:25 PM,24698.4,75,1852380.0,118348212157.5
2025-08-01 02:53:27 PM,24698.6,150,3704790.0,118351916947.5
2025-08-01 02:53:27 PM,24696.8,0,0.0,118351916947.5
2025-08-01 02:53:28 PM,24696.8,225,5556780.0,118357473727.5
2025-08-01 02:53:30 PM,24696.8,75,1852260.0,118359325987.5
2025-08-01 02:53:32 PM,24697.2,0,0.0,118359325987.5
2025-08-01 02:53:32 PM,24696.1,0,0.0,118359325987.5
2025-08-01 02:53:33 PM,24696.0,0,0.0,118359325987.5
2025-08-01 02:53:33 PM,24696.0,1125,27783000.0,118387108987.5
2025-08-01 02:53:39 PM,24698.8,75,1852410.0,118388961397.5
2025-08-01 02:53:39 PM,24697.1,0,0.0,118388961397.5
2025-08-01 02:53:40 PM,24697.1,150,3704565.0,118392665962.5
2025-08-01 02:53:44 PM,24699.8,75,1852485.0,118394518447.5
2025-08-01 02:53:44 PM,24697.1,0,0.0,118394518447.5
2025-08-01 02:53:45 PM,24697.1,225,5556847.5,118400075295.0
2025-08-01 02:53:47 PM,24697.1,375,9261412.5,118409336707.5
2025-08-01 02:53:52 PM,24697.1,75,1852282.5,118411188990.0
2025-08-01 02:53:55 PM,24696.0,0,0.0,118411188990.0
2025-08-01 02:53:55 PM,24696.0,150,3704400.0,118414893390.0
2025-08-01 02:53:58 PM,24696.0,75,1852200.0,118416745590.0
2025-08-01 02:54:03 PM,24696.0,825,20374200.0,118437119790.0
2025-08-01 02:54:04 PM,24696.0,150,3704400.0,118440824190.0
2025-08-01 02:54:04 PM,24695.0,0,0.0,118440824190.0
2025-08-01 02:54:05 PM,24696.0,0,0.0,118440824190.0
2025-08-01 02:54:05 PM,24695.0,975,24077625.0,118464901815.0
2025-08-01 02:54:10 PM,24694.0,0,0.0,118464901815.0
2025-08-01 02:54:10 PM,24694.0,375,9260250.0,118474162065.0
2025-08-01 02:54:11 PM,24696.0,0,0.0,118474162065.0
2025-08-01 02:54:12 PM,24696.0,300,7408800.0,118481570865.0
2025-08-01 02:54:12 PM,24695.0,0,0.0,118481570865.0
2025-08-01 02:54:13 PM,24695.1,0,0.0,118481570865.0
2025-08-01 02:54:13 PM,24695.9,375,9260962.5,118490831827.5
2025-08-01 02:54:15 PM,24696.0,0,0.0,118490831827.5
2025-08-01 02:54:15 PM,24696.0,225,5556600.0,118496388427.5
2025-08-01 02:54:16 PM,24691.2,0,0.0,118496388427.5
2025-08-01 02:54:17 PM,24691.2,525,12962880.0,118509351307.5
2025-08-01 02:54:18 PM,24692.0,0,0.0,118509351307.5
2025-08-01 02:54:18 PM,24692.0,225,5555700.0,118514907007.5
2025-08-01 02:54:20 PM,24690.0,0,0.0,118514907007.5
2025-08-01 02:54:20 PM,24690.0,1050,25924500.0,118540831507.5
2025-08-01 02:54:20 PM,24692.0,0,0.0,118540831507.5
2025-08-01 02:54:22 PM,24692.0,75,1851900.0,118542683407.5
2025-08-01 02:54:23 PM,24692.0,150,3703800.0,118546387207.5
2025-08-01 02:54:25 PM,24692.0,75,1851900.0,118548239107.5
2025-08-01 02:54:28 PM,24692.0,75,1851900.0,118550091007.5
2025-08-01 02:54:30 PM,24692.0,450,11111400.0,118561202407.5
2025-08-01 02:54:32 PM,24692.0,450,11111400.0,118572313807.5
2025-08-01 02:54:35 PM,24692.0,300,7407600.0,118579721407.5
2025-08-01 02:54:36 PM,24695.7,0,0.0,118579721407.5
2025-08-01 02:54:37 PM,24695.7,75,1852177.5,118581573585.0
2025-08-01 02:54:39 PM,24692.9,0,0.0,118581573585.0
2025-08-01 02:54:40 PM,24692.9,75,1851967.5,118583425552.5
2025-08-01 02:54:46 PM,24692.9,150,3703935.0,118587129487.5
2025-08-01 02:54:50 PM,24693.2,225,5555970.0,118592685457.5
2025-08-01 02:54:51 PM,24692.9,0,0.0,118592685457.5
2025-08-01 02:54:51 PM,24692.9,75,1851967.5,118594537425.0
2025-08-01 02:54:54 PM,24692.0,0,0.0,118594537425.0
2025-08-01 02:54:54 PM,24691.2,0,0.0,118594537425.0
2025-08-01 02:54:55 PM,24691.2,150,3703680.0,118598241105.0
2025-08-01 02:54:55 PM,24690.2,0,0.0,118598241105.0
2025-08-01 02:54:55 PM,24690.2,150,3703530.0,118601944635.0
2025-08-01 02:54:58 PM,24690.9,0,0.0,118601944635.0
2025-08-01 02:54:58 PM,24690.9,75,1851817.5,118603796452.5
2025-08-01 02:55:00 PM,24690.9,75,1851817.5,118605648270.0
2025-08-01 02:55:00 PM,24690.9,150,3703635.0,118609351905.0
2025-08-01 02:55:05 PM,24690.9,75,1851817.5,118611203722.5
2025-08-01 02:55:07 PM,24690.0,0,0.0,118611203722.5
2025-08-01 02:55:08 PM,24690.0,150,3703500.0,118614907222.5
2025-08-01 02:55:12 PM,24691.0,0,0.0,118614907222.5
2025-08-01 02:55:13 PM,24693.9,0,0.0,118614907222.5
2025-08-01 02:55:13 PM,24693.9,150,3704085.0,118618611307.5
2025-08-01 02:55:15 PM,24693.4,75,1852005.0,118620463312.5
2025-08-01 02:55:16 PM,24690.2,0,0.0,118620463312.5
2025-08-01 02:55:16 PM,24690.0,0,0.0,118620463312.5
2025-08-01 02:55:17 PM,24693.9,900,22224510.0,118642687822.5
2025-08-01 02:55:18 PM,24688.0,0,0.0,118642687822.5
2025-08-01 02:55:18 PM,24688.0,2400,59251200.0,118701939022.5
2025-08-01 02:55:22 PM,24688.0,300,7406400.0,118709345422.5
2025-08-01 02:55:23 PM,24693.0,0,0.0,118709345422.5
2025-08-01 02:55:23 PM,24693.0,2700,66671100.0,118776016522.5
2025-08-01 02:55:24 PM,24688.6,0,0.0,118776016522.5
2025-08-01 02:55:24 PM,24689.9,0,0.0,118776016522.5
2025-08-01 02:55:25 PM,24689.9,1275,31479622.5,118807496145.0
2025-08-01 02:55:25 PM,24693.3,0,0.0,118807496145.0
2025-08-01 02:55:27 PM,24693.3,75,1851997.5,118809348142.5
2025-08-01 02:55:27 PM,24688.5,0,0.0,118809348142.5
2025-08-01 02:55:28 PM,24688.5,1425,35181112.5,118844529255.0
2025-08-01 02:55:35 PM,24690.0,0,0.0,118844529255.0
2025-08-01 02:55:37 PM,24690.0,150,3703500.0,118848232755.0
2025-08-01 02:55:39 PM,24689.8,0,0.0,118848232755.0
2025-08-01 02:55:40 PM,24689.8,150,3703470.0,118851936225.0
2025-08-01 02:55:41 PM,24690.0,0,0.0,118851936225.0
2025-08-01 02:55:42 PM,24690.0,225,5555250.0,118857491475.0
2025-08-01 02:55:43 PM,24688.5,0,0.0,118857491475.0
2025-08-01 02:55:43 PM,24688.5,300,7406550.0,118864898025.0
2025-08-01 02:55:43 PM,24688.5,75,1851637.5,118866749662.5
2025-08-01 02:55:45 PM,24687.0,0,0.0,118866749662.5
2025-08-01 02:55:45 PM,24687.0,300,7406100.0,118874155762.5
2025-08-01 02:55:45 PM,24688.0,75,1851600.0,118876007362.5
2025-08-01 02:55:46 PM,24686.0,0,0.0,118876007362.5
2025-08-01 02:55:46 PM,24686.0,75,1851450.0,118877858812.5
2025-08-01 02:55:48 PM,24686.0,75,1851450.0,118879710262.5
2025-08-01 02:55:51 PM,24686.0,75,1851450.0,118881561712.5
2025-08-01 02:55:52 PM,24688.5,0,0.0,118881561712.5
2025-08-01 02:55:53 PM,24688.5,75,1851637.5,118883413350.0
2025-08-01 02:55:54 PM,24686.0,0,0.0,118883413350.0
2025-08-01 02:55:55 PM,24686.0,75,1851450.0,118885264800.0
2025-08-01 02:55:55 PM,24688.2,0,0.0,118885264800.0
2025-08-01 02:55:56 PM,24685.0,0,0.0,118885264800.0
2025-08-01 02:55:56 PM,24685.0,375,9256875.0,118894521675.0
2025-08-01 02:55:57 PM,24686.0,0,0.0,118894521675.0
2025-08-01 02:55:58 PM,24686.0,300,7405800.0,118901927475.0
2025-08-01 02:55:59 PM,24685.0,0,0.0,118901927475.0
2025-08-01 02:56:00 PM,24685.0,300,7405500.0,118909332975.0
2025-08-01 02:56:00 PM,24685.0,75,1851375.0,118911184350.0
2025-08-01 02:56:01 PM,24686.0,0,0.0,118911184350.0
2025-08-01 02:56:01 PM,24686.0,225,5554350.0,118916738700.0
2025-08-01 02:56:04 PM,24685.0,0,0.0,118916738700.0
2025-08-01 02:56:04 PM,24685.0,75,1851375.0,118918590075.0
2025-08-01 02:56:05 PM,24684.3,0,0.0,118918590075.0
2025-08-01 02:56:06 PM,24684.3,900,22215870.0,118940805945.0
2025-08-01 02:56:08 PM,24686.0,0,0.0,118940805945.0
2025-08-01 02:56:08 PM,24686.0,75,1851450.0,118942657395.0
2025-08-01 02:56:09 PM,24686.0,75,1851450.0,118944508845.0
2025-08-01 02:56:11 PM,24689.0,0,0.0,118944508845.0
2025-08-01 02:56:11 PM,24689.0,525,12961725.0,118957470570.0
2025-08-01 02:56:12 PM,24687.1,0,0.0,118957470570.0
2025-08-01 02:56:12 PM,24687.1,75,1851532.5,118959322102.5
2025-08-01 02:56:13 PM,24687.0,75,1851525.0,118961173627.5
2025-08-01 02:56:15 PM,24689.0,0,0.0,118961173627.5
2025-08-01 02:56:16 PM,24689.0,75,1851675.0,118963025302.5
2025-08-01 02:56:18 PM,24689.6,0,0.0,118963025302.5
2025-08-01 02:56:18 PM,24689.6,375,9258600.0,118972283902.5
2025-08-01 02:56:21 PM,24685.0,0,0.0,118972283902.5
2025-08-01 02:56:21 PM,24685.0,900,22216500.0,118994500402.5
2025-08-01 02:56:21 PM,24684.9,0,0.0,118994500402.5
2025-08-01 02:56:22 PM,24684.9,225,5554102.5,119000054505.0
2025-08-01 02:56:22 PM,24688.0,0,0.0,119000054505.0
2025-08-01 02:56:23 PM,24685.2,450,11108340.0,119011162845.0
2025-08-01 02:56:23 PM,24685.0,75,1851375.0,119013014220.0
2025-08-01 02:56:24 PM,24683.6,0,0.0,119013014220.0
2025-08-01 02:56:24 PM,24683.6,300,7405080.0,119020419300.0
2025-08-01 02:56:26 PM,24685.0,0,0.0,119020419300.0
2025-08-01 02:56:27 PM,24685.0,150,3702750.0,119024122050.0
2025-08-01 02:56:28 PM,24683.6,0,0.0,119024122050.0
2025-08-01 02:56:28 PM,24683.6,225,5553810.0,119029675860.0
2025-08-01 02:56:29 PM,24685.0,0,0.0,119029675860.0
2025-08-01 02:56:30 PM,24685.0,75,1851375.0,119031527235.0
2025-08-01 02:56:32 PM,24683.6,0,0.0,119031527235.0
2025-08-01 02:56:33 PM,24683.6,75,1851270.0,119033378505.0
2025-08-01 02:56:34 PM,24683.6,150,3702540.0,119037081045.0
2025-08-01 02:56:35 PM,24683.6,150,3702540.0,119040783585.0
2025-08-01 02:56:36 PM,24683.6,75,1851270.0,119042634855.0
2025-08-01 02:56:37 PM,24683.6,150,3702540.0,119046337395.0
2025-08-01 02:56:38 PM,24684.9,0,0.0,119046337395.0
2025-08-01 02:56:39 PM,24684.9,75,1851367.5,119048188762.5
2025-08-01 02:56:39 PM,24683.6,0,0.0,119048188762.5
2025-08-01 02:56:40 PM,24683.6,75,1851270.0,119050040032.5
2025-08-01 02:56:40 PM,24684.9,0,0.0,119050040032.5
2025-08-01 02:56:41 PM,24684.9,75,1851367.5,119051891400.0
2025-08-01 02:56:42 PM,24683.6,75,1851270.0,119053742670.0
2025-08-01 02:56:42 PM,24684.9,0,0.0,119053742670.0
2025-08-01 02:56:42 PM,24684.9,300,7405470.0,119061148140.0
2025-08-01 02:56:44 PM,24683.6,0,0.0,119061148140.0
2025-08-01 02:56:44 PM,24683.6,75,1851270.0,119062999410.0
2025-08-01 02:56:47 PM,24683.6,300,7405080.0,119070404490.0
2025-08-01 02:56:47 PM,24684.9,0,0.0,119070404490.0
2025-08-01 02:56:47 PM,24684.9,75,1851367.5,119072255857.5
2025-08-01 02:56:48 PM,24685.0,0,0.0,119072255857.5
2025-08-01 02:56:48 PM,24685.0,75,1851375.0,119074107232.5
2025-08-01 02:56:49 PM,24683.6,0,0.0,119074107232.5
2025-08-01 02:56:49 PM,24683.6,1125,27769050.0,119101876282.5
2025-08-01 02:56:50 PM,24684.0,0,0.0,119101876282.5
2025-08-01 02:56:51 PM,24684.0,75,1851300.0,119103727582.5
2025-08-01 02:56:53 PM,24687.0,0,0.0,119103727582.5
2025-08-01 02:56:53 PM,24687.0,375,9257625.0,119112985207.5
2025-08-01 02:56:54 PM,24684.0,0,0.0,119112985207.5
2025-08-01 02:56:54 PM,24684.0,75,1851300.0,119114836507.5
2025-08-01 02:56:56 PM,24684.0,75,1851300.0,119116687807.5
2025-08-01 02:56:56 PM,24683.5,0,0.0,119116687807.5
2025-08-01 02:56:57 PM,24683.5,150,3702525.0,119120390332.5
2025-08-01 02:56:57 PM,24683.5,150,3702525.0,119124092857.5
2025-08-01 02:56:58 PM,24683.1,0,0.0,119124092857.5
2025-08-01 02:56:58 PM,24683.1,1050,25917255.0,119150010112.5
2025-08-01 02:57:00 PM,24682.0,0,0.0,119150010112.5
2025-08-01 02:57:00 PM,24682.0,750,18511500.0,119168521612.5
2025-08-01 02:57:00 PM,24678.5,0,0.0,119168521612.5
2025-08-01 02:57:01 PM,24678.5,15000,370177500.0,119538699112.5
2025-08-01 02:57:02 PM,24679.0,0,0.0,119538699112.5
2025-08-01 02:57:02 PM,24679.0,150,3701850.0,119542400962.5
2025-08-01 02:57:02 PM,24679.8,0,0.0,119542400962.5
2025-08-01 02:57:02 PM,24679.8,750,18509850.0,119560910812.5
2025-08-01 02:57:03 PM,24679.0,0,0.0,119560910812.5
2025-08-01 02:57:03 PM,24679.0,375,9254625.0,119570165437.5
2025-08-01 02:57:04 PM,24680.0,0,0.0,119570165437.5
2025-08-01 02:57:04 PM,24683.0,1275,31470825.0,119601636262.5
2025-08-01 02:57:05 PM,24678.9,0,0.0,119601636262.5
2025-08-01 02:57:05 PM,24680.0,450,11106000.0,119612742262.5
2025-08-01 02:57:07 PM,24680.0,75,1851000.0,119614593262.5
2025-08-01 02:57:07 PM,24679.9,525,12956947.5,119627550210.0
2025-08-01 02:57:10 PM,24680.0,0,0.0,119627550210.0
2025-08-01 02:57:11 PM,24679.5,0,0.0,119627550210.0
2025-08-01 02:57:11 PM,24679.5,225,5552887.5,119633103097.5
2025-08-01 02:57:12 PM,24679.3,0,0.0,119633103097.5
2025-08-01 02:57:12 PM,24679.3,225,5552842.5,119638655940.0
2025-08-01 02:57:13 PM,24679.3,375,9254737.5,119647910677.5
2025-08-01 02:57:14 PM,24679.3,1125,27764212.5,119675674890.0
2025-08-01 02:57:15 PM,24679.3,150,3701895.0,119679376785.0
2025-08-01 02:57:16 PM,24682.9,0,0.0,119679376785.0
2025-08-01 02:57:17 PM,24682.9,75,1851217.5,119681228002.5
2025-08-01 02:57:18 PM,24677.7,750,18508275.0,119699736277.5
2025-08-01 02:57:19 PM,24682.6,0,0.0,119699736277.5
2025-08-01 02:57:19 PM,24682.7,150,3702405.0,119703438682.5
2025-08-01 02:57:20 PM,24679.3,0,0.0,119703438682.5
2025-08-01 02:57:20 PM,24679.3,75,1850947.5,119705289630.0
2025-08-01 02:57:21 PM,24679.2,0,0.0,119705289630.0
2025-08-01 02:57:21 PM,24679.3,0,0.0,119705289630.0
2025-08-01 02:57:22 PM,24679.3,150,3701895.0,119708991525.0
2025-08-01 02:57:22 PM,24679.2,0,0.0,119708991525.0
2025-08-01 02:57:22 PM,24679.2,2100,51826320.0,119760817845.0
2025-08-01 02:57:23 PM,24676.5,0,0.0,119760817845.0
2025-08-01 02:57:23 PM,24676.5,300,7402950.0,119768220795.0
2025-08-01 02:57:24 PM,24676.0,0,0.0,119768220795.0
2025-08-01 02:57:24 PM,24676.0,600,14805600.0,119783026395.0
2025-08-01 02:57:25 PM,24676.5,0,0.0,119783026395.0
2025-08-01 02:57:25 PM,24676.5,75,1850737.5,119784877132.5
2025-08-01 02:57:26 PM,24676.1,75,1850707.5,119786727840.0
2025-08-01 02:57:27 PM,24678.6,0,0.0,119786727840.0
2025-08-01 02:57:27 PM,24678.6,225,5552685.0,119792280525.0
2025-08-01 02:57:28 PM,24676.1,150,3701415.0,119795981940.0
2025-08-01 02:57:29 PM,24676.1,150,3701415.0,119799683355.0
2025-08-01 02:57:30 PM,24678.0,0,0.0,119799683355.0
2025-08-01 02:57:30 PM,24678.0,450,11105100.0,119810788455.0
2025-08-01 02:57:31 PM,24679.3,0,0.0,119810788455.0
2025-08-01 02:57:32 PM,24679.3,150,3701895.0,119814490350.0
2025-08-01 02:57:32 PM,24677.1,75,1850782.5,119816341132.5
2025-08-01 02:57:34 PM,24679.3,0,0.0,119816341132.5
2025-08-01 02:57:34 PM,24679.3,75,1850947.5,119818192080.0
2025-08-01 02:57:36 PM,24678.0,0,0.0,119818192080.0
2025-08-01 02:57:36 PM,24678.0,75,1850850.0,119820042930.0
2025-08-01 02:57:36 PM,24675.9,0,0.0,119820042930.0
2025-08-01 02:57:37 PM,24675.9,3600,88833240.0,119908876170.0
2025-08-01 02:57:41 PM,24679.3,0,0.0,119908876170.0
2025-08-01 02:57:42 PM,24679.3,75,1850947.5,119910727117.5
2025-08-01 02:57:42 PM,24675.8,0,0.0,119910727117.5
2025-08-01 02:57:42 PM,24675.8,75,1850685.0,119912577802.5
2025-08-01 02:57:44 PM,24679.3,0,0.0,119912577802.5
2025-08-01 02:57:44 PM,24679.3,75,1850947.5,119914428750.0
2025-08-01 02:57:45 PM,24678.0,0,0.0,119914428750.0
2025-08-01 02:57:45 PM,24678.0,75,1850850.0,119916279600.0
2025-08-01 02:57:45 PM,24675.9,0,0.0,119916279600.0
2025-08-01 02:57:46 PM,24675.7,300,7402710.0,119923682310.0
2025-08-01 02:57:47 PM,24679.3,0,0.0,119923682310.0
2025-08-01 02:57:47 PM,24679.3,75,1850947.5,119925533257.5
2025-08-01 02:57:49 PM,24675.9,0,0.0,119925533257.5
2025-08-01 02:57:49 PM,24675.9,225,5552077.5,119931085335.0
2025-08-01 02:57:49 PM,24675.0,0,0.0,119931085335.0
2025-08-01 02:57:50 PM,24675.0,2550,62921250.0,119994006585.0
2025-08-01 02:57:51 PM,24675.0,150,3701250.0,119997707835.0
2025-08-01 02:57:52 PM,24678.0,0,0.0,119997707835.0
2025-08-01 02:57:52 PM,24675.0,2100,51817500.0,120049525335.0
2025-08-01 02:57:53 PM,24675.0,150,3701250.0,120053226585.0
2025-08-01 02:57:54 PM,24678.0,0,0.0,120053226585.0
2025-08-01 02:57:55 PM,24678.0,75,1850850.0,120055077435.0
2025-08-01 02:57:55 PM,24675.0,0,0.0,120055077435.0
2025-08-01 02:57:56 PM,24675.0,150,3701250.0,120058778685.0
2025-08-01 02:57:56 PM,24678.0,0,0.0,120058778685.0
2025-08-01 02:57:56 PM,24675.0,0,0.0,120058778685.0
2025-08-01 02:57:56 PM,24675.0,150,3701250.0,120062479935.0
2025-08-01 02:57:57 PM,24678.0,0,0.0,120062479935.0
2025-08-01 02:57:57 PM,24673.5,1650,40711275.0,120103191210.0
2025-08-01 02:57:58 PM,24675.0,0,0.0,120103191210.0
2025-08-01 02:57:58 PM,24675.0,75,1850625.0,120105041835.0
2025-08-01 02:58:00 PM,24673.1,0,0.0,120105041835.0
2025-08-01 02:58:00 PM,24673.1,1500,37009650.0,120142051485.0
2025-08-01 02:58:01 PM,24673.3,0,0.0,120142051485.0
2025-08-01 02:58:01 PM,24673.3,750,18504975.0,120160556460.0
2025-08-01 02:58:02 PM,24675.0,0,0.0,120160556460.0
2025-08-01 02:58:02 PM,24673.5,0,0.0,120160556460.0
2025-08-01 02:58:02 PM,24673.5,1575,38860762.5,120199417222.5
2025-08-01 02:58:03 PM,24677.0,525,12955425.0,120212372647.5
2025-08-01 02:58:03 PM,24679.3,0,0.0,120212372647.5
2025-08-01 02:58:04 PM,24679.3,1725,42571792.5,120254944440.0
2025-08-01 02:58:04 PM,24676.1,0,0.0,120254944440.0
2025-08-01 02:58:05 PM,24676.1,1500,37014150.0,120291958590.0
2025-08-01 02:58:06 PM,24676.3,0,0.0,120291958590.0
2025-08-01 02:58:06 PM,24676.3,75,1850722.5,120293809312.5
2025-08-01 02:58:09 PM,24693.2,0,0.0,120293809312.5
2025-08-01 02:58:09 PM,24685.3,8475,209207917.5,120503017230.0
2025-08-01 02:58:09 PM,24685.1,0,0.0,120503017230.0
2025-08-01 02:58:10 PM,24684.4,0,0.0,120503017230.0
2025-08-01 02:58:10 PM,24684.8,2550,62946240.0,120565963470.0
2025-08-01 02:58:11 PM,24685.8,75,1851435.0,120567814905.0
2025-08-01 02:58:11 PM,24685.8,1500,37028700.0,120604843605.0
2025-08-01 02:58:12 PM,24693.4,0,0.0,120604843605.0
2025-08-01 02:58:12 PM,24693.4,150,3704010.0,120608547615.0
2025-08-01 02:58:13 PM,24687.3,0,0.0,120608547615.0
2025-08-01 02:58:13 PM,24687.3,1500,37030950.0,120645578565.0
2025-08-01 02:58:15 PM,24693.1,0,0.0,120645578565.0
2025-08-01 02:58:16 PM,24693.1,75,1851982.5,120647430547.5
2025-08-01 02:58:17 PM,24692.3,0,0.0,120647430547.5
2025-08-01 02:58:17 PM,24692.3,75,1851922.5,120649282470.0
2025-08-01 02:58:18 PM,24687.0,0,0.0,120649282470.0
2025-08-01 02:58:18 PM,24684.9,0,0.0,120649282470.0
2025-08-01 02:58:18 PM,24684.9,750,18513675.0,120667796145.0
2025-08-01 02:58:19 PM,24686.1,75,1851457.5,120669647602.5
2025-08-01 02:58:20 PM,24686.1,75,1851457.5,120671499060.0
2025-08-01 02:58:20 PM,24692.4,0,0.0,120671499060.0
2025-08-01 02:58:21 PM,24692.4,150,3703860.0,120675202920.0
2025-08-01 02:58:21 PM,24692.9,0,0.0,120675202920.0
2025-08-01 02:58:22 PM,24690.3,525,12962407.5,120688165327.5
2025-08-01 02:58:22 PM,24689.8,300,7406940.0,120695572267.5
2025-08-01 02:58:24 PM,24688.6,0,0.0,120695572267.5
2025-08-01 02:58:25 PM,24688.6,150,3703290.0,120699275557.5
2025-08-01 02:58:25 PM,24688.1,0,0.0,120699275557.5
2025-08-01 02:58:26 PM,24688.1,75,1851607.5,120701127165.0
2025-08-01 02:58:26 PM,24687.9,0,0.0,120701127165.0
2025-08-01 02:58:27 PM,24692.9,225,5555902.5,120706683067.5
2025-08-01 02:58:29 PM,24690.0,0,0.0,120706683067.5
2025-08-01 02:58:29 PM,24690.0,75,1851750.0,120708534817.5
2025-08-01 02:58:30 PM,24688.0,0,0.0,120708534817.5
2025-08-01 02:58:30 PM,24688.0,225,5554800.0,120714089617.5
2025-08-01 02:58:31 PM,24690.0,0,0.0,120714089617.5
2025-08-01 02:58:31 PM,24690.0,450,11110500.0,120725200117.5
2025-08-01 02:58:32 PM,24689.9,0,0.0,120725200117.5
2025-08-01 02:58:32 PM,24689.9,75,1851742.5,120727051860.0
2025-08-01 02:58:33 PM,24688.0,0,0.0,120727051860.0
2025-08-01 02:58:33 PM,24688.0,300,7406400.0,120734458260.0
2025-08-01 02:58:34 PM,24690.0,0,0.0,120734458260.0
2025-08-01 02:58:34 PM,24690.0,75,1851750.0,120736310010.0
2025-08-01 02:58:35 PM,24688.2,0,0.0,120736310010.0
2025-08-01 02:58:35 PM,24688.2,75,1851615.0,120738161625.0
2025-08-01 02:58:37 PM,24688.5,0,0.0,120738161625.0
2025-08-01 02:58:37 PM,24688.5,75,1851637.5,120740013262.5
2025-08-01 02:58:38 PM,24688.0,75,1851600.0,120741864862.5
2025-08-01 02:58:40 PM,24690.0,0,0.0,120741864862.5
2025-08-01 02:58:40 PM,24690.0,525,12962250.0,120754827112.5
2025-08-01 02:58:42 PM,24688.0,0,0.0,120754827112.5
2025-08-01 02:58:42 PM,24688.0,525,12961200.0,120767788312.5
2025-08-01 02:58:44 PM,24688.7,0,0.0,120767788312.5
2025-08-01 02:58:44 PM,24688.7,75,1851652.5,120769639965.0
2025-08-01 02:58:45 PM,24688.7,150,3703305.0,120773343270.0
2025-08-01 02:58:47 PM,24688.7,75,1851652.5,120775194922.5
2025-08-01 02:58:47 PM,24687.3,0,0.0,120775194922.5
2025-08-01 02:58:47 PM,24685.0,1050,25919250.0,120801114172.5
2025-08-01 02:58:51 PM,24682.2,0,0.0,120801114172.5
2025-08-01 02:58:52 PM,24682.2,150,3702330.0,120804816502.5
2025-08-01 02:58:52 PM,24683.2,0,0.0,120804816502.5
2025-08-01 02:58:52 PM,24683.2,75,1851240.0,120806667742.5
2025-08-01 02:58:53 PM,24676.4,0,0.0,120806667742.5
2025-08-01 02:58:53 PM,24676.0,0,0.0,120806667742.5
2025-08-01 02:58:53 PM,24676.0,3000,74028000.0,120880695742.5
2025-08-01 02:58:54 PM,24682.9,0,0.0,120880695742.5
2025-08-01 02:58:54 PM,24682.9,75,1851217.5,120882546960.0
2025-08-01 02:59:01 PM,24678.1,0,0.0,120882546960.0
2025-08-01 02:59:02 PM,24678.1,150,3701715.0,120886248675.0
2025-08-01 02:59:02 PM,24678.1,75,1850857.5,120888099532.5
2025-08-01 02:59:03 PM,24677.0,0,0.0,120888099532.5
2025-08-01 02:59:03 PM,24678.1,0,0.0,120888099532.5
2025-08-01 02:59:03 PM,24678.1,150,3701715.0,120891801247.5
2025-08-01 02:59:04 PM,24678.1,300,7403430.0,120899204677.5
2025-08-01 02:59:05 PM,24678.1,75,1850857.5,120901055535.0
2025-08-01 02:59:07 PM,24678.1,225,5552572.5,120906608107.5
2025-08-01 02:59:07 PM,24678.1,75,1850857.5,120908458965.0
2025-08-01 02:59:08 PM,24680.0,0,0.0,120908458965.0
2025-08-01 02:59:08 PM,24680.0,2100,51828000.0,120960286965.0
2025-08-01 02:59:10 PM,24678.8,0,0.0,120960286965.0
2025-08-01 02:59:11 PM,24678.8,825,20360010.0,120980646975.0
2025-08-01 02:59:12 PM,24679.0,0,0.0,120980646975.0
2025-08-01 02:59:12 PM,24684.0,0,0.0,120980646975.0
2025-08-01 02:59:12 PM,24684.0,225,5553900.0,120986200875.0
2025-08-01 02:59:15 PM,24680.0,0,0.0,120986200875.0
2025-08-01 02:59:15 PM,24680.0,75,1851000.0,120988051875.0
2025-08-01 02:59:16 PM,24678.6,0,0.0,120988051875.0
2025-08-01 02:59:16 PM,24678.6,1500,37017900.0,121025069775.0
2025-08-01 02:59:16 PM,24680.0,0,0.0,121025069775.0
2025-08-01 02:59:16 PM,24680.0,75,1851000.0,121026920775.0
2025-08-01 02:59:17 PM,24679.4,0,0.0,121026920775.0
2025-08-01 02:59:17 PM,24679.4,150,3701910.0,121030622685.0
2025-08-01 02:59:18 PM,24679.9,0,0.0,121030622685.0
2025-08-01 02:59:18 PM,24679.9,75,1850992.5,121032473677.5
2025-08-01 02:59:20 PM,24679.8,0,0.0,121032473677.5
2025-08-01 02:59:20 PM,24679.8,75,1850985.0,121034324662.5
2025-08-01 02:59:21 PM,24679.8,75,1850985.0,121036175647.5
2025-08-01 02:59:21 PM,24679.9,0,0.0,121036175647.5
2025-08-01 02:59:22 PM,24679.9,1275,31466872.5,121067642520.0
2025-08-01 02:59:22 PM,24679.1,0,0.0,121067642520.0
2025-08-01 02:59:22 PM,24679.1,900,22211190.0,121089853710.0
2025-08-01 02:59:25 PM,24679.1,75,1850932.5,121091704642.5
2025-08-01 02:59:28 PM,24684.0,0,0.0,121091704642.5
2025-08-01 02:59:29 PM,24684.0,75,1851300.0,121093555942.5
2025-08-01 02:59:31 PM,24682.9,0,0.0,121093555942.5
2025-08-01 02:59:32 PM,24682.9,300,7404870.0,121100960812.5
2025-08-01 02:59:32 PM,24680.0,0,0.0,121100960812.5
2025-08-01 02:59:32 PM,24680.0,75,1851000.0,121102811812.5
2025-08-01 02:59:34 PM,24682.1,0,0.0,121102811812.5
2025-08-01 02:59:35 PM,24682.1,300,7404630.0,121110216442.5
2025-08-01 02:59:36 PM,24680.6,75,1851045.0,121112067487.5
2025-08-01 02:59:41 PM,24678.1,0,0.0,121112067487.5
2025-08-01 02:59:42 PM,24678.1,75,1850857.5,121113918345.0
2025-08-01 02:59:45 PM,24678.0,0,0.0,121113918345.0
2025-08-01 02:59:45 PM,24678.0,75,1850850.0,121115769195.0
2025-08-01 02:59:46 PM,24680.6,0,0.0,121115769195.0
2025-08-01 02:59:47 PM,24680.6,75,1851045.0,121117620240.0
2025-08-01 02:59:50 PM,24680.9,0,0.0,121117620240.0
2025-08-01 02:59:50 PM,24680.9,75,1851067.5,121119471307.5
2025-08-01 02:59:52 PM,24678.1,0,0.0,121119471307.5
2025-08-01 02:59:52 PM,24678.1,300,7403430.0,121126874737.5
2025-08-01 02:59:54 PM,24677.5,0,0.0,121126874737.5
2025-08-01 02:59:54 PM,24677.5,150,3701625.0,121130576362.5
2025-08-01 02:59:54 PM,24678.0,0,0.0,121130576362.5
2025-08-01 02:59:55 PM,24678.0,1425,35166150.0,121165742512.5
2025-08-01 02:59:56 PM,24678.0,75,1850850.0,121167593362.5
2025-08-01 02:59:56 PM,24679.0,0,0.0,121167593362.5
2025-08-01 02:59:57 PM,24679.0,75,1850925.0,121169444287.5
2025-08-01 02:59:58 PM,24678.9,0,0.0,121169444287.5
2025-08-01 02:59:58 PM,24678.9,75,1850917.5,121171295205.0
2025-08-01 02:59:59 PM,24680.0,0,0.0,121171295205.0
2025-08-01 03:00:00 PM,24680.0,150,3702000.0,121174997205.0
2025-08-01 03:00:00 PM,24678.0,0,0.0,121174997205.0
2025-08-01 03:00:01 PM,24679.7,225,5552932.5,121180550137.5
2025-08-01 03:00:01 PM,24676.0,0,0.0,121180550137.5
2025-08-01 03:00:02 PM,24676.0,75,1850700.0,121182400837.5
2025-08-01 03:00:02 PM,24676.0,150,3701400.0,121186102237.5
2025-08-01 03:00:03 PM,24678.0,0,0.0,121186102237.5
2025-08-01 03:00:03 PM,24678.0,75,1850850.0,121187953087.5
2025-08-01 03:00:05 PM,24678.0,75,1850850.0,121189803937.5
2025-08-01 03:00:05 PM,24676.0,0,0.0,121189803937.5
2025-08-01 03:00:06 PM,24675.0,300,7402500.0,121197206437.5
2025-08-01 03:00:07 PM,24675.0,150,3701250.0,121200907687.5
2025-08-01 03:00:07 PM,24676.0,0,0.0,121200907687.5
2025-08-01 03:00:07 PM,24676.0,225,5552100.0,121206459787.5
2025-08-01 03:00:08 PM,24675.9,75,1850692.5,121208310480.0
2025-08-01 03:00:09 PM,24678.0,0,0.0,121208310480.0
2025-08-01 03:00:09 PM,24678.0,150,3701700.0,121212012180.0
2025-08-01 03:00:10 PM,24675.0,0,0.0,121212012180.0
2025-08-01 03:00:11 PM,24675.0,150,3701250.0,121215713430.0
2025-08-01 03:00:11 PM,24675.4,0,0.0,121215713430.0
2025-08-01 03:00:12 PM,24675.4,75,1850655.0,121217564085.0
2025-08-01 03:00:12 PM,24675.4,75,1850655.0,121219414740.0
2025-08-01 03:00:15 PM,24675.0,0,0.0,121219414740.0
2025-08-01 03:00:16 PM,24675.0,225,5551875.0,121224966615.0
2025-08-01 03:00:17 PM,24675.0,825,20356875.0,121245323490.0
2025-08-01 03:00:18 PM,24674.7,0,0.0,121245323490.0
2025-08-01 03:00:18 PM,24674.7,75,1850602.5,121247174092.5
2025-08-01 03:00:19 PM,24675.0,300,7402500.0,121254576592.5
2025-08-01 03:00:20 PM,24677.9,0,0.0,121254576592.5
2025-08-01 03:00:20 PM,24677.9,4275,105498022.5,121360074615.0
2025-08-01 03:00:21 PM,24675.0,150,3701250.0,121363775865.0
2025-08-01 03:00:25 PM,24675.0,150,3701250.0,121367477115.0
2025-08-01 03:00:25 PM,24672.0,0,0.0,121367477115.0
2025-08-01 03:00:26 PM,24672.0,450,11102400.0,121378579515.0
2025-08-01 03:00:26 PM,24671.0,0,0.0,121378579515.0
2025-08-01 03:00:27 PM,24672.0,675,16653600.0,121395233115.0
2025-08-01 03:00:27 PM,24671.0,0,0.0,121395233115.0
2025-08-01 03:00:27 PM,24671.0,150,3700650.0,121398933765.0
2025-08-01 03:00:28 PM,24671.0,225,5550975.0,121404484740.0
2025-08-01 03:00:31 PM,24671.0,150,3700650.0,121408185390.0
2025-08-01 03:00:31 PM,24670.5,0,0.0,121408185390.0
2025-08-01 03:00:32 PM,24670.4,150,3700560.0,121411885950.0
2025-08-01 03:00:32 PM,24670.2,0,0.0,121411885950.0
2025-08-01 03:00:32 PM,24670.2,75,1850265.0,121413736215.0
2025-08-01 03:00:33 PM,24671.0,0,0.0,121413736215.0
2025-08-01 03:00:33 PM,24670.6,1050,25904130.0,121439640345.0
2025-08-01 03:00:34 PM,24671.0,0,0.0,121439640345.0
2025-08-01 03:00:34 PM,24671.0,75,1850325.0,121441490670.0
2025-08-01 03:00:34 PM,24672.0,0,0.0,121441490670.0
2025-08-01 03:00:35 PM,24672.0,975,24055200.0,121465545870.0
2025-08-01 03:00:35 PM,24670.7,0,0.0,121465545870.0
2025-08-01 03:00:36 PM,24670.7,75,1850302.5,121467396172.5
2025-08-01 03:00:37 PM,24670.2,450,11101590.0,121478497762.5
2025-08-01 03:00:37 PM,24670.9,0,0.0,121478497762.5
2025-08-01 03:00:37 PM,24670.9,675,16652857.500000002,121495150620.0
2025-08-01 03:00:39 PM,24670.7,0,0.0,121495150620.0
2025-08-01 03:00:39 PM,24670.7,75,1850302.5,121497000922.5
2025-08-01 03:00:39 PM,24670.9,0,0.0,121497000922.5
2025-08-01 03:00:40 PM,24670.7,525,12952117.5,121509953040.0
2025-08-01 03:00:41 PM,24670.9,0,0.0,121509953040.0
2025-08-01 03:00:42 PM,24670.9,75,1850317.5,121511803357.5
2025-08-01 03:00:42 PM,24670.9,75,1850317.5,121513653675.0
2025-08-01 03:00:43 PM,24671.2,0,0.0,121513653675.0
2025-08-01 03:00:43 PM,24671.2,225,5551020.0,121519204695.0
2025-08-01 03:00:44 PM,24672.0,0,0.0,121519204695.0
2025-08-01 03:00:44 PM,24672.0,600,14803200.0,121534007895.0
2025-08-01 03:00:44 PM,24674.1,0,0.0,121534007895.0
2025-08-01 03:00:45 PM,24677.0,0,0.0,121534007895.0
2025-08-01 03:00:45 PM,24677.0,1200,29612400.0,121563620295.0
2025-08-01 03:00:47 PM,24675.9,0,0.0,121563620295.0
2025-08-01 03:00:47 PM,24675.9,150,3701385.0,121567321680.0
2025-08-01 03:00:48 PM,24673.9,0,0.0,121567321680.0
2025-08-01 03:00:48 PM,24673.9,2475,61067902.5,121628389582.5
2025-08-01 03:00:49 PM,24673.5,0,0.0,121628389582.5
2025-08-01 03:00:50 PM,24673.5,150,3701025.0,121632090607.5
2025-08-01 03:00:50 PM,24673.1,0,0.0,121632090607.5
2025-08-01 03:00:51 PM,24673.1,75,1850482.5,121633941090.0
2025-08-01 03:00:51 PM,24677.9,0,0.0,121633941090.0
2025-08-01 03:00:51 PM,24678.0,0,0.0,121633941090.0
2025-08-01 03:00:52 PM,24678.0,225,5552550.0,121639493640.0
2025-08-01 03:00:52 PM,24676.9,0,0.0,121639493640.0
2025-08-01 03:00:52 PM,24678.0,300,7403400.0,121646897040.0
2025-08-01 03:00:54 PM,24674.8,1800,44414640.0,121691311680.0
2025-08-01 03:00:54 PM,24674.3,0,0.0,121691311680.0
2025-08-01 03:00:55 PM,24675.0,0,0.0,121691311680.0
2025-08-01 03:00:55 PM,24675.0,825,20356875.0,121711668555.0
2025-08-01 03:00:55 PM,24675.5,0,0.0,121711668555.0
2025-08-01 03:00:56 PM,24677.0,150,3701550.0,121715370105.0
2025-08-01 03:00:57 PM,24677.0,150,3701550.0,121719071655.0
2025-08-01 03:00:57 PM,24677.0,75,1850775.0,121720922430.0
2025-08-01 03:00:58 PM,24678.0,0,0.0,121720922430.0
2025-08-01 03:00:58 PM,24678.0,150,3701700.0,121724624130.0
2025-08-01 03:00:59 PM,24676.2,0,0.0,121724624130.0
2025-08-01 03:00:59 PM,24676.2,600,14805720.0,121739429850.0
2025-08-01 03:01:00 PM,24678.1,0,0.0,121739429850.0
2025-08-01 03:01:01 PM,24678.1,450,11105145.0,121750534995.0
2025-08-01 03:01:02 PM,24680.0,0,0.0,121750534995.0
2025-08-01 03:01:02 PM,24680.0,900,22212000.0,121772746995.0
2025-08-01 03:01:03 PM,24682.0,0,0.0,121772746995.0
2025-08-01 03:01:03 PM,24682.9,0,0.0,121772746995.0
2025-08-01 03:01:03 PM,24682.9,9300,229550970.0,122002297965.0
2025-08-01 03:01:04 PM,24685.0,0,0.0,122002297965.0
2025-08-01 03:01:04 PM,24685.0,150,3702750.0,122006000715.0
2025-08-01 03:01:06 PM,24685.0,75,1851375.0,122007852090.0
2025-08-01 03:01:06 PM,24686.9,0,0.0,122007852090.0
2025-08-01 03:01:07 PM,24686.9,375,9257587.5,122017109677.5
2025-08-01 03:01:07 PM,24686.0,0,0.0,122017109677.5
2025-08-01 03:01:07 PM,24688.0,0,0.0,122017109677.5
2025-08-01 03:01:07 PM,24688.7,600,14813220.0,122031922897.5
2025-08-01 03:01:08 PM,24687.0,0,0.0,122031922897.5
2025-08-01 03:01:08 PM,24688.7,675,16664872.5,122048587770.0
2025-08-01 03:01:09 PM,24688.7,75,1851652.5,122050439422.5
2025-08-01 03:01:10 PM,24689.0,0,0.0,122050439422.5
2025-08-01 03:01:10 PM,24688.6,1425,35181255.0,122085620677.5
2025-08-01 03:01:11 PM,24688.7,75,1851652.5,122087472330.0
2025-08-01 03:01:11 PM,24688.9,0,0.0,122087472330.0
2025-08-01 03:01:12 PM,24689.0,450,11110050.0,122098582380.0
2025-08-01 03:01:12 PM,24688.6,150,3703290.0,122102285670.0
2025-08-01 03:01:13 PM,24688.7,0,0.0,122102285670.0
2025-08-01 03:01:13 PM,24687.7,0,0.0,122102285670.0
2025-08-01 03:01:13 PM,24687.7,300,7406310.0,122109691980.0
2025-08-01 03:01:14 PM,24687.6,0,0.0,122109691980.0
2025-08-01 03:01:14 PM,24687.6,375,9257850.0,122118949830.0
2025-08-01 03:01:15 PM,24689.0,0,0.0,122118949830.0
2025-08-01 03:01:15 PM,24687.6,150,3703140.0,122122652970.0
2025-08-01 03:01:17 PM,24687.6,150,3703140.0,122126356110.0
2025-08-01 03:01:18 PM,24687.6,75,1851570.0,122128207680.0
2025-08-01 03:01:19 PM,24688.9,0,0.0,122128207680.0
2025-08-01 03:01:19 PM,24688.9,75,1851667.5,122130059347.5
2025-08-01 03:01:20 PM,24686.7,0,0.0,122130059347.5
2025-08-01 03:01:20 PM,24686.7,75,1851502.5,122131910850.0
2025-08-01 03:01:21 PM,24690.0,975,24072750.0,122155983600.0
2025-08-01 03:01:21 PM,24687.9,0,0.0,122155983600.0
2025-08-01 03:01:22 PM,24687.9,150,3703185.0,122159686785.0
2025-08-01 03:01:25 PM,24687.0,0,0.0,122159686785.0
2025-08-01 03:01:25 PM,24687.0,75,1851525.0,122161538310.0
2025-08-01 03:01:26 PM,24686.9,0,0.0,122161538310.0
2025-08-01 03:01:26 PM,24687.0,0,0.0,122161538310.0
2025-08-01 03:01:27 PM,24687.9,300,7406370.0,122168944680.0
2025-08-01 03:01:27 PM,24688.6,150,3703290.0,122172647970.0
2025-08-01 03:01:31 PM,24688.0,0,0.0,122172647970.0
2025-08-01 03:01:32 PM,24686.5,600,14811900.0,122187459870.0
2025-08-01 03:01:32 PM,24688.0,0,0.0,122187459870.0
2025-08-01 03:01:32 PM,24688.0,150,3703200.0,122191163070.0
2025-08-01 03:01:33 PM,24688.1,0,0.0,122191163070.0
2025-08-01 03:01:33 PM,24688.2,0,0.0,122191163070.0
2025-08-01 03:01:34 PM,24688.2,150,3703230.0,122194866300.0
2025-08-01 03:01:34 PM,24686.5,0,0.0,122194866300.0
2025-08-01 03:01:34 PM,24686.5,75,1851487.5,122196717787.5
2025-08-01 03:01:34 PM,24687.9,0,0.0,122196717787.5
2025-08-01 03:01:35 PM,24688.0,0,0.0,122196717787.5
2025-08-01 03:01:35 PM,24686.5,300,7405950.0,122204123737.5
2025-08-01 03:01:36 PM,24686.5,75,1851487.5,122205975225.0
2025-08-01 03:01:37 PM,24688.8,375,9258300.0,122215233525.0
2025-08-01 03:01:37 PM,24688.5,0,0.0,122215233525.0
2025-08-01 03:01:37 PM,24688.0,0,0.0,122215233525.0
2025-08-01 03:01:37 PM,24688.0,225,5554800.0,122220788325.0
2025-08-01 03:01:38 PM,24688.5,0,0.0,122220788325.0
2025-08-01 03:01:39 PM,24688.5,75,1851637.5,122222639962.5
2025-08-01 03:01:39 PM,24688.0,0,0.0,122222639962.5
2025-08-01 03:01:40 PM,24688.1,0,0.0,122222639962.5
2025-08-01 03:01:40 PM,24688.1,225,5554822.5,122228194785.0
2025-08-01 03:01:41 PM,24687.9,0,0.0,122228194785.0
2025-08-01 03:01:42 PM,24687.9,75,1851592.5,122230046377.5
2025-08-01 03:01:43 PM,24687.9,75,1851592.5,122231897970.0
2025-08-01 03:01:44 PM,24687.9,75,1851592.5,122233749562.5
2025-08-01 03:01:44 PM,24687.9,75,1851592.5,122235601155.0
2025-08-01 03:01:46 PM,24686.5,0,0.0,122235601155.0
2025-08-01 03:01:46 PM,24686.5,150,3702975.0,122239304130.0
2025-08-01 03:01:48 PM,24688.0,0,0.0,122239304130.0
2025-08-01 03:01:48 PM,24687.8,0,0.0,122239304130.0
2025-08-01 03:01:48 PM,24687.3,0,0.0,122239304130.0
2025-08-01 03:01:49 PM,24687.3,600,14812380.0,122254116510.0
2025-08-01 03:01:50 PM,24686.7,0,0.0,122254116510.0
2025-08-01 03:01:50 PM,24686.7,75,1851502.5,122255968012.5
2025-08-01 03:01:51 PM,24687.8,0,0.0,122255968012.5
2025-08-01 03:01:52 PM,24687.8,75,1851585.0,122257819597.5
2025-08-01 03:01:53 PM,24687.7,0,0.0,122257819597.5
2025-08-01 03:01:53 PM,24687.7,75,1851577.5,122259671175.0
2025-08-01 03:01:53 PM,24687.9,0,0.0,122259671175.0
2025-08-01 03:01:54 PM,24687.9,150,3703185.0,122263374360.0
2025-08-01 03:01:55 PM,24687.9,75,1851592.5,122265225952.5
2025-08-01 03:01:58 PM,24687.7,0,0.0,122265225952.5
2025-08-01 03:01:58 PM,24687.8,0,0.0,122265225952.5
2025-08-01 03:01:59 PM,24687.8,375,9257925.0,122274483877.5
2025-08-01 03:01:59 PM,24687.9,75,1851592.5,122276335470.0
2025-08-01 03:02:00 PM,24687.9,150,3703185.0,122280038655.0
2025-08-01 03:02:04 PM,24687.9,75,1851592.5,122281890247.5
2025-08-01 03:02:05 PM,24686.5,0,0.0,122281890247.5
2025-08-01 03:02:05 PM,24686.5,150,3702975.0,122285593222.5
2025-08-01 03:02:06 PM,24686.5,150,3702975.0,122289296197.5
2025-08-01 03:02:08 PM,24687.9,0,0.0,122289296197.5
2025-08-01 03:02:08 PM,24688.0,0,0.0,122289296197.5
2025-08-01 03:02:08 PM,24687.0,0,0.0,122289296197.5
2025-08-01 03:02:09 PM,24687.0,525,12960675.0,122302256872.5
2025-08-01 03:02:09 PM,24686.5,75,1851487.5,122304108360.0
2025-08-01 03:02:12 PM,24686.5,75,1851487.5,122305959847.5
2025-08-01 03:02:14 PM,24687.9,0,0.0,122305959847.5
2025-08-01 03:02:14 PM,24687.9,75,1851592.5,122307811440.0
2025-08-01 03:02:18 PM,24686.5,75,1851487.5,122309662927.5
2025-08-01 03:02:20 PM,24687.9,0,0.0,122309662927.5
2025-08-01 03:02:20 PM,24685.8,0,0.0,122309662927.5
2025-08-01 03:02:20 PM,24685.8,300,7405740.0,122317068667.5
2025-08-01 03:02:22 PM,24687.9,0,0.0,122317068667.5
2025-08-01 03:02:22 PM,24685.4,0,0.0,122317068667.5
2025-08-01 03:02:22 PM,24685.4,150,3702810.0,122320771477.5
2025-08-01 03:02:24 PM,24685.1,0,0.0,122320771477.5
2025-08-01 03:02:24 PM,24685.1,75,1851382.5,122322622860.0
2025-08-01 03:02:27 PM,24687.1,0,0.0,122322622860.0
2025-08-01 03:02:27 PM,24687.1,75,1851532.5,122324474392.5
2025-08-01 03:02:28 PM,24687.9,0,0.0,122324474392.5
2025-08-01 03:02:28 PM,24687.9,150,3703185.0,122328177577.5
2025-08-01 03:02:29 PM,24687.9,75,1851592.5,122330029170.0
2025-08-01 03:02:29 PM,24685.0,0,0.0,122330029170.0
2025-08-01 03:02:30 PM,24688.0,0,0.0,122330029170.0
2025-08-01 03:02:30 PM,24688.0,375,9258000.0,122339287170.0
2025-08-01 03:02:30 PM,24688.1,0,0.0,122339287170.0
2025-08-01 03:02:31 PM,24688.0,225,5554800.0,122344841970.0
2025-08-01 03:02:32 PM,24688.0,75,1851600.0,122346693570.0
2025-08-01 03:02:33 PM,24688.1,0,0.0,122346693570.0
2025-08-01 03:02:33 PM,24688.1,150,3703215.0,122350396785.0
2025-08-01 03:02:34 PM,24688.0,75,1851600.0,122352248385.0
2025-08-01 03:02:35 PM,24688.0,75,1851600.0,122354099985.0
2025-08-01 03:02:39 PM,24688.0,75,1851600.0,122355951585.0
2025-08-01 03:02:40 PM,24685.8,0,0.0,122355951585.0
2025-08-01 03:02:40 PM,24685.8,225,5554305.0,122361505890.0
2025-08-01 03:02:41 PM,24687.9,0,0.0,122361505890.0
2025-08-01 03:02:41 PM,24687.9,75,1851592.5,122363357482.5
2025-08-01 03:02:43 PM,24687.9,75,1851592.5,122365209075.0
2025-08-01 03:02:44 PM,24687.9,75,1851592.5,122367060667.5
2025-08-01 03:02:45 PM,24687.9,150,3703185.0,122370763852.5
2025-08-01 03:02:46 PM,24687.9,75,1851592.5,122372615445.0
2025-08-01 03:02:46 PM,24687.9,150,3703185.0,122376318630.0
2025-08-01 03:02:47 PM,24687.0,0,0.0,122376318630.0
2025-08-01 03:02:47 PM,24687.0,75,1851525.0,122378170155.0
2025-08-01 03:02:48 PM,24685.0,0,0.0,122378170155.0
2025-08-01 03:02:48 PM,24685.0,75,1851375.0,122380021530.0
2025-08-01 03:02:49 PM,24687.9,0,0.0,122380021530.0
2025-08-01 03:02:50 PM,24687.9,75,1851592.5,122381873122.5
2025-08-01 03:02:50 PM,24686.0,225,5554350.0,122387427472.5
2025-08-01 03:02:52 PM,24685.0,525,12959625.0,122400387097.5
2025-08-01 03:02:54 PM,24686.0,75,1851450.0,122402238547.5
2025-08-01 03:02:54 PM,24686.1,0,0.0,122402238547.5
2025-08-01 03:02:54 PM,24680.0,0,0.0,122402238547.5
2025-08-01 03:02:55 PM,24680.0,3375,83295000.0,122485533547.5
2025-08-01 03:02:56 PM,24684.4,0,0.0,122485533547.5
2025-08-01 03:02:56 PM,24684.8,0,0.0,122485533547.5
2025-08-01 03:02:56 PM,24684.8,150,3702720.0,122489236267.5
2025-08-01 03:02:58 PM,24684.7,75,1851352.5,122491087620.0
2025-08-01 03:03:00 PM,24684.5,0,0.0,122491087620.0
2025-08-01 03:03:00 PM,24684.8,0,0.0,122491087620.0
2025-08-01 03:03:00 PM,24681.8,450,11106810.0,122502194430.0
2025-08-01 03:03:01 PM,24681.9,0,0.0,122502194430.0
2025-08-01 03:03:01 PM,24681.9,75,1851142.5,122504045572.5
2025-08-01 03:03:02 PM,24684.7,600,14810820.0,122518856392.5
2025-08-01 03:03:03 PM,24684.8,0,0.0,122518856392.5
2025-08-01 03:03:04 PM,24682.7,150,3702405.0,122522558797.5
2025-08-01 03:03:05 PM,24684.8,75,1851360.0,122524410157.5
2025-08-01 03:03:06 PM,24682.2,0,0.0,122524410157.5
2025-08-01 03:03:06 PM,24682.2,1050,25916310.0,122550326467.5
2025-08-01 03:03:09 PM,24687.2,0,0.0,122550326467.5
2025-08-01 03:03:09 PM,24687.2,150,3703080.0,122554029547.5
2025-08-01 03:03:10 PM,24687.0,0,0.0,122554029547.5
2025-08-01 03:03:10 PM,24687.0,75,1851525.0,122555881072.5
2025-08-01 03:03:12 PM,24686.9,0,0.0,122555881072.5
2025-08-01 03:03:12 PM,24686.9,75,1851517.5,122557732590.0
2025-08-01 03:03:13 PM,24684.8,0,0.0,122557732590.0
2025-08-01 03:03:13 PM,24684.8,150,3702720.0,122561435310.0
2025-08-01 03:03:14 PM,24684.8,150,3702720.0,122565138030.0
2025-08-01 03:03:15 PM,24684.8,75,1851360.0,122566989390.0
2025-08-01 03:03:15 PM,24687.0,0,0.0,122566989390.0
2025-08-01 03:03:15 PM,24687.0,75,1851525.0,122568840915.0
2025-08-01 03:03:16 PM,24684.8,0,0.0,122568840915.0
2025-08-01 03:03:16 PM,24684.8,150,3702720.0,122572543635.0
2025-08-01 03:03:19 PM,24684.8,75,1851360.0,122574394995.0
2025-08-01 03:03:20 PM,24687.0,0,0.0,122574394995.0
2025-08-01 03:03:20 PM,24684.8,0,0.0,122574394995.0
2025-08-01 03:03:20 PM,24684.8,225,5554080.0,122579949075.0
2025-08-01 03:03:21 PM,24684.7,0,0.0,122579949075.0
2025-08-01 03:03:21 PM,24684.7,300,7405410.0,122587354485.0
2025-08-01 03:03:23 PM,24684.8,0,0.0,122587354485.0
2025-08-01 03:03:23 PM,24684.8,75,1851360.0,122589205845.0
2025-08-01 03:03:23 PM,24686.0,0,0.0,122589205845.0
2025-08-01 03:03:24 PM,24684.8,300,7405440.0,122596611285.0
2025-08-01 03:03:26 PM,24685.0,0,0.0,122596611285.0
2025-08-01 03:03:27 PM,24684.9,0,0.0,122596611285.0
2025-08-01 03:03:27 PM,24684.7,0,0.0,122596611285.0
2025-08-01 03:03:27 PM,24684.7,300,7405410.0,122604016695.0
2025-08-01 03:03:32 PM,24683.6,0,0.0,122604016695.0
2025-08-01 03:03:32 PM,24684.0,0,0.0,122604016695.0
2025-08-01 03:03:32 PM,24684.0,1275,31472100.0,122635488795.0
2025-08-01 03:03:32 PM,24684.2,0,0.0,122635488795.0
2025-08-01 03:03:33 PM,24684.2,300,7405260.0,122642894055.0
2025-08-01 03:03:34 PM,24684.2,300,7405260.0,122650299315.0
2025-08-01 03:03:36 PM,24683.0,0,0.0,122650299315.0
2025-08-01 03:03:36 PM,24683.0,1500,37024500.0,122687323815.0
2025-08-01 03:03:37 PM,24682.8,0,0.0,122687323815.0
2025-08-01 03:03:38 PM,24682.8,75,1851210.0,122689175025.0
2025-08-01 03:03:39 PM,24681.1,0,0.0,122689175025.0
2025-08-01 03:03:40 PM,24681.1,375,9255412.5,122698430437.5
2025-08-01 03:03:40 PM,24681.0,0,0.0,122698430437.5
2025-08-01 03:03:40 PM,24681.2,1500,37021800.0,122735452237.5
2025-08-01 03:03:41 PM,24680.0,0,0.0,122735452237.5
2025-08-01 03:03:41 PM,24680.0,150,3702000.0,122739154237.5
2025-08-01 03:03:42 PM,24680.0,75,1851000.0,122741005237.5
2025-08-01 03:03:43 PM,24680.0,825,20361000.0,122761366237.5
2025-08-01 03:03:44 PM,24679.2,0,0.0,122761366237.5
2025-08-01 03:03:45 PM,24679.2,225,5552820.0,122766919057.5
2025-08-01 03:03:45 PM,24680.0,0,0.0,122766919057.5
2025-08-01 03:03:45 PM,24679.0,0,0.0,122766919057.5
2025-08-01 03:03:46 PM,24679.0,675,16658325.0,122783577382.5
2025-08-01 03:03:46 PM,24679.7,75,1850977.5,122785428360.0
2025-08-01 03:03:47 PM,24676.4,0,0.0,122785428360.0
2025-08-01 03:03:47 PM,24676.4,150,3701460.0,122789129820.0
2025-08-01 03:03:49 PM,24679.6,0,0.0,122789129820.0
2025-08-01 03:03:49 PM,24676.0,0,0.0,122789129820.0
2025-08-01 03:03:50 PM,24676.0,300,7402800.0,122796532620.0
2025-08-01 03:03:50 PM,24676.4,0,0.0,122796532620.0
2025-08-01 03:03:51 PM,24675.0,150,3701250.0,122800233870.0
2025-08-01 03:03:51 PM,24672.5,1500,37008750.0,122837242620.0
2025-08-01 03:03:52 PM,24678.7,0,0.0,122837242620.0
2025-08-01 03:03:52 PM,24679.1,300,7403730.0,122844646350.0
2025-08-01 03:03:52 PM,24673.3,0,0.0,122844646350.0
2025-08-01 03:03:53 PM,24678.8,0,0.0,122844646350.0
2025-08-01 03:03:53 PM,24678.8,300,7403640.0,122852049990.0
2025-08-01 03:03:54 PM,24673.9,225,5551627.5,122857601617.5
2025-08-01 03:03:54 PM,24670.3,0,0.0,122857601617.5
2025-08-01 03:03:55 PM,24670.3,4350,107315805.0,122964917422.5
2025-08-01 03:03:55 PM,24671.8,0,0.0,122964917422.5
2025-08-01 03:03:56 PM,24671.8,75,1850385.0,122966767807.5
2025-08-01 03:03:56 PM,24670.2,0,0.0,122966767807.5
2025-08-01 03:03:56 PM,24670.2,225,5550795.0,122972318602.5
2025-08-01 03:03:57 PM,24670.2,225,5550795.0,122977869397.5
2025-08-01 03:03:58 PM,24676.4,0,0.0,122977869397.5
2025-08-01 03:03:58 PM,24676.4,300,7402920.0,122985272317.5
2025-08-01 03:03:58 PM,24676.5,0,0.0,122985272317.5
2025-08-01 03:03:59 PM,24676.5,75,1850737.5,122987123055.0
2025-08-01 03:04:00 PM,24676.4,0,0.0,122987123055.0
2025-08-01 03:04:00 PM,24675.0,225,5551875.0,122992674930.0
2025-08-01 03:04:00 PM,24670.4,0,0.0,122992674930.0
2025-08-01 03:04:01 PM,24670.4,300,7401120.0,123000076050.0
2025-08-01 03:04:01 PM,24676.4,75,1850730.0,123001926780.0
2025-08-01 03:04:02 PM,24676.5,0,0.0,123001926780.0
2025-08-01 03:04:02 PM,24676.5,150,3701475.0,123005628255.0
2025-08-01 03:04:03 PM,24670.2,150,3700530.0,123009328785.0
2025-08-01 03:04:04 PM,24675.5,375,9253312.5,123018582097.5
2025-08-01 03:04:04 PM,24670.2,0,0.0,123018582097.5
2025-08-01 03:04:05 PM,24670.2,75,1850265.0,123020432362.5
2025-08-01 03:04:06 PM,24674.0,0,0.0,123020432362.5
2025-08-01 03:04:06 PM,24674.0,75,1850550.0,123022282912.5
2025-08-01 03:04:07 PM,24675.0,0,0.0,123022282912.5
2025-08-01 03:04:07 PM,24675.0,150,3701250.0,123025984162.5
2025-08-01 03:04:08 PM,24675.6,0,0.0,123025984162.5
2025-08-01 03:04:08 PM,24675.6,75,1850670.0,123027834832.5
2025-08-01 03:04:10 PM,24670.2,0,0.0,123027834832.5
2025-08-01 03:04:10 PM,24670.2,150,3700530.0,123031535362.5
2025-08-01 03:04:14 PM,24672.7,75,1850452.5,123033385815.0
2025-08-01 03:04:14 PM,24670.4,0,0.0,123033385815.0
2025-08-01 03:04:14 PM,24670.2,0,0.0,123033385815.0
2025-08-01 03:04:15 PM,24670.2,450,11101590.0,123044487405.0
2025-08-01 03:04:16 PM,24673.6,0,0.0,123044487405.0
2025-08-01 03:04:16 PM,24670.2,225,5550795.0,123050038200.0
2025-08-01 03:04:17 PM,24670.2,150,3700530.0,123053738730.0
2025-08-01 03:04:17 PM,24673.2,0,0.0,123053738730.0
2025-08-01 03:04:18 PM,24673.2,75,1850490.0,123055589220.0
2025-08-01 03:04:19 PM,24671.0,0,0.0,123055589220.0
2025-08-01 03:04:20 PM,24671.0,75,1850325.0,123057439545.0
2025-08-01 03:04:20 PM,24670.2,0,0.0,123057439545.0
2025-08-01 03:04:20 PM,24670.2,75,1850265.0,123059289810.0
2025-08-01 03:04:21 PM,24670.2,300,7401060.0,123066690870.0
2025-08-01 03:04:22 PM,24670.2,75,1850265.0,123068541135.0
2025-08-01 03:04:23 PM,24672.0,675,16653600.0,123085194735.0
2025-08-01 03:04:24 PM,24671.0,75,1850325.0,123087045060.0
2025-08-01 03:04:25 PM,24672.0,300,7401600.0,123094446660.0
2025-08-01 03:04:27 PM,24670.3,0,0.0,123094446660.0
2025-08-01 03:04:27 PM,24670.3,375,9251362.5,123103698022.5
2025-08-01 03:04:27 PM,24671.2,0,0.0,123103698022.5
2025-08-01 03:04:27 PM,24670.2,0,0.0,123103698022.5
2025-08-01 03:04:28 PM,24670.2,1575,38855565.0,123142553587.5
2025-08-01 03:04:29 PM,24665.0,0,0.0,123142553587.5
2025-08-01 03:04:29 PM,24665.0,18525,456919125.0,123599472712.5
2025-08-01 03:04:29 PM,24663.7,0,0.0,123599472712.5
2025-08-01 03:04:30 PM,24663.7,300,7399110.0,123606871822.5
2025-08-01 03:04:30 PM,24663.3,0,0.0,123606871822.5
2025-08-01 03:04:30 PM,24663.3,225,5549242.5,123612421065.0
2025-08-01 03:04:31 PM,24661.2,0,0.0,123612421065.0
2025-08-01 03:04:31 PM,24661.5,0,0.0,123612421065.0
2025-08-01 03:04:31 PM,24661.5,900,22195350.0,123634616415.0
2025-08-01 03:04:32 PM,24662.0,600,14797200.0,123649413615.0
2025-08-01 03:04:32 PM,24662.1,0,0.0,123649413615.0
2025-08-01 03:04:33 PM,24662.5,225,5549062.5,123654962677.5
2025-08-01 03:04:33 PM,24663.3,0,0.0,123654962677.5
2025-08-01 03:04:34 PM,24663.3,150,3699495.0,123658662172.5
2025-08-01 03:04:34 PM,24663.2,0,0.0,123658662172.5
2025-08-01 03:04:34 PM,24664.9,0,0.0,123658662172.5
2025-08-01 03:04:35 PM,24663.2,450,11098440.0,123669760612.5
2025-08-01 03:04:35 PM,24663.0,0,0.0,123669760612.5
2025-08-01 03:04:35 PM,24663.0,375,9248625.0,123679009237.5
2025-08-01 03:04:36 PM,24663.1,0,0.0,123679009237.5
2025-08-01 03:04:36 PM,24663.1,150,3699465.0,123682708702.5
2025-08-01 03:04:37 PM,24663.0,150,3699450.0,123686408152.5
2025-08-01 03:04:37 PM,24663.3,0,0.0,123686408152.5
2025-08-01 03:04:38 PM,24663.0,225,5549175.0,123691957327.5
2025-08-01 03:04:39 PM,24663.1,75,1849732.5,123693807060.0
2025-08-01 03:04:39 PM,24663.3,0,0.0,123693807060.0
2025-08-01 03:04:40 PM,24663.3,525,12948232.5,123706755292.5
2025-08-01 03:04:40 PM,24663.0,0,0.0,123706755292.5
2025-08-01 03:04:40 PM,24663.0,1350,33295050.0,123740050342.5
2025-08-01 03:04:41 PM,24663.2,0,0.0,123740050342.5
2025-08-01 03:04:41 PM,24663.0,0,0.0,123740050342.5
2025-08-01 03:04:41 PM,24663.0,375,9248625.0,123749298967.5
2025-08-01 03:04:42 PM,24662.9,150,3699435.0,123752998402.5
2025-08-01 03:04:42 PM,24662.6,0,0.0,123752998402.5
2025-08-01 03:04:43 PM,24661.3,375,9247987.5,123762246390.0
2025-08-01 03:04:44 PM,24661.6,0,0.0,123762246390.0
2025-08-01 03:04:45 PM,24662.8,150,3699420.0,123765945810.0
2025-08-01 03:04:45 PM,24662.8,75,1849710.0,123767795520.0
2025-08-01 03:04:46 PM,24661.4,0,0.0,123767795520.0
2025-08-01 03:04:46 PM,24663.0,0,0.0,123767795520.0
2025-08-01 03:04:46 PM,24663.0,375,9248625.0,123777044145.0
2025-08-01 03:04:47 PM,24662.8,975,24046230.0,123801090375.0
2025-08-01 03:04:47 PM,24661.3,0,0.0,123801090375.0
2025-08-01 03:04:48 PM,24663.3,1950,48093435.0,123849183810.0
2025-08-01 03:04:48 PM,24661.9,0,0.0,123849183810.0
2025-08-01 03:04:49 PM,24661.9,1500,36992850.0,123886176660.0
2025-08-01 03:04:49 PM,24662.8,0,0.0,123886176660.0
2025-08-01 03:04:49 PM,24661.5,0,0.0,123886176660.0
2025-08-01 03:04:50 PM,24661.5,1275,31443412.5,123917620072.5
2025-08-01 03:04:50 PM,24662.8,0,0.0,123917620072.5
2025-08-01 03:04:50 PM,24664.0,150,3699600.0,123921319672.5
2025-08-01 03:04:51 PM,24664.9,0,0.0,123921319672.5
2025-08-01 03:04:51 PM,24663.5,0,0.0,123921319672.5
2025-08-01 03:04:51 PM,24663.5,600,14798100.0,123936117772.5
2025-08-01 03:04:52 PM,24662.9,1350,33294915.000000004,123969412687.5
2025-08-01 03:04:53 PM,24663.5,75,1849762.5,123971262450.0
2025-08-01 03:04:53 PM,24665.0,0,0.0,123971262450.0
2025-08-01 03:04:54 PM,24665.0,75,1849875.0,123973112325.0
2025-08-01 03:04:55 PM,24665.0,225,5549625.0,123978661950.0
2025-08-01 03:04:55 PM,24662.0,0,0.0,123978661950.0
2025-08-01 03:04:55 PM,24662.5,2175,53640937.5,124032302887.5
2025-08-01 03:04:56 PM,24665.0,0,0.0,124032302887.5
2025-08-01 03:04:56 PM,24665.0,225,5549625.0,124037852512.5
2025-08-01 03:04:57 PM,24662.8,900,22196520.0,124060049032.5
2025-08-01 03:04:59 PM,24662.9,0,0.0,124060049032.5
2025-08-01 03:04:59 PM,24662.8,0,0.0,124060049032.5
2025-08-01 03:05:00 PM,24663.2,675,16647660.0,124076696692.5
2025-08-01 03:05:00 PM,24662.9,0,0.0,124076696692.5
2025-08-01 03:05:00 PM,24663.4,0,0.0,124076696692.5
2025-08-01 03:05:00 PM,24663.4,225,5549265.0,124082245957.5
2025-08-01 03:05:01 PM,24662.8,0,0.0,124082245957.5
2025-08-01 03:05:01 PM,24663.0,0,0.0,124082245957.5
2025-08-01 03:05:01 PM,24663.0,675,16647525.0,124098893482.5
2025-08-01 03:05:02 PM,24663.7,225,5549332.5,124104442815.0
2025-08-01 03:05:02 PM,24665.2,0,0.0,124104442815.0
2025-08-01 03:05:03 PM,24665.2,3750,92494500.0,124196937315.0
2025-08-01 03:05:03 PM,24665.5,0,0.0,124196937315.0
2025-08-01 03:05:04 PM,24665.5,75,1849912.5,124198787227.5
2025-08-01 03:05:04 PM,24666.0,0,0.0,124198787227.5
2025-08-01 03:05:05 PM,24666.0,75,1849950.0,124200637177.5
2025-08-01 03:05:05 PM,24666.0,225,5549850.0,124206187027.5
2025-08-01 03:05:06 PM,24666.4,0,0.0,124206187027.5
2025-08-01 03:05:06 PM,24667.8,1875,46252125.0,124252439152.5
2025-08-01 03:05:07 PM,24666.9,150,3700035.0,124256139187.5
2025-08-01 03:05:07 PM,24666.0,0,0.0,124256139187.5
2025-08-01 03:05:08 PM,24667.9,0,0.0,124256139187.5
2025-08-01 03:05:08 PM,24667.9,375,9250462.5,124265389650.0
2025-08-01 03:05:09 PM,24667.8,75,1850085.0,124267239735.0
2025-08-01 03:05:10 PM,24667.8,225,5550255.0,124272789990.0
2025-08-01 03:05:10 PM,24666.4,0,0.0,124272789990.0
2025-08-01 03:05:10 PM,24666.0,0,0.0,124272789990.0
2025-08-01 03:05:10 PM,24666.0,1800,44398800.0,124317188790.0
2025-08-01 03:05:11 PM,24667.9,0,0.0,124317188790.0
2025-08-01 03:05:11 PM,24667.9,150,3700185.0,124320888975.0
2025-08-01 03:05:12 PM,24667.9,75,1850092.5,124322739067.5
2025-08-01 03:05:12 PM,24667.8,0,0.0,124322739067.5
2025-08-01 03:05:13 PM,24667.8,75,1850085.0,124324589152.5
2025-08-01 03:05:13 PM,24667.9,0,0.0,124324589152.5
2025-08-01 03:05:14 PM,24667.9,150,3700185.0,124328289337.5
2025-08-01 03:05:14 PM,24667.8,0,0.0,124328289337.5
2025-08-01 03:05:15 PM,24667.8,75,1850085.0,124330139422.5
2025-08-01 03:05:16 PM,24665.2,0,0.0,124330139422.5
2025-08-01 03:05:16 PM,24665.2,75,1849890.0,124331989312.5
2025-08-01 03:05:18 PM,24665.0,0,0.0,124331989312.5
2025-08-01 03:05:18 PM,24665.0,225,5549625.0,124337538937.5
2025-08-01 03:05:22 PM,24666.7,0,0.0,124337538937.5
2025-08-01 03:05:22 PM,24667.8,225,5550255.0,124343089192.5
2025-08-01 03:05:23 PM,24666.3,0,0.0,124343089192.5
2025-08-01 03:05:23 PM,24666.3,150,3699945.0,124346789137.5
2025-08-01 03:05:23 PM,24666.6,0,0.0,124346789137.5
2025-08-01 03:05:24 PM,24666.6,75,1849995.0,124348639132.5
2025-08-01 03:05:24 PM,24666.5,0,0.0,124348639132.5
2025-08-01 03:05:25 PM,24667.8,150,3700170.0,124352339302.5
2025-08-01 03:05:26 PM,24665.6,0,0.0,124352339302.5
2025-08-01 03:05:26 PM,24665.0,300,7399500.0,124359738802.5
2025-08-01 03:05:26 PM,24665.1,0,0.0,124359738802.5
2025-08-01 03:05:27 PM,24665.2,0,0.0,124359738802.5
2025-08-01 03:05:27 PM,24665.2,150,3699780.0,124363438582.5
2025-08-01 03:05:27 PM,24667.8,0,0.0,124363438582.5
2025-08-01 03:05:28 PM,24667.8,75,1850085.0,124365288667.5
2025-08-01 03:05:29 PM,24667.8,75,1850085.0,124367138752.5
2025-08-01 03:05:29 PM,24665.5,0,0.0,124367138752.5
2025-08-01 03:05:30 PM,24665.5,75,1849912.5,124368988665.0
2025-08-01 03:05:31 PM,24667.8,0,0.0,124368988665.0
2025-08-01 03:05:31 PM,24667.8,150,3700170.0,124372688835.0
2025-08-01 03:05:31 PM,24665.1,0,0.0,124372688835.0
2025-08-01 03:05:32 PM,24665.1,150,3699765.0,124376388600.0
2025-08-01 03:05:33 PM,24665.1,300,7399530.0,124383788130.0
2025-08-01 03:05:33 PM,24667.9,0,0.0,124383788130.0
2025-08-01 03:05:34 PM,24667.9,375,9250462.5,124393038592.5
2025-08-01 03:05:34 PM,24665.1,0,0.0,124393038592.5
2025-08-01 03:05:35 PM,24665.1,750,18498825.0,124411537417.5
2025-08-01 03:05:36 PM,24667.8,0,0.0,124411537417.5
2025-08-01 03:05:36 PM,24665.1,0,0.0,124411537417.5
2025-08-01 03:05:36 PM,24667.8,900,22201020.0,124433738437.5
2025-08-01 03:05:38 PM,24667.9,0,0.0,124433738437.5
2025-08-01 03:05:38 PM,24667.9,75,1850092.5,124435588530.0
2025-08-01 03:05:39 PM,24667.9,375,9250462.5,124444838992.5
2025-08-01 03:05:39 PM,24665.0,0,0.0,124444838992.5
2025-08-01 03:05:40 PM,24665.0,75,1849875.0,124446688867.5
2025-08-01 03:05:40 PM,24667.9,0,0.0,124446688867.5
2025-08-01 03:05:40 PM,24667.9,75,1850092.5,124448538960.0
2025-08-01 03:05:41 PM,24665.2,0,0.0,124448538960.0
2025-08-01 03:05:41 PM,24665.0,975,24048375.0,124472587335.0
2025-08-01 03:05:42 PM,24666.0,0,0.0,124472587335.0
2025-08-01 03:05:42 PM,24666.0,300,7399800.0,124479987135.0
2025-08-01 03:05:43 PM,24663.2,75,1849740.0,124481836875.0
2025-08-01 03:05:43 PM,24667.7,0,0.0,124481836875.0
2025-08-01 03:05:44 PM,24667.7,75,1850077.5,124483686952.5
2025-08-01 03:05:44 PM,24666.3,0,0.0,124483686952.5
2025-08-01 03:05:44 PM,24667.7,0,0.0,124483686952.5
2025-08-01 03:05:45 PM,24667.8,1125,27751275.0,124511438227.5
2025-08-01 03:05:45 PM,24665.3,75,1849897.5,124513288125.0
2025-08-01 03:05:46 PM,24667.8,0,0.0,124513288125.0
2025-08-01 03:05:46 PM,24667.8,75,1850085.0,124515138210.0
2025-08-01 03:05:47 PM,24662.2,0,0.0,124515138210.0
2025-08-01 03:05:47 PM,24662.2,300,7398660.0,124522536870.0
2025-08-01 03:05:48 PM,24661.0,750,18495750.0,124541032620.0
2025-08-01 03:05:49 PM,24661.4,300,7398420.0,124548431040.0
2025-08-01 03:05:49 PM,24662.0,0,0.0,124548431040.0
2025-08-01 03:05:50 PM,24662.0,75,1849650.0,124550280690.0
2025-08-01 03:05:50 PM,24664.1,150,3699615.0,124553980305.0
2025-08-01 03:05:51 PM,24660.1,0,0.0,124553980305.0
2025-08-01 03:05:51 PM,24660.1,375,9247537.5,124563227842.5
2025-08-01 03:05:52 PM,24659.8,0,0.0,124563227842.5
2025-08-01 03:05:52 PM,24659.8,4875,120216525.0,124683444367.5
2025-08-01 03:05:52 PM,24659.0,0,0.0,124683444367.5
2025-08-01 03:05:53 PM,24659.8,300,7397940.0,124690842307.5
2025-08-01 03:05:53 PM,24659.0,0,0.0,124690842307.5
2025-08-01 03:05:54 PM,24658.6,150,3698790.0,124694541097.5
2025-08-01 03:05:54 PM,24658.4,0,0.0,124694541097.5
2025-08-01 03:05:55 PM,24658.4,75,1849380.0,124696390477.5
2025-08-01 03:05:56 PM,24655.0,0,0.0,124696390477.5
2025-08-01 03:05:56 PM,24657.0,16200,399443400.0,125095833877.5
2025-08-01 03:05:56 PM,24655.4,0,0.0,125095833877.5
2025-08-01 03:05:57 PM,24656.9,0,0.0,125095833877.5
2025-08-01 03:05:57 PM,24656.9,1500,36985350.0,125132819227.5
2025-08-01 03:05:57 PM,24656.8,0,0.0,125132819227.5
2025-08-01 03:05:58 PM,24657.0,825,20342025.0,125153161252.5
2025-08-01 03:05:58 PM,24655.6,0,0.0,125153161252.5
2025-08-01 03:05:58 PM,24655.3,0,0.0,125153161252.5
2025-08-01 03:05:59 PM,24655.3,675,16642327.5,125169803580.0
2025-08-01 03:05:59 PM,24657.0,0,0.0,125169803580.0
2025-08-01 03:06:00 PM,24657.0,225,5547825.0,125175351405.0
2025-08-01 03:06:00 PM,24656.4,0,0.0,125175351405.0
2025-08-01 03:06:00 PM,24657.0,525,12944925.0,125188296330.0
2025-08-01 03:06:01 PM,24656.1,525,12944452.5,125201240782.5
2025-08-01 03:06:02 PM,24662.2,0,0.0,125201240782.5
2025-08-01 03:06:02 PM,24662.2,900,22195980.0,125223436762.5
2025-08-01 03:06:02 PM,24655.8,0,0.0,125223436762.5
2025-08-01 03:06:03 PM,24657.0,525,12944925.0,125236381687.5
2025-08-01 03:06:03 PM,24660.0,0,0.0,125236381687.5
2025-08-01 03:06:04 PM,24655.5,750,18491625.0,125254873312.5
2025-08-01 03:06:04 PM,24655.9,0,0.0,125254873312.5
2025-08-01 03:06:05 PM,24657.0,150,3698550.0,125258571862.5
2025-08-01 03:06:06 PM,24657.0,750,18492750.0,125277064612.5
2025-08-01 03:06:07 PM,24660.0,0,0.0,125277064612.5
2025-08-01 03:06:07 PM,24660.0,600,14796000.0,125291860612.5
2025-08-01 03:06:08 PM,24656.0,600,14793600.0,125306654212.5
2025-08-01 03:06:09 PM,24655.0,5475,134986125.0,125441640337.5
2025-08-01 03:06:10 PM,24655.0,375,9245625.0,125450885962.5
2025-08-01 03:06:11 PM,24660.0,0,0.0,125450885962.5
2025-08-01 03:06:11 PM,24660.0,75,1849500.0,125452735462.5
2025-08-01 03:06:11 PM,24657.0,0,0.0,125452735462.5
2025-08-01 03:06:12 PM,24657.0,75,1849275.0,125454584737.5
2025-08-01 03:06:12 PM,24656.0,0,0.0,125454584737.5
2025-08-01 03:06:13 PM,24657.0,300,7397100.0,125461981837.5
2025-08-01 03:06:13 PM,24656.0,0,0.0,125461981837.5
2025-08-01 03:06:14 PM,24656.0,75,1849200.0,125463831037.5
2025-08-01 03:06:14 PM,24657.0,0,0.0,125463831037.5
2025-08-01 03:06:15 PM,24657.0,75,1849275.0,125465680312.5
2025-08-01 03:06:16 PM,24657.0,825,20342025.0,125486022337.5
2025-08-01 03:06:16 PM,24655.0,0,0.0,125486022337.5
2025-08-01 03:06:17 PM,24656.0,150,3698400.0,125489720737.5
2025-08-01 03:06:18 PM,24655.0,300,7396500.0,125497117237.5
2025-08-01 03:06:19 PM,24657.0,75,1849275.0,125498966512.5
2025-08-01 03:06:19 PM,24655.0,0,0.0,125498966512.5
2025-08-01 03:06:19 PM,24659.9,0,0.0,125498966512.5
2025-08-01 03:06:20 PM,24657.0,525,12944925.0,125511911437.5
2025-08-01 03:06:22 PM,24654.4,0,0.0,125511911437.5
2025-08-01 03:06:22 PM,24655.0,675,16642125.0,125528553562.5
2025-08-01 03:06:23 PM,24654.0,1425,35131950.0,125563685512.5
2025-08-01 03:06:24 PM,24654.0,75,1849050.0,125565534562.5
2025-08-01 03:06:24 PM,24655.2,0,0.0,125565534562.5
2025-08-01 03:06:24 PM,24655.0,0,0.0,125565534562.5
2025-08-01 03:06:25 PM,24655.0,1650,40680750.0,125606215312.5
2025-08-01 03:06:25 PM,24654.2,75,1849065.0,125608064377.5
2025-08-01 03:06:25 PM,24654.0,0,0.0,125608064377.5
2025-08-01 03:06:26 PM,24654.0,150,3698100.0,125611762477.5
2025-08-01 03:06:27 PM,24654.7,0,0.0,125611762477.5
2025-08-01 03:06:27 PM,24654.7,75,1849102.5,125613611580.0
2025-08-01 03:06:27 PM,24655.0,0,0.0,125613611580.0
2025-08-01 03:06:28 PM,24654.0,525,12943350.0,125626554930.0
2025-08-01 03:06:28 PM,24655.0,0,0.0,125626554930.0
2025-08-01 03:06:29 PM,24655.0,300,7396500.0,125633951430.0
2025-08-01 03:06:29 PM,24655.5,0,0.0,125633951430.0
2025-08-01 03:06:30 PM,24654.0,1275,31433850.0,125665385280.0
2025-08-01 03:06:31 PM,24655.0,0,0.0,125665385280.0
2025-08-01 03:06:31 PM,24654.0,300,7396200.0,125672781480.0
2025-08-01 03:06:32 PM,24654.1,1425,35132092.5,125707913572.5
2025-08-01 03:06:32 PM,24654.0,0,0.0,125707913572.5
2025-08-01 03:06:33 PM,24654.2,12975,319888245.0,126027801817.5
2025-08-01 03:06:33 PM,24655.0,0,0.0,126027801817.5
2025-08-01 03:06:34 PM,24655.0,300,7396500.0,126035198317.5
2025-08-01 03:06:35 PM,24653.0,0,0.0,126035198317.5
2025-08-01 03:06:35 PM,24653.0,150,3697950.0,126038896267.5
2025-08-01 03:06:36 PM,24655.8,0,0.0,126038896267.5
2025-08-01 03:06:36 PM,24654.2,225,5547195.0,126044443462.5
2025-08-01 03:06:37 PM,24657.0,150,3698550.0,126048142012.5
2025-08-01 03:06:37 PM,24654.0,0,0.0,126048142012.5
2025-08-01 03:06:38 PM,24658.2,225,5548095.0,126053690107.5
2025-08-01 03:06:38 PM,24655.0,0,0.0,126053690107.5
2025-08-01 03:06:39 PM,24655.0,75,1849125.0,126055539232.5
2025-08-01 03:06:39 PM,24654.0,0,0.0,126055539232.5
2025-08-01 03:06:40 PM,24654.0,375,9245250.0,126064784482.5
2025-08-01 03:06:40 PM,24654.0,600,14792400.0,126079576882.5
2025-08-01 03:06:41 PM,24655.0,0,0.0,126079576882.5
2025-08-01 03:06:41 PM,24654.0,225,5547150.0,126085124032.5
2025-08-01 03:06:42 PM,24655.0,150,3698250.0,126088822282.5
2025-08-01 03:06:42 PM,24657.9,0,0.0,126088822282.5
2025-08-01 03:06:42 PM,24655.0,0,0.0,126088822282.5
2025-08-01 03:06:43 PM,24655.0,1500,36982500.0,126125804782.5
2025-08-01 03:06:43 PM,24654.2,0,0.0,126125804782.5
2025-08-01 03:06:44 PM,24654.0,1575,38830050.0,126164634832.5
2025-08-01 03:06:44 PM,24655.0,0,0.0,126164634832.5
2025-08-01 03:06:45 PM,24655.0,150,3698250.0,126168333082.5
2025-08-01 03:06:46 PM,24654.2,0,0.0,126168333082.5
2025-08-01 03:06:46 PM,24654.2,75,1849065.0,126170182147.5
2025-08-01 03:06:46 PM,24658.0,0,0.0,126170182147.5
2025-08-01 03:06:47 PM,24656.5,1125,27738562.5,126197920710.0
2025-08-01 03:06:48 PM,24658.2,0,0.0,126197920710.0
2025-08-01 03:06:48 PM,24658.2,150,3698730.0,126201619440.0
2025-08-01 03:06:49 PM,24658.5,0,0.0,126201619440.0
2025-08-01 03:06:49 PM,24654.0,0,0.0,126201619440.0
2025-08-01 03:06:50 PM,24654.0,900,22188600.0,126223808040.0
2025-08-01 03:06:50 PM,24655.0,75,1849125.0,126225657165.0
2025-08-01 03:06:51 PM,24655.0,1050,25887750.0,126251544915.0
2025-08-01 03:06:53 PM,24655.0,225,5547375.0,126257092290.0
2025-08-01 03:06:53 PM,24656.5,0,0.0,126257092290.0
2025-08-01 03:06:54 PM,24656.5,1875,46230937.5,126303323227.5
2025-08-01 03:06:54 PM,24658.0,0,0.0,126303323227.5
2025-08-01 03:06:55 PM,24658.0,450,11096100.0,126314419327.5
2025-08-01 03:06:56 PM,24657.0,0,0.0,126314419327.5
2025-08-01 03:06:56 PM,24657.0,375,9246375.0,126323665702.5
2025-08-01 03:06:58 PM,24657.0,375,9246375.0,126332912077.5
2025-08-01 03:07:00 PM,24658.2,450,11096190.0,126344008267.5
2025-08-01 03:07:02 PM,24658.0,0,0.0,126344008267.5
2025-08-01 03:07:02 PM,24658.0,150,3698700.0,126347706967.5
2025-08-01 03:07:02 PM,24656.9,0,0.0,126347706967.5
2025-08-01 03:07:03 PM,24658.0,375,9246750.0,126356953717.5
2025-08-01 03:07:03 PM,24656.9,0,0.0,126356953717.5
2025-08-01 03:07:04 PM,24656.9,450,11095605.0,126368049322.5
2025-08-01 03:07:05 PM,24656.9,300,7397070.0,126375446392.5
2025-08-01 03:07:05 PM,24656.9,8925,220062832.5,126595509225.0
2025-08-01 03:07:06 PM,24658.0,0,0.0,126595509225.0
2025-08-01 03:07:06 PM,24652.1,675,16640167.499999998,126612149392.5
2025-08-01 03:07:08 PM,24658.0,0,0.0,126612149392.5
2025-08-01 03:07:08 PM,24658.0,525,12945450.0,126625094842.5
2025-08-01 03:07:10 PM,24656.9,75,1849267.5,126626944110.0
2025-08-01 03:07:10 PM,24654.0,0,0.0,126626944110.0
2025-08-01 03:07:10 PM,24655.0,0,0.0,126626944110.0
2025-08-01 03:07:10 PM,24655.0,300,7396500.0,126634340610.0
2025-08-01 03:07:11 PM,24655.0,75,1849125.0,126636189735.0
2025-08-01 03:07:12 PM,24654.0,225,5547150.0,126641736885.0
2025-08-01 03:07:12 PM,24658.2,0,0.0,126641736885.0
2025-08-01 03:07:13 PM,24659.9,3075,75829192.5,126717566077.5
2025-08-01 03:07:13 PM,24654.0,0,0.0,126717566077.5
2025-08-01 03:07:13 PM,24659.5,0,0.0,126717566077.5
2025-08-01 03:07:14 PM,24659.5,375,9247312.5,126726813390.0
2025-08-01 03:07:14 PM,24659.9,0,0.0,126726813390.0
2025-08-01 03:07:15 PM,24659.9,300,7397970.0,126734211360.0
2025-08-01 03:07:15 PM,24655.0,0,0.0,126734211360.0
2025-08-01 03:07:15 PM,24655.0,225,5547375.0,126739758735.0
2025-08-01 03:07:16 PM,24655.0,225,5547375.0,126745306110.0
2025-08-01 03:07:17 PM,24652.7,375,9244762.5,126754550872.5
2025-08-01 03:07:18 PM,24655.0,75,1849125.0,126756399997.5
2025-08-01 03:07:18 PM,24652.0,0,0.0,126756399997.5
2025-08-01 03:07:19 PM,24652.0,75,1848900.0,126758248897.5
2025-08-01 03:07:20 PM,24652.0,1125,27733500.0,126785982397.5
2025-08-01 03:07:20 PM,24655.0,0,0.0,126785982397.5
2025-08-01 03:07:20 PM,24655.0,75,1849125.0,126787831522.5
2025-08-01 03:07:21 PM,24652.1,0,0.0,126787831522.5
2025-08-01 03:07:21 PM,24652.1,150,3697815.0,126791529337.5
2025-08-01 03:07:22 PM,24655.0,300,7396500.0,126798925837.5
2025-08-01 03:07:22 PM,24657.0,0,0.0,126798925837.5
2025-08-01 03:07:23 PM,24653.1,750,18489825.0,126817415662.5
2025-08-01 03:07:24 PM,24655.0,75,1849125.0,126819264787.5
2025-08-01 03:07:25 PM,24655.0,525,12943875.0,126832208662.5
2025-08-01 03:07:25 PM,24658.0,0,0.0,126832208662.5
2025-08-01 03:07:25 PM,24658.0,525,12945450.0,126845154112.5
2025-08-01 03:07:25 PM,24653.0,0,0.0,126845154112.5
2025-08-01 03:07:26 PM,24652.1,0,0.0,126845154112.5
2025-08-01 03:07:26 PM,24652.1,525,12942352.5,126858096465.0
2025-08-01 03:07:27 PM,24653.0,75,1848975.0,126859945440.0
2025-08-01 03:07:27 PM,24652.1,0,0.0,126859945440.0
2025-08-01 03:07:28 PM,24653.4,300,7396020.0,126867341460.0
2025-08-01 03:07:28 PM,24652.1,0,0.0,126867341460.0
2025-08-01 03:07:29 PM,24652.1,150,3697815.0,126871039275.0
2025-08-01 03:07:29 PM,24653.9,0,0.0,126871039275.0
2025-08-01 03:07:30 PM,24653.9,225,5547127.5,126876586402.5
2025-08-01 03:07:30 PM,24652.9,0,0.0,126876586402.5
2025-08-01 03:07:30 PM,24652.9,600,14791740.0,126891378142.5
2025-08-01 03:07:31 PM,24652.9,225,5546902.5,126896925045.0
2025-08-01 03:07:32 PM,24652.9,75,1848967.5,126898774012.5
2025-08-01 03:07:32 PM,24653.0,0,0.0,126898774012.5
2025-08-01 03:07:33 PM,24653.0,825,20338725.0,126919112737.5
2025-08-01 03:07:35 PM,24653.4,0,0.0,126919112737.5
2025-08-01 03:07:35 PM,24652.1,0,0.0,126919112737.5
2025-08-01 03:07:35 PM,24652.1,525,12942352.5,126932055090.0
2025-08-01 03:07:36 PM,24655.0,0,0.0,126932055090.0
2025-08-01 03:07:36 PM,24655.0,375,9245625.0,126941300715.0
2025-08-01 03:07:36 PM,24652.1,0,0.0,126941300715.0
2025-08-01 03:07:37 PM,24654.9,225,5547352.5,126946848067.5
2025-08-01 03:07:38 PM,24655.1,450,11094795.0,126957942862.5
2025-08-01 03:07:38 PM,24654.4,0,0.0,126957942862.5
2025-08-01 03:07:39 PM,24654.9,225,5547352.5,126963490215.0
2025-08-01 03:07:39 PM,24655.8,0,0.0,126963490215.0
2025-08-01 03:07:39 PM,24652.0,0,0.0,126963490215.0
2025-08-01 03:07:40 PM,24652.0,225,5546700.0,126969036915.0
2025-08-01 03:07:41 PM,24654.4,75,1849080.0,126970885995.0
2025-08-01 03:07:43 PM,24654.8,0,0.0,126970885995.0
2025-08-01 03:07:43 PM,24654.8,225,5547330.0,126976433325.0
2025-08-01 03:07:43 PM,24654.9,0,0.0,126976433325.0
2025-08-01 03:07:44 PM,24654.9,75,1849117.5,126978282442.5
2025-08-01 03:07:44 PM,24654.5,0,0.0,126978282442.5
2025-08-01 03:07:45 PM,24654.5,225,5547262.5,126983829705.0
2025-08-01 03:07:46 PM,24652.0,0,0.0,126983829705.0
2025-08-01 03:07:47 PM,24652.0,150,3697800.0,126987527505.0
2025-08-01 03:07:48 PM,24654.7,600,14792820.0,127002320325.0
2025-08-01 03:07:49 PM,24654.9,225,5547352.5,127007867677.5
2025-08-01 03:07:50 PM,24652.6,675,16640504.999999998,127024508182.5
2025-08-01 03:07:50 PM,24652.5,0,0.0,127024508182.5
2025-08-01 03:07:50 PM,24652.6,225,5546835.0,127030055017.5
2025-08-01 03:07:50 PM,24652.5,0,0.0,127030055017.5
2025-08-01 03:07:51 PM,24655.0,0,0.0,127030055017.5
2025-08-01 03:07:51 PM,24655.0,750,18491250.0,127048546267.5
2025-08-01 03:07:52 PM,24652.5,225,5546812.5,127054093080.0
2025-08-01 03:07:52 PM,24655.0,0,0.0,127054093080.0
2025-08-01 03:07:53 PM,24652.8,600,14791680.0,127068884760.0
2025-08-01 03:07:54 PM,24656.9,0,0.0,127068884760.0
2025-08-01 03:07:54 PM,24656.9,450,11095605.0,127079980365.0
2025-08-01 03:07:55 PM,24652.9,0,0.0,127079980365.0
2025-08-01 03:07:55 PM,24656.7,150,3698505.0,127083678870.0
2025-08-01 03:07:56 PM,24652.0,0,0.0,127083678870.0
2025-08-01 03:07:56 PM,24652.0,1125,27733500.0,127111412370.0
2025-08-01 03:07:57 PM,24652.0,75,1848900.0,127113261270.0
2025-08-01 03:07:58 PM,24652.9,0,0.0,127113261270.0
2025-08-01 03:07:58 PM,24652.9,75,1848967.5,127115110237.5
2025-08-01 03:07:58 PM,24656.8,0,0.0,127115110237.5
2025-08-01 03:07:59 PM,24656.8,225,5547780.0,127120658017.5
2025-08-01 03:07:59 PM,24655.5,0,0.0,127120658017.5
2025-08-01 03:08:00 PM,24652.0,525,12942300.0,127133600317.5
2025-08-01 03:08:00 PM,24652.0,225,5546700.0,127139147017.5
2025-08-01 03:08:01 PM,24656.5,0,0.0,127139147017.5
2025-08-01 03:08:01 PM,24656.5,75,1849237.5,127140996255.0
2025-08-01 03:08:02 PM,24652.0,0,0.0,127140996255.0
2025-08-01 03:08:02 PM,24652.0,225,5546700.0,127146542955.0
2025-08-01 03:08:03 PM,24655.7,300,7396710.0,127153939665.0
2025-08-01 03:08:04 PM,24656.8,0,0.0,127153939665.0
2025-08-01 03:08:04 PM,24656.8,225,5547780.0,127159487445.0
2025-08-01 03:08:05 PM,24652.1,0,0.0,127159487445.0
2025-08-01 03:08:05 PM,24652.1,600,14791260.0,127174278705.0
2025-08-01 03:08:07 PM,24652.1,225,5546722.5,127179825427.5
2025-08-01 03:08:08 PM,24654.0,0,0.0,127179825427.5
2025-08-01 03:08:08 PM,24654.0,75,1849050.0,127181674477.5
2025-08-01 03:08:08 PM,24654.1,0,0.0,127181674477.5
2025-08-01 03:08:09 PM,24654.1,75,1849057.5,127183523535.0
2025-08-01 03:08:09 PM,24652.1,0,0.0,127183523535.0
2025-08-01 03:08:10 PM,24652.1,300,7395630.0,127190919165.0
2025-08-01 03:08:10 PM,24652.1,225,5546722.5,127196465887.5
2025-08-01 03:08:11 PM,24652.1,75,1848907.5,127198314795.0
2025-08-01 03:08:12 PM,24652.0,1275,31431300.0,127229746095.0
2025-08-01 03:08:13 PM,24651.1,4950,122022945.0,127351769040.0
2025-08-01 03:08:14 PM,24651.4,0,0.0,127351769040.0
2025-08-01 03:08:14 PM,24651.4,75,1848855.0,127353617895.0
2025-08-01 03:08:14 PM,24648.4,0,0.0,127353617895.0
2025-08-01 03:08:15 PM,24645.0,0,0.0,127353617895.0
2025-08-01 03:08:15 PM,24645.0,17625,434368125.0,127787986020.0
2025-08-01 03:08:15 PM,24648.4,225,5545890.0,127793531910.0
2025-08-01 03:08:16 PM,24647.0,0,0.0,127793531910.0
2025-08-01 03:08:16 PM,24643.1,975,24027022.5,127817558932.5
2025-08-01 03:08:17 PM,24643.0,225,5544675.0,127823103607.5
2025-08-01 03:08:17 PM,24645.3,0,0.0,127823103607.5
2025-08-01 03:08:18 PM,24642.0,600,14785200.0,127837888807.5
2025-08-01 03:08:20 PM,24641.8,0,0.0,127837888807.5
2025-08-01 03:08:20 PM,24641.8,450,11088810.0,127848977617.5
2025-08-01 03:08:20 PM,24643.1,0,0.0,127848977617.5
2025-08-01 03:08:20 PM,24643.1,75,1848232.5,127850825850.0
2025-08-01 03:08:21 PM,24641.0,0,0.0,127850825850.0
2025-08-01 03:08:21 PM,24644.0,0,0.0,127850825850.0
2025-08-01 03:08:21 PM,24644.0,225,5544900.0,127856370750.0
2025-08-01 03:08:22 PM,24642.0,75,1848150.0,127858218900.0
2025-08-01 03:08:22 PM,24641.0,0,0.0,127858218900.0
2025-08-01 03:08:23 PM,24644.0,375,9241500.0,127867460400.0
2025-08-01 03:08:23 PM,24642.0,0,0.0,127867460400.0
2025-08-01 03:08:24 PM,24640.0,0,0.0,127867460400.0
2025-08-01 03:08:24 PM,24640.0,2175,53592000.0,127921052400.0
2025-08-01 03:08:24 PM,24642.0,0,0.0,127921052400.0
2025-08-01 03:08:25 PM,24642.0,1200,29570400.0,127950622800.0
2025-08-01 03:08:25 PM,24642.0,675,16633350.0,127967256150.0
2025-08-01 03:08:26 PM,24640.0,0,0.0,127967256150.0
2025-08-01 03:08:26 PM,24642.0,375,9240750.0,127976496900.0
2025-08-01 03:08:27 PM,24635.8,13425,330735615.0,128307232515.0
2025-08-01 03:08:28 PM,24638.9,0,0.0,128307232515.0
2025-08-01 03:08:28 PM,24638.9,1050,25870845.0,128333103360.0
2025-08-01 03:08:28 PM,24637.2,0,0.0,128333103360.0
2025-08-01 03:08:29 PM,24635.1,0,0.0,128333103360.0
2025-08-01 03:08:29 PM,24635.1,675,16628692.499999998,128349732052.5
2025-08-01 03:08:29 PM,24640.1,0,0.0,128349732052.5
2025-08-01 03:08:30 PM,24640.1,150,3696015.0,128353428067.5
2025-08-01 03:08:30 PM,24640.3,0,0.0,128353428067.5
2025-08-01 03:08:30 PM,24638.0,375,9239250.0,128362667317.5
2025-08-01 03:08:31 PM,24636.0,0,0.0,128362667317.5
2025-08-01 03:08:31 PM,24636.9,450,11086605.0,128373753922.5
2025-08-01 03:08:32 PM,24636.9,150,3695535.0,128377449457.5
2025-08-01 03:08:33 PM,24636.8,75,1847760.0,128379297217.5
2025-08-01 03:08:34 PM,24635.0,0,0.0,128379297217.5
2025-08-01 03:08:34 PM,24635.0,150,3695250.0,128382992467.5
2025-08-01 03:08:35 PM,24636.8,0,0.0,128382992467.5
2025-08-01 03:08:35 PM,24636.8,600,14782080.0,128397774547.5
2025-08-01 03:08:35 PM,24636.9,0,0.0,128397774547.5
2025-08-01 03:08:35 PM,24636.9,75,1847767.5,128399622315.0
2025-08-01 03:08:36 PM,24636.9,450,11086605.0,128410708920.0
2025-08-01 03:08:37 PM,24635.0,1425,35104875.0,128445813795.0
2025-08-01 03:08:38 PM,24635.0,150,3695250.0,128449509045.0
2025-08-01 03:08:38 PM,24636.9,0,0.0,128449509045.0
2025-08-01 03:08:39 PM,24634.6,0,0.0,128449509045.0
2025-08-01 03:08:39 PM,24634.6,375,9237975.0,128458747020.0
2025-08-01 03:08:39 PM,24636.9,0,0.0,128458747020.0
2025-08-01 03:08:40 PM,24634.6,0,0.0,128458747020.0
2025-08-01 03:08:40 PM,24634.6,675,16628354.999999998,128475375375.0
2025-08-01 03:08:40 PM,24636.9,0,0.0,128475375375.0
2025-08-01 03:08:40 PM,24636.9,75,1847767.5,128477223142.5
2025-08-01 03:08:41 PM,24637.1,0,0.0,128477223142.5
2025-08-01 03:08:41 PM,24634.6,0,0.0,128477223142.5
2025-08-01 03:08:41 PM,24634.6,450,11085570.0,128488308712.5
2025-08-01 03:08:42 PM,24637.0,0,0.0,128488308712.5
2025-08-01 03:08:42 PM,24634.6,450,11085570.0,128499394282.5
2025-08-01 03:08:42 PM,24635.0,0,0.0,128499394282.5
2025-08-01 03:08:43 PM,24634.6,975,24018735.0,128523413017.5
2025-08-01 03:08:43 PM,24633.0,0,0.0,128523413017.5
2025-08-01 03:08:44 PM,24633.0,75,1847475.0,128525260492.5
2025-08-01 03:08:44 PM,24635.0,0,0.0,128525260492.5
2025-08-01 03:08:45 PM,24634.6,0,0.0,128525260492.5
2025-08-01 03:08:45 PM,24634.6,300,7390380.0,128532650872.5
2025-08-01 03:08:45 PM,24633.1,0,0.0,128532650872.5
2025-08-01 03:08:45 PM,24633.1,75,1847482.5,128534498355.0
2025-08-01 03:08:46 PM,24633.1,150,3694965.0,128538193320.0
2025-08-01 03:08:48 PM,24634.6,0,0.0,128538193320.0
2025-08-01 03:08:48 PM,24634.6,225,5542785.0,128543736105.0
2025-08-01 03:08:49 PM,24634.6,300,7390380.0,128551126485.0
2025-08-01 03:08:49 PM,24632.0,0,0.0,128551126485.0
2025-08-01 03:08:50 PM,24634.6,0,0.0,128551126485.0
2025-08-01 03:08:50 PM,24634.6,975,24018735.0,128575145220.0
2025-08-01 03:08:51 PM,24634.6,750,18475950.0,128593621170.0
2025-08-01 03:08:52 PM,24634.9,0,0.0,128593621170.0
2025-08-01 03:08:52 PM,24635.0,525,12933375.0,128606554545.0
2025-08-01 03:08:53 PM,24632.0,0,0.0,128606554545.0
2025-08-01 03:08:53 PM,24635.0,450,11085750.0,128617640295.0
2025-08-01 03:08:54 PM,24633.0,0,0.0,128617640295.0
2025-08-01 03:08:55 PM,24634.6,0,0.0,128617640295.0
2025-08-01 03:08:55 PM,24634.6,1575,38799495.0,128656439790.0
2025-08-01 03:08:55 PM,24635.0,0,0.0,128656439790.0
2025-08-01 03:08:55 PM,24632.0,225,5542200.0,128661981990.0
2025-08-01 03:08:57 PM,24631.7,0,0.0,128661981990.0
2025-08-01 03:08:57 PM,24631.7,375,9236887.5,128671218877.5
2025-08-01 03:08:57 PM,24631.2,0,0.0,128671218877.5
2025-08-01 03:08:58 PM,24634.6,1875,46189875.0,128717408752.5
2025-08-01 03:08:58 PM,24631.1,0,0.0,128717408752.5
2025-08-01 03:08:59 PM,24632.0,750,18474000.0,128735882752.5
2025-08-01 03:09:00 PM,24633.6,900,22170240.0,128758052992.5
2025-08-01 03:09:00 PM,24634.5,150,3695175.0,128761748167.5
2025-08-01 03:09:01 PM,24634.3,0,0.0,128761748167.5
2025-08-01 03:09:01 PM,24631.1,0,0.0,128761748167.5
2025-08-01 03:09:01 PM,24631.1,150,3694665.0,128765442832.5
2025-08-01 03:09:03 PM,24631.1,675,16625992.499999998,128782068825.0
2025-08-01 03:09:03 PM,24633.6,0,0.0,128782068825.0
2025-08-01 03:09:04 PM,24633.6,300,7390080.0,128789458905.0
2025-08-01 03:09:04 PM,24634.6,0,0.0,128789458905.0
2025-08-01 03:09:05 PM,24632.0,450,11084400.0,128800543305.0
2025-08-01 03:09:05 PM,24632.0,150,3694800.0,128804238105.0
2025-08-01 03:09:06 PM,24630.0,3375,83126250.0,128887364355.0
2025-08-01 03:09:07 PM,24630.0,750,18472500.0,128905836855.0
2025-08-01 03:09:08 PM,24627.0,7875,193937625.0,129099774480.0
2025-08-01 03:09:08 PM,24628.0,0,0.0,129099774480.0
2025-08-01 03:09:09 PM,24627.0,525,12929175.0,129112703655.0
2025-08-01 03:09:09 PM,24628.9,0,0.0,129112703655.0
2025-08-01 03:09:10 PM,24627.0,0,0.0,129112703655.0
2025-08-01 03:09:10 PM,24627.0,525,12929175.0,129125632830.0
2025-08-01 03:09:10 PM,24627.0,150,3694050.0,129129326880.0
2025-08-01 03:09:11 PM,24628.9,0,0.0,129129326880.0
2025-08-01 03:09:11 PM,24628.9,450,11083005.0,129140409885.0
2025-08-01 03:09:12 PM,24628.0,0,0.0,129140409885.0
2025-08-01 03:09:12 PM,24628.9,150,3694335.0,129144104220.0
2025-08-01 03:09:13 PM,24628.9,75,1847167.5,129145951387.5
2025-08-01 03:09:14 PM,24627.0,0,0.0,129145951387.5
2025-08-01 03:09:14 PM,24627.0,375,9235125.0,129155186512.5
2025-08-01 03:09:14 PM,24628.6,0,0.0,129155186512.5
2025-08-01 03:09:15 PM,24627.0,0,0.0,129155186512.5
2025-08-01 03:09:15 PM,24628.9,750,18471675.0,129173658187.5
2025-08-01 03:09:15 PM,24626.0,0,0.0,129173658187.5
2025-08-01 03:09:15 PM,24627.0,4200,103433400.0,129277091587.5
2025-08-01 03:09:16 PM,24627.5,0,0.0,129277091587.5
2025-08-01 03:09:16 PM,24627.2,0,0.0,129277091587.5
2025-08-01 03:09:16 PM,24627.9,450,11082555.0,129288174142.5
2025-08-01 03:09:17 PM,24626.0,0,0.0,129288174142.5
2025-08-01 03:09:17 PM,24625.9,450,11081655.0,129299255797.5
2025-08-01 03:09:17 PM,24625.7,0,0.0,129299255797.5
2025-08-01 03:09:18 PM,24625.5,0,0.0,129299255797.5
2025-08-01 03:09:18 PM,24625.8,375,9234675.0,129308490472.5
2025-08-01 03:09:19 PM,24625.0,0,0.0,129308490472.5
2025-08-01 03:09:19 PM,24625.0,3675,90496875.0,129398987347.5
2025-08-01 03:09:19 PM,24626.6,0,0.0,129398987347.5
2025-08-01 03:09:20 PM,24625.0,0,0.0,129398987347.5
2025-08-01 03:09:20 PM,24625.0,150,3693750.0,129402681097.5
2025-08-01 03:09:20 PM,24626.7,0,0.0,129402681097.5
2025-08-01 03:09:20 PM,24626.7,375,9235012.5,129411916110.0
2025-08-01 03:09:21 PM,24625.0,0,0.0,129411916110.0
2025-08-01 03:09:21 PM,24626.0,0,0.0,129411916110.0
2025-08-01 03:09:21 PM,24626.0,300,7387800.0,129419303910.0
2025-08-01 03:09:22 PM,24626.6,0,0.0,129419303910.0
2025-08-01 03:09:22 PM,24628.4,825,20318430.0,129439622340.0
2025-08-01 03:09:22 PM,24628.9,0,0.0,129439622340.0
2025-08-01 03:09:23 PM,24626.6,0,0.0,129439622340.0
2025-08-01 03:09:23 PM,24628.9,600,14777340.0,129454399680.0
2025-08-01 03:09:25 PM,24628.8,0,0.0,129454399680.0
2025-08-01 03:09:25 PM,24628.4,0,0.0,129454399680.0
2025-08-01 03:09:25 PM,24628.4,600,14777040.0,129469176720.0
2025-08-01 03:09:26 PM,24625.0,0,0.0,129469176720.0
2025-08-01 03:09:26 PM,24622.0,2025,49859550.0,129519036270.0
2025-08-01 03:09:27 PM,24622.0,150,3693300.0,129522729570.0
2025-08-01 03:09:27 PM,24624.0,0,0.0,129522729570.0
2025-08-01 03:09:28 PM,24622.0,0,0.0,129522729570.0
2025-08-01 03:09:28 PM,24624.1,225,5540422.5,129528269992.5
2025-08-01 03:09:29 PM,24624.1,75,1846807.5,129530116800.0
2025-08-01 03:09:29 PM,24621.7,0,0.0,129530116800.0
2025-08-01 03:09:30 PM,24624.9,0,0.0,129530116800.0
2025-08-01 03:09:30 PM,24624.9,450,11081205.0,129541198005.0
2025-08-01 03:09:31 PM,24624.1,0,0.0,129541198005.0
2025-08-01 03:09:31 PM,24624.1,300,7387230.0,129548585235.0
2025-08-01 03:09:32 PM,24624.1,375,9234037.5,129557819272.5
2025-08-01 03:09:32 PM,24622.0,0,0.0,129557819272.5
2025-08-01 03:09:33 PM,24624.1,0,0.0,129557819272.5
2025-08-01 03:09:33 PM,24621.6,600,14772960.0,129572592232.5
2025-08-01 03:09:33 PM,24625.0,0,0.0,129572592232.5
2025-08-01 03:09:34 PM,24625.0,300,7387500.0,129579979732.5
2025-08-01 03:09:35 PM,24621.6,0,0.0,129579979732.5
2025-08-01 03:09:35 PM,24624.1,300,7387230.0,129587366962.5
2025-08-01 03:09:36 PM,24625.0,0,0.0,129587366962.5
2025-08-01 03:09:36 PM,24625.0,525,12928125.0,129600295087.5
2025-08-01 03:09:37 PM,24625.7,525,12928492.5,129613223580.0
2025-08-01 03:09:38 PM,24625.0,225,5540625.0,129618764205.0
2025-08-01 03:09:39 PM,24627.2,0,0.0,129618764205.0
2025-08-01 03:09:40 PM,24621.0,0,0.0,129618764205.0
2025-08-01 03:09:40 PM,24621.0,825,20312325.0,129639076530.0
2025-08-01 03:09:40 PM,24625.0,0,0.0,129639076530.0
2025-08-01 03:09:40 PM,24625.0,75,1846875.0,129640923405.0
2025-08-01 03:09:41 PM,24621.0,0,0.0,129640923405.0
2025-08-01 03:09:41 PM,24623.0,0,0.0,129640923405.0
2025-08-01 03:09:41 PM,24620.0,2850,70167000.0,129711090405.0
2025-08-01 03:09:42 PM,24622.5,2625,64634062.5,129775724467.5
2025-08-01 03:09:43 PM,24620.0,0,0.0,129775724467.5
2025-08-01 03:09:43 PM,24624.2,150,3693630.0,129779418097.5
2025-08-01 03:09:43 PM,24621.0,0,0.0,129779418097.5
2025-08-01 03:09:44 PM,24620.0,0,0.0,129779418097.5
2025-08-01 03:09:44 PM,24624.9,300,7387470.0,129786805567.5
2025-08-01 03:09:44 PM,24620.0,0,0.0,129786805567.5
2025-08-01 03:09:45 PM,24620.1,0,0.0,129786805567.5
2025-08-01 03:09:45 PM,24620.1,975,24004597.5,129810810165.0
2025-08-01 03:09:45 PM,24624.5,0,0.0,129810810165.0
2025-08-01 03:09:45 PM,24620.0,1050,25851000.0,129836661165.0
2025-08-01 03:09:46 PM,24624.0,300,7387200.0,129844048365.0
2025-08-01 03:09:47 PM,24620.0,0,0.0,129844048365.0
2025-08-01 03:09:47 PM,24620.0,150,3693000.0,129847741365.0
2025-08-01 03:09:47 PM,24621.7,0,0.0,129847741365.0
2025-08-01 03:09:48 PM,24619.3,0,0.0,129847741365.0
2025-08-01 03:09:48 PM,24624.9,1425,35090482.5,129882831847.5
2025-08-01 03:09:49 PM,24625.0,0,0.0,129882831847.5
2025-08-01 03:09:49 PM,24625.0,1275,31396875.0,129914228722.5
2025-08-01 03:09:50 PM,24621.3,0,0.0,129914228722.5
2025-08-01 03:09:50 PM,24621.3,1350,33238755.0,129947467477.5
2025-08-01 03:09:50 PM,24620.2,0,0.0,129947467477.5
2025-08-01 03:09:50 PM,24620.2,3900,96018780.0,130043486257.5
2025-08-01 03:09:51 PM,24625.6,0,0.0,130043486257.5
2025-08-01 03:09:51 PM,24624.6,0,0.0,130043486257.5
2025-08-01 03:09:51 PM,24624.6,1125,27702675.0,130071188932.5
2025-08-01 03:09:52 PM,24618.3,0,0.0,130071188932.5
2025-08-01 03:09:52 PM,24619.3,375,9232237.5,130080421170.0
2025-08-01 03:09:52 PM,24617.5,0,0.0,130080421170.0
2025-08-01 03:09:53 PM,24624.7,0,0.0,130080421170.0
2025-08-01 03:09:53 PM,24624.1,975,24008497.5,130104429667.5
2025-08-01 03:09:54 PM,24618.0,0,0.0,130104429667.5
2025-08-01 03:09:54 PM,24618.0,975,24002550.0,130128432217.5
2025-08-01 03:09:55 PM,24618.0,2175,53544150.0,130181976367.5
2025-08-01 03:09:55 PM,24617.5,300,7385250.0,130189361617.5
2025-08-01 03:09:56 PM,24614.5,0,0.0,130189361617.5
2025-08-01 03:09:56 PM,24616.0,0,0.0,130189361617.5
2025-08-01 03:09:56 PM,24616.0,5325,131080200.0,130320441817.5
2025-08-01 03:09:57 PM,24617.5,0,0.0,130320441817.5
2025-08-01 03:09:57 PM,24616.9,675,16616407.500000002,130337058225.0
2025-08-01 03:09:57 PM,24617.5,0,0.0,130337058225.0
2025-08-01 03:09:58 PM,24618.1,0,0.0,130337058225.0
2025-08-01 03:09:58 PM,24618.1,3225,79393372.5,130416451597.5
2025-08-01 03:09:58 PM,24617.5,0,0.0,130416451597.5
2025-08-01 03:09:59 PM,24620.0,300,7386000.0,130423837597.5
2025-08-01 03:10:00 PM,24627.9,0,0.0,130423837597.5
2025-08-01 03:10:00 PM,24622.2,3450,84946590.0,130508784187.5
2025-08-01 03:10:00 PM,24623.0,375,9233625.0,130518017812.5
2025-08-01 03:10:01 PM,24623.3,0,0.0,130518017812.5
2025-08-01 03:10:01 PM,24623.3,225,5540242.5,130523558055.0
2025-08-01 03:10:02 PM,24626.8,75,1847010.0,130525405065.0
2025-08-01 03:10:03 PM,24623.5,225,5540287.5,130530945352.5
2025-08-01 03:10:03 PM,24628.0,0,0.0,130530945352.5
2025-08-01 03:10:04 PM,24628.0,2100,51718800.0,130582664152.5
2025-08-01 03:10:04 PM,24628.9,0,0.0,130582664152.5
2025-08-01 03:10:04 PM,24623.0,0,0.0,130582664152.5
2025-08-01 03:10:05 PM,24624.1,0,0.0,130582664152.5
2025-08-01 03:10:05 PM,24624.1,8175,201302017.5,130783966170.0
2025-08-01 03:10:05 PM,24628.9,1200,29554680.0,130813520850.0
2025-08-01 03:10:06 PM,24627.6,0,0.0,130813520850.0
2025-08-01 03:10:06 PM,24627.6,975,24011910.0,130837532760.0
2025-08-01 03:10:07 PM,24624.1,0,0.0,130837532760.0
2025-08-01 03:10:07 PM,24623.0,450,11080350.0,130848613110.0
2025-08-01 03:10:07 PM,24624.1,0,0.0,130848613110.0
2025-08-01 03:10:08 PM,24623.0,0,0.0,130848613110.0
2025-08-01 03:10:08 PM,24620.5,2850,70168425.0,130918781535.0
2025-08-01 03:10:09 PM,24626.2,0,0.0,130918781535.0
2025-08-01 03:10:09 PM,24626.2,75,1846965.0,130920628500.0
2025-08-01 03:10:10 PM,24623.5,0,0.0,130920628500.0
2025-08-01 03:10:10 PM,24619.6,0,0.0,130920628500.0
2025-08-01 03:10:10 PM,24619.6,2025,49854690.0,130970483190.0
2025-08-01 03:10:11 PM,24623.0,0,0.0,130970483190.0
2025-08-01 03:10:11 PM,24623.0,75,1846725.0,130972329915.0
2025-08-01 03:10:12 PM,24626.1,0,0.0,130972329915.0
2025-08-01 03:10:12 PM,24626.1,150,3693915.0,130976023830.0
2025-08-01 03:10:13 PM,24621.6,0,0.0,130976023830.0
2025-08-01 03:10:13 PM,24625.9,375,9234712.5,130985258542.5
2025-08-01 03:10:13 PM,24626.0,0,0.0,130985258542.5
2025-08-01 03:10:14 PM,24626.0,225,5540850.0,130990799392.5
2025-08-01 03:10:15 PM,24626.0,225,5540850.0,130996340242.5
2025-08-01 03:10:15 PM,24625.7,0,0.0,130996340242.5
2025-08-01 03:10:15 PM,24625.7,225,5540782.5,131001881025.0
2025-08-01 03:10:16 PM,24625.8,0,0.0,131001881025.0
2025-08-01 03:10:16 PM,24621.6,600,14772960.0,131016653985.0
2025-08-01 03:10:17 PM,24625.3,75,1846897.5,131018500882.5
2025-08-01 03:10:18 PM,24619.2,1875,46161000.0,131064661882.5
2025-08-01 03:10:18 PM,24623.5,0,0.0,131064661882.5
2025-08-01 03:10:19 PM,24621.0,0,0.0,131064661882.5
2025-08-01 03:10:19 PM,24621.0,150,3693150.0,131068355032.5
2025-08-01 03:10:20 PM,24623.7,525,12927442.5,131081282475.0
2025-08-01 03:10:20 PM,24623.0,0,0.0,131081282475.0
2025-08-01 03:10:20 PM,24619.0,525,12924975.0,131094207450.0
2025-08-01 03:10:21 PM,24618.3,0,0.0,131094207450.0
2025-08-01 03:10:21 PM,24616.0,0,0.0,131094207450.0
2025-08-01 03:10:21 PM,24615.0,1350,33230250.0,131127437700.0
2025-08-01 03:10:22 PM,24613.1,300,7383930.0,131134821630.0
2025-08-01 03:10:22 PM,24617.6,0,0.0,131134821630.0
2025-08-01 03:10:23 PM,24611.9,2625,64606237.50000001,131199427867.5
2025-08-01 03:10:23 PM,24611.7,0,0.0,131199427867.5
2025-08-01 03:10:24 PM,24611.8,225,5537655.0,131204965522.5
2025-08-01 03:10:25 PM,24620.0,825,20311500.0,131225277022.5
2025-08-01 03:10:25 PM,24618.3,0,0.0,131225277022.5
2025-08-01 03:10:25 PM,24617.8,600,14770680.0,131240047702.5
2025-08-01 03:10:26 PM,24618.4,0,0.0,131240047702.5
2025-08-01 03:10:26 PM,24618.4,150,3692760.0,131243740462.5
2025-08-01 03:10:27 PM,24610.0,0,0.0,131243740462.5
2025-08-01 03:10:27 PM,24610.0,6450,158734500.0,131402474962.5
2025-08-01 03:10:27 PM,24610.7,0,0.0,131402474962.5
2025-08-01 03:10:28 PM,24617.2,0,0.0,131402474962.5
2025-08-01 03:10:28 PM,24617.2,1425,35079510.0,131437554472.5
2025-08-01 03:10:28 PM,24615.0,0,0.0,131437554472.5
2025-08-01 03:10:29 PM,24610.5,0,0.0,131437554472.5
2025-08-01 03:10:29 PM,24610.5,1050,25841025.0,131463395497.5
2025-08-01 03:10:29 PM,24615.0,0,0.0,131463395497.5
2025-08-01 03:10:30 PM,24615.0,525,12922875.0,131476318372.5
2025-08-01 03:10:30 PM,24615.0,1350,33230250.0,131509548622.5
2025-08-01 03:10:31 PM,24611.7,1650,40609305.0,131550157927.5
2025-08-01 03:10:32 PM,24612.0,0,0.0,131550157927.5
2025-08-01 03:10:32 PM,24611.0,300,7383300.0,131557541227.5
2025-08-01 03:10:33 PM,24614.7,0,0.0,131557541227.5
2025-08-01 03:10:33 PM,24614.7,150,3692205.0,131561233432.5
2025-08-01 03:10:33 PM,24611.0,0,0.0,131561233432.5
2025-08-01 03:10:34 PM,24611.0,1950,47991450.0,131609224882.5
2025-08-01 03:10:34 PM,24610.0,0,0.0,131609224882.5
2025-08-01 03:10:35 PM,24607.0,3750,92276250.0,131701501132.5
2025-08-01 03:10:35 PM,24608.0,0,0.0,131701501132.5
2025-08-01 03:10:35 PM,24606.0,450,11072700.0,131712573832.5
2025-08-01 03:10:36 PM,24614.4,900,22152960.0,131734726792.5
2025-08-01 03:10:37 PM,24606.0,450,11072700.0,131745799492.5
2025-08-01 03:10:37 PM,24605.5,0,0.0,131745799492.5
2025-08-01 03:10:38 PM,24611.6,225,5537610.0,131751337102.5
2025-08-01 03:10:38 PM,24606.1,0,0.0,131751337102.5
2025-08-01 03:10:39 PM,24607.6,0,0.0,131751337102.5
2025-08-01 03:10:39 PM,24607.6,525,12918990.0,131764256092.5
2025-08-01 03:10:39 PM,24603.5,0,0.0,131764256092.5
2025-08-01 03:10:40 PM,24603.5,3075,75655762.5,131839911855.0
2025-08-01 03:10:40 PM,24610.6,0,0.0,131839911855.0
2025-08-01 03:10:40 PM,24610.6,450,11074770.0,131850986625.0
2025-08-01 03:10:41 PM,24605.3,0,0.0,131850986625.0
2025-08-01 03:10:41 PM,24611.8,0,0.0,131850986625.0
2025-08-01 03:10:41 PM,24611.8,3150,77527170.0,131928513795.0
2025-08-01 03:10:42 PM,24607.6,75,1845570.0,131930359365.0
2025-08-01 03:10:42 PM,24607.0,0,0.0,131930359365.0
2025-08-01 03:10:43 PM,24610.8,0,0.0,131930359365.0
2025-08-01 03:10:43 PM,24610.8,2175,53528490.0,131983887855.0
2025-08-01 03:10:43 PM,24610.1,0,0.0,131983887855.0
2025-08-01 03:10:44 PM,24611.7,0,0.0,131983887855.0
2025-08-01 03:10:44 PM,24603.9,4425,108872257.5,132092760112.5
2025-08-01 03:10:44 PM,24610.5,0,0.0,132092760112.5
2025-08-01 03:10:45 PM,24610.5,75,1845787.5,132094605900.0
2025-08-01 03:10:45 PM,24610.3,0,0.0,132094605900.0
2025-08-01 03:10:45 PM,24607.6,0,0.0,132094605900.0
2025-08-01 03:10:45 PM,24607.6,225,5536710.0,132100142610.0
2025-08-01 03:10:46 PM,24603.9,0,0.0,132100142610.0
2025-08-01 03:10:46 PM,24605.0,0,0.0,132100142610.0
2025-08-01 03:10:46 PM,24605.0,525,12917625.0,132113060235.0
2025-08-01 03:10:47 PM,24605.5,0,0.0,132113060235.0
2025-08-01 03:10:47 PM,24604.8,225,5536080.0,132118596315.0
2025-08-01 03:10:48 PM,24611.6,75,1845870.0,132120442185.0
2025-08-01 03:10:48 PM,24606.3,0,0.0,132120442185.0
2025-08-01 03:10:49 PM,24610.3,0,0.0,132120442185.0
2025-08-01 03:10:49 PM,24610.3,600,14766180.0,132135208365.0
2025-08-01 03:10:49 PM,24606.6,0,0.0,132135208365.0
2025-08-01 03:10:50 PM,24611.6,750,18458700.0,132153667065.0
2025-08-01 03:10:50 PM,24612.8,0,0.0,132153667065.0
2025-08-01 03:10:50 PM,24612.8,600,14767680.0,132168434745.0
2025-08-01 03:10:51 PM,24610.3,0,0.0,132168434745.0
2025-08-01 03:10:51 PM,24610.3,75,1845772.5,132170280517.5
2025-08-01 03:10:52 PM,24610.8,0,0.0,132170280517.5
2025-08-01 03:10:52 PM,24610.8,525,12920670.0,132183201187.5
2025-08-01 03:10:53 PM,24614.7,1125,27691537.5,132210892725.0
2025-08-01 03:10:53 PM,24614.9,0,0.0,132210892725.0
2025-08-01 03:10:54 PM,24608.7,0,0.0,132210892725.0
2025-08-01 03:10:54 PM,24608.7,300,7382610.0,132218275335.0
2025-08-01 03:10:54 PM,24613.1,0,0.0,132218275335.0
2025-08-01 03:10:55 PM,24613.1,825,20305807.5,132238581142.5
2025-08-01 03:10:55 PM,24608.9,0,0.0,132238581142.5
2025-08-01 03:10:55 PM,24608.9,600,14765340.0,132253346482.5
2025-08-01 03:10:56 PM,24613.0,0,0.0,132253346482.5
2025-08-01 03:10:56 PM,24607.5,0,0.0,132253346482.5
2025-08-01 03:10:56 PM,24607.5,1500,36911250.0,132290257732.5
2025-08-01 03:10:57 PM,24610.8,0,0.0,132290257732.5
2025-08-01 03:10:57 PM,24606.3,450,11072835.0,132301330567.5
2025-08-01 03:10:57 PM,24610.0,0,0.0,132301330567.5
2025-08-01 03:10:58 PM,24606.7,0,0.0,132301330567.5
2025-08-01 03:10:58 PM,24606.9,450,11073105.0,132312403672.5
2025-08-01 03:10:59 PM,24613.1,0,0.0,132312403672.5
2025-08-01 03:10:59 PM,24614.3,225,5538217.5,132317941890.0
2025-08-01 03:10:59 PM,24607.3,0,0.0,132317941890.0
2025-08-01 03:11:00 PM,24607.3,75,1845547.5,132319787437.5
2025-08-01 03:11:00 PM,24611.0,150,3691650.0,132323479087.5
2025-08-01 03:11:01 PM,24614.3,0,0.0,132323479087.5
2025-08-01 03:11:01 PM,24614.3,150,3692145.0,132327171232.5
2025-08-01 03:11:02 PM,24613.0,75,1845975.0,132329017207.5
2025-08-01 03:11:03 PM,24613.0,225,5537925.0,132334555132.5
2025-08-01 03:11:03 PM,24612.8,0,0.0,132334555132.5
2025-08-01 03:11:04 PM,24612.8,375,9229800.0,132343784932.5
2025-08-01 03:11:04 PM,24611.8,0,0.0,132343784932.5
2025-08-01 03:11:05 PM,24614.4,225,5538240.0,132349323172.5
2025-08-01 03:11:06 PM,24615.0,0,0.0,132349323172.5
2025-08-01 03:11:06 PM,24615.0,1725,42460875.0,132391784047.5
2025-08-01 03:11:07 PM,24614.4,0,0.0,132391784047.5
2025-08-01 03:11:07 PM,24614.4,150,3692160.0,132395476207.5
2025-08-01 03:11:07 PM,24615.0,0,0.0,132395476207.5
2025-08-01 03:11:08 PM,24613.0,0,0.0,132395476207.5
2025-08-01 03:11:08 PM,24615.0,900,22153500.0,132417629707.5
2025-08-01 03:11:09 PM,24615.0,225,5538375.0,132423168082.5
2025-08-01 03:11:09 PM,24612.4,0,0.0,132423168082.5
2025-08-01 03:11:10 PM,24612.4,525,12921510.0,132436089592.5
2025-08-01 03:11:10 PM,24614.2,1875,46151625.0,132482241217.5
2025-08-01 03:11:11 PM,24612.2,150,3691830.0,132485933047.5
2025-08-01 03:11:12 PM,24614.2,0,0.0,132485933047.5
2025-08-01 03:11:12 PM,24614.2,300,7384260.0,132493317307.5
2025-08-01 03:11:13 PM,24613.2,0,0.0,132493317307.5
2025-08-01 03:11:13 PM,24612.9,1350,33227415.000000004,132526544722.5
2025-08-01 03:11:13 PM,24615.0,0,0.0,132526544722.5
2025-08-01 03:11:14 PM,24613.3,975,23997967.5,132550542690.0
2025-08-01 03:11:14 PM,24615.0,0,0.0,132550542690.0
2025-08-01 03:11:15 PM,24613.7,450,11076165.0,132561618855.0
2025-08-01 03:11:15 PM,24615.0,150,3692250.0,132565311105.0
2025-08-01 03:11:16 PM,24615.0,225,5538375.0,132570849480.0
2025-08-01 03:11:17 PM,24620.0,0,0.0,132570849480.0
2025-08-01 03:11:17 PM,24620.0,1125,27697500.0,132598546980.0
2025-08-01 03:11:18 PM,24614.0,0,0.0,132598546980.0
2025-08-01 03:11:18 PM,24614.2,375,9230325.0,132607777305.0
2025-08-01 03:11:18 PM,24614.0,0,0.0,132607777305.0
2025-08-01 03:11:19 PM,24614.1,1275,31382977.5,132639160282.5
2025-08-01 03:11:19 PM,24616.2,0,0.0,132639160282.5
2025-08-01 03:11:20 PM,24615.8,750,18461850.0,132657622132.5
2025-08-01 03:11:22 PM,24619.1,0,0.0,132657622132.5
2025-08-01 03:11:22 PM,24619.1,75,1846432.5,132659468565.0
2025-08-01 03:11:23 PM,24619.5,0,0.0,132659468565.0
2025-08-01 03:11:23 PM,24619.5,150,3692925.0,132663161490.0
2025-08-01 03:11:23 PM,24619.9,0,0.0,132663161490.0
2025-08-01 03:11:24 PM,24620.0,0,0.0,132663161490.0
2025-08-01 03:11:24 PM,24620.0,975,24004500.0,132687165990.0
2025-08-01 03:11:24 PM,24619.0,0,0.0,132687165990.0
2025-08-01 03:11:25 PM,24619.0,300,7385700.0,132694551690.0
2025-08-01 03:11:25 PM,24618.9,1200,29542680.0,132724094370.0
2025-08-01 03:11:26 PM,24617.8,0,0.0,132724094370.0
2025-08-01 03:11:26 PM,24618.0,1575,38773350.0,132762867720.0
2025-08-01 03:11:27 PM,24617.0,0,0.0,132762867720.0
2025-08-01 03:11:28 PM,24617.7,0,0.0,132762867720.0
2025-08-01 03:11:28 PM,24617.7,300,7385310.0,132770253030.0
2025-08-01 03:11:28 PM,24613.0,0,0.0,132770253030.0
2025-08-01 03:11:29 PM,24613.0,75,1845975.0,132772099005.0
2025-08-01 03:11:29 PM,24616.0,0,0.0,132772099005.0
2025-08-01 03:11:30 PM,24612.5,0,0.0,132772099005.0
2025-08-01 03:11:30 PM,24612.5,825,20305312.5,132792404317.5
2025-08-01 03:11:31 PM,24612.2,0,0.0,132792404317.5
2025-08-01 03:11:31 PM,24613.4,150,3692010.0,132796096327.5
2025-08-01 03:11:31 PM,24611.0,0,0.0,132796096327.5
2025-08-01 03:11:32 PM,24610.0,0,0.0,132796096327.5
2025-08-01 03:11:32 PM,24613.6,525,12922140.0,132809018467.5
2025-08-01 03:11:33 PM,24613.0,0,0.0,132809018467.5
2025-08-01 03:11:33 PM,24613.5,225,5538037.5,132814556505.0
2025-08-01 03:11:34 PM,24610.0,0,0.0,132814556505.0
2025-08-01 03:11:35 PM,24612.4,600,14767440.0,132829323945.0
2025-08-01 03:11:35 PM,24614.0,0,0.0,132829323945.0
2025-08-01 03:11:35 PM,24614.0,5775,142145850.0,132971469795.0
2025-08-01 03:11:36 PM,24611.9,0,0.0,132971469795.0
2025-08-01 03:11:36 PM,24609.0,225,5537025.0,132977006820.0
2025-08-01 03:11:37 PM,24611.3,450,11075085.0,132988081905.0
2025-08-01 03:11:38 PM,24609.0,0,0.0,132988081905.0
2025-08-01 03:11:38 PM,24610.8,600,14766480.0,133002848385.0
2025-08-01 03:11:38 PM,24611.7,0,0.0,133002848385.0
2025-08-01 03:11:39 PM,24612.7,0,0.0,133002848385.0
2025-08-01 03:11:39 PM,24612.7,225,5537857.5,133008386242.5
2025-08-01 03:11:39 PM,24612.2,0,0.0,133008386242.5
2025-08-01 03:11:40 PM,24612.2,75,1845915.0,133010232157.5
2025-08-01 03:11:40 PM,24611.7,225,5537632.5,133015769790.0
2025-08-01 03:11:41 PM,24609.7,0,0.0,133015769790.0
2025-08-01 03:11:41 PM,24612.2,1575,38764215.0,133054534005.0
2025-08-01 03:11:42 PM,24608.0,0,0.0,133054534005.0
2025-08-01 03:11:42 PM,24612.4,825,20305230.0,133074839235.0
2025-08-01 03:11:43 PM,24612.0,0,0.0,133074839235.0
2025-08-01 03:11:43 PM,24612.0,150,3691800.0,133078531035.0
2025-08-01 03:11:43 PM,24610.0,0,0.0,133078531035.0
2025-08-01 03:11:44 PM,24610.0,375,9228750.0,133087759785.0
2025-08-01 03:11:44 PM,24612.2,0,0.0,133087759785.0
2025-08-01 03:11:45 PM,24612.3,0,0.0,133087759785.0
2025-08-01 03:11:45 PM,24612.3,1275,31380682.5,133119140467.5
2025-08-01 03:11:45 PM,24613.8,2775,68303295.0,133187443762.5
2025-08-01 03:11:46 PM,24612.3,0,0.0,133187443762.5
2025-08-01 03:11:46 PM,24612.3,150,3691845.0,133191135607.5
2025-08-01 03:11:47 PM,24612.2,0,0.0,133191135607.5
2025-08-01 03:11:47 PM,24612.3,300,7383690.0,133198519297.5
2025-08-01 03:11:48 PM,24612.9,0,0.0,133198519297.5
2025-08-01 03:11:48 PM,24612.7,225,5537857.5,133204057155.0
2025-08-01 03:11:48 PM,24609.0,0,0.0,133204057155.0
2025-08-01 03:11:49 PM,24610.6,0,0.0,133204057155.0
2025-08-01 03:11:49 PM,24610.6,525,12920565.0,133216977720.0
2025-08-01 03:11:49 PM,24610.4,0,0.0,133216977720.0
2025-08-01 03:11:50 PM,24608.3,0,0.0,133216977720.0
2025-08-01 03:11:50 PM,24608.3,300,7382490.0,133224360210.0
2025-08-01 03:11:50 PM,24610.0,75,1845750.0,133226205960.0
2025-08-01 03:11:51 PM,24611.2,0,0.0,133226205960.0
2025-08-01 03:11:51 PM,24608.3,0,0.0,133226205960.0
2025-08-01 03:11:51 PM,24608.3,225,5536867.5,133231742827.5
2025-08-01 03:11:53 PM,24609.7,0,0.0,133231742827.5
2025-08-01 03:11:53 PM,24610.0,0,0.0,133231742827.5
2025-08-01 03:11:53 PM,24610.0,150,3691500.0,133235434327.5
2025-08-01 03:11:54 PM,24609.9,0,0.0,133235434327.5
2025-08-01 03:11:54 PM,24609.9,75,1845742.5,133237280070.0
2025-08-01 03:11:55 PM,24608.4,0,0.0,133237280070.0
2025-08-01 03:11:55 PM,24608.3,375,9228112.5,133246508182.5
2025-08-01 03:11:56 PM,24608.2,0,0.0,133246508182.5
2025-08-01 03:11:56 PM,24608.2,1350,33221070.0,133279729252.5
2025-08-01 03:11:57 PM,24608.2,300,7382460.0,133287111712.5
2025-08-01 03:11:58 PM,24608.0,0,0.0,133287111712.5
2025-08-01 03:11:58 PM,24606.0,2325,57208950.0,133344320662.5
2025-08-01 03:11:59 PM,24606.0,300,7381800.0,133351702462.5
2025-08-01 03:12:00 PM,24606.9,0,0.0,133351702462.5
2025-08-01 03:12:00 PM,24606.9,450,11073105.0,133362775567.5
2025-08-01 03:12:00 PM,24605.0,0,0.0,133362775567.5
2025-08-01 03:12:00 PM,24605.0,450,11072250.0,133373847817.5
2025-08-01 03:12:01 PM,24604.3,0,0.0,133373847817.5
2025-08-01 03:12:01 PM,24604.3,225,5535967.5,133379383785.0
2025-08-01 03:12:02 PM,24604.0,0,0.0,133379383785.0
2025-08-01 03:12:02 PM,24604.0,75,1845300.0,133381229085.0
2025-08-01 03:12:03 PM,24606.9,0,0.0,133381229085.0
2025-08-01 03:12:03 PM,24606.9,75,1845517.5,133383074602.5
2025-08-01 03:12:03 PM,24608.4,0,0.0,133383074602.5
2025-08-01 03:12:04 PM,24603.5,0,0.0,133383074602.5
2025-08-01 03:12:04 PM,24601.4,2175,53508045.0,133436582647.5
2025-08-01 03:12:04 PM,24603.5,0,0.0,133436582647.5
2025-08-01 03:12:05 PM,24603.5,375,9226312.5,133445808960.0
2025-08-01 03:12:05 PM,24605.0,0,0.0,133445808960.0
2025-08-01 03:12:05 PM,24605.0,225,5536125.0,133451345085.0
2025-08-01 03:12:06 PM,24608.3,0,0.0,133451345085.0
2025-08-01 03:12:06 PM,24604.6,0,0.0,133451345085.0
2025-08-01 03:12:06 PM,24604.6,450,11072070.0,133462417155.0
2025-08-01 03:12:07 PM,24604.3,0,0.0,133462417155.0
2025-08-01 03:12:07 PM,24606.9,150,3691035.0,133466108190.0
2025-08-01 03:12:08 PM,24606.9,225,5536552.5,133471644742.5
2025-08-01 03:12:09 PM,24608.0,75,1845600.0,133473490342.5
2025-08-01 03:12:09 PM,24606.9,0,0.0,133473490342.5
2025-08-01 03:12:10 PM,24606.9,525,12918622.5,133486408965.0
2025-08-01 03:12:10 PM,24608.7,375,9228262.5,133495637227.5
2025-08-01 03:12:10 PM,24605.0,0,0.0,133495637227.5
2025-08-01 03:12:11 PM,24610.0,0,0.0,133495637227.5
2025-08-01 03:12:11 PM,24608.6,0,0.0,133495637227.5
2025-08-01 03:12:11 PM,24608.6,900,22147740.0,133517784967.5
2025-08-01 03:12:12 PM,24610.0,0,0.0,133517784967.5
2025-08-01 03:12:12 PM,24610.0,525,12920250.0,133530705217.5
2025-08-01 03:12:12 PM,24606.9,0,0.0,133530705217.5
2025-08-01 03:12:13 PM,24606.9,150,3691035.0,133534396252.5
2025-08-01 03:12:13 PM,24610.0,0,0.0,133534396252.5
2025-08-01 03:12:14 PM,24610.0,525,12920250.0,133547316502.5
2025-08-01 03:12:15 PM,24610.0,150,3691500.0,133551008002.5
2025-08-01 03:12:15 PM,24607.0,0,0.0,133551008002.5
2025-08-01 03:12:15 PM,24607.0,150,3691050.0,133554699052.5
2025-08-01 03:12:16 PM,24609.0,0,0.0,133554699052.5
2025-08-01 03:12:16 PM,24609.0,150,3691350.0,133558390402.5
2025-08-01 03:12:17 PM,24607.0,0,0.0,133558390402.5
2025-08-01 03:12:18 PM,24607.0,225,5536575.0,133563926977.5
2025-08-01 03:12:19 PM,24610.0,0,0.0,133563926977.5
2025-08-01 03:12:19 PM,24610.0,675,16611750.0,133580538727.5
2025-08-01 03:12:20 PM,24609.0,0,0.0,133580538727.5
2025-08-01 03:12:20 PM,24609.3,0,0.0,133580538727.5
2025-08-01 03:12:20 PM,24609.3,375,9228487.5,133589767215.0
2025-08-01 03:12:21 PM,24606.9,0,0.0,133589767215.0
2025-08-01 03:12:21 PM,24606.9,75,1845517.5,133591612732.5
2025-08-01 03:12:22 PM,24610.0,525,12920250.0,133604532982.5
2025-08-01 03:12:22 PM,24608.5,0,0.0,133604532982.5
2025-08-01 03:12:23 PM,24609.7,0,0.0,133604532982.5
2025-08-01 03:12:23 PM,24609.7,450,11074365.0,133615607347.5
2025-08-01 03:12:23 PM,24607.0,0,0.0,133615607347.5
2025-08-01 03:12:24 PM,24610.0,0,0.0,133615607347.5
2025-08-01 03:12:24 PM,24610.0,1575,38760750.0,133654368097.5
2025-08-01 03:12:24 PM,24607.0,0,0.0,133654368097.5
2025-08-01 03:12:25 PM,24607.0,450,11073150.0,133665441247.5
2025-08-01 03:12:25 PM,24608.3,0,0.0,133665441247.5
2025-08-01 03:12:26 PM,24606.9,2400,59056560.0,133724497807.5
2025-08-01 03:12:26 PM,24606.9,300,7382070.0,133731879877.5
2025-08-01 03:12:27 PM,24609.4,0,0.0,133731879877.5
2025-08-01 03:12:27 PM,24609.4,75,1845705.0,133733725582.5
2025-08-01 03:12:27 PM,24609.3,0,0.0,133733725582.5
2025-08-01 03:12:28 PM,24608.5,0,0.0,133733725582.5
2025-08-01 03:12:28 PM,24608.5,525,12919462.5,133746645045.0
2025-08-01 03:12:28 PM,24607.2,0,0.0,133746645045.0
2025-08-01 03:12:29 PM,24608.6,525,12919515.0,133759564560.0
2025-08-01 03:12:30 PM,24608.6,525,12919515.0,133772484075.0
2025-08-01 03:12:30 PM,24607.7,0,0.0,133772484075.0
2025-08-01 03:12:31 PM,24608.4,150,3691260.0,133776175335.0
2025-08-01 03:12:31 PM,24608.8,0,0.0,133776175335.0
2025-08-01 03:12:31 PM,24608.8,300,7382640.0,133783557975.0
2025-08-01 03:12:32 PM,24607.0,75,1845525.0,133785403500.0
2025-08-01 03:12:33 PM,24608.8,75,1845660.0,133787249160.0
2025-08-01 03:12:33 PM,24609.3,0,0.0,133787249160.0
2025-08-01 03:12:34 PM,24609.3,225,5537092.5,133792786252.5
2025-08-01 03:12:34 PM,24609.0,0,0.0,133792786252.5
2025-08-01 03:12:35 PM,24608.0,0,0.0,133792786252.5
2025-08-01 03:12:35 PM,24608.0,225,5536800.0,133798323052.5
2025-08-01 03:12:36 PM,24608.0,225,5536800.0,133803859852.5
2025-08-01 03:12:36 PM,24608.1,0,0.0,133803859852.5
2025-08-01 03:12:36 PM,24608.1,450,11073645.0,133814933497.5
2025-08-01 03:12:37 PM,24609.3,0,0.0,133814933497.5
2025-08-01 03:12:37 PM,24610.0,150,3691500.0,133818624997.5
2025-08-01 03:12:38 PM,24610.0,150,3691500.0,133822316497.5
2025-08-01 03:12:38 PM,24611.0,0,0.0,133822316497.5
2025-08-01 03:12:39 PM,24611.0,150,3691650.0,133826008147.5
2025-08-01 03:12:39 PM,24609.6,0,0.0,133826008147.5
2025-08-01 03:12:40 PM,24609.6,75,1845720.0,133827853867.5
2025-08-01 03:12:40 PM,24612.0,0,0.0,133827853867.5
2025-08-01 03:12:41 PM,24608.6,1425,35067255.0,133862921122.5
2025-08-01 03:12:41 PM,24608.6,75,1845645.0,133864766767.5
2025-08-01 03:12:42 PM,24612.5,0,0.0,133864766767.5
2025-08-01 03:12:43 PM,24612.5,375,9229687.5,133873996455.0
2025-08-01 03:12:43 PM,24612.7,0,0.0,133873996455.0
2025-08-01 03:12:44 PM,24612.7,75,1845952.5,133875842407.5
2025-08-01 03:12:45 PM,24610.0,0,0.0,133875842407.5
2025-08-01 03:12:45 PM,24610.8,0,0.0,133875842407.5
2025-08-01 03:12:45 PM,24610.8,150,3691620.0,133879534027.5
2025-08-01 03:12:45 PM,24608.0,0,0.0,133879534027.5
2025-08-01 03:12:46 PM,24609.7,1350,33223095.0,133912757122.5
2025-08-01 03:12:46 PM,24609.4,0,0.0,133912757122.5
2025-08-01 03:12:46 PM,24609.4,375,9228525.0,133921985647.5
2025-08-01 03:12:47 PM,24610.0,75,1845750.0,133923831397.5
2025-08-01 03:12:48 PM,24610.0,150,3691500.0,133927522897.5
2025-08-01 03:12:48 PM,24608.4,0,0.0,133927522897.5
2025-08-01 03:12:49 PM,24610.0,525,12920250.0,133940443147.5
2025-08-01 03:12:50 PM,24610.0,525,12920250.0,133953363397.5
2025-08-01 03:12:51 PM,24611.4,75,1845855.0,133955209252.5
2025-08-01 03:12:51 PM,24612.0,0,0.0,133955209252.5
2025-08-01 03:12:51 PM,24612.0,150,3691800.0,133958901052.5
2025-08-01 03:12:53 PM,24612.0,75,1845900.0,133960746952.5
2025-08-01 03:12:54 PM,24610.3,0,0.0,133960746952.5
2025-08-01 03:12:54 PM,24610.3,75,1845772.5,133962592725.0
2025-08-01 03:12:54 PM,24612.0,0,0.0,133962592725.0
2025-08-01 03:12:55 PM,24612.0,375,9229500.0,133971822225.0
2025-08-01 03:12:55 PM,24612.4,0,0.0,133971822225.0
2025-08-01 03:12:56 PM,24610.2,150,3691530.0,133975513755.0
2025-08-01 03:12:56 PM,24612.4,0,0.0,133975513755.0
2025-08-01 03:12:56 PM,24612.4,75,1845930.0,133977359685.0
2025-08-01 03:12:57 PM,24611.8,0,0.0,133977359685.0
2025-08-01 03:12:57 PM,24611.8,225,5537655.0,133982897340.0
2025-08-01 03:12:58 PM,24612.0,0,0.0,133982897340.0
2025-08-01 03:12:58 PM,24612.0,225,5537700.0,133988435040.0
2025-08-01 03:12:59 PM,24612.0,75,1845900.0,133990280940.0
2025-08-01 03:13:00 PM,24610.3,0,0.0,133990280940.0
2025-08-01 03:13:00 PM,24610.3,150,3691545.0,133993972485.0
2025-08-01 03:13:00 PM,24612.0,0,0.0,133993972485.0
2025-08-01 03:13:01 PM,24612.0,150,3691800.0,133997664285.0
2025-08-01 03:13:01 PM,24612.0,75,1845900.0,133999510185.0
2025-08-01 03:13:02 PM,24612.0,375,9229500.0,134008739685.0
2025-08-01 03:13:03 PM,24612.5,0,0.0,134008739685.0
2025-08-01 03:13:03 PM,24612.5,75,1845937.5,134010585622.5
2025-08-01 03:13:03 PM,24610.2,0,0.0,134010585622.5
2025-08-01 03:13:04 PM,24612.5,0,0.0,134010585622.5
2025-08-01 03:13:04 PM,24612.5,450,11075625.0,134021661247.5
2025-08-01 03:13:04 PM,24612.0,0,0.0,134021661247.5
2025-08-01 03:13:05 PM,24612.5,0,0.0,134021661247.5
2025-08-01 03:13:05 PM,24612.5,150,3691875.0,134025353122.5
2025-08-01 03:13:06 PM,24613.9,750,18460425.0,134043813547.5
2025-08-01 03:13:07 PM,24612.5,0,0.0,134043813547.5
2025-08-01 03:13:07 PM,24613.9,150,3692085.0,134047505632.5
2025-08-01 03:13:08 PM,24614.4,0,0.0,134047505632.5
2025-08-01 03:13:08 PM,24614.4,675,16614720.000000002,134064120352.5
2025-08-01 03:13:10 PM,24612.1,0,0.0,134064120352.5
2025-08-01 03:13:10 PM,24612.1,75,1845907.5,134065966260.0
2025-08-01 03:13:10 PM,24614.9,0,0.0,134065966260.0
2025-08-01 03:13:11 PM,24614.9,1125,27691762.5,134093658022.5
2025-08-01 03:13:11 PM,24613.9,0,0.0,134093658022.5
2025-08-01 03:13:11 PM,24613.9,75,1846042.5,134095504065.0
2025-08-01 03:13:12 PM,24612.1,75,1845907.5,134097349972.5
2025-08-01 03:13:12 PM,24613.9,0,0.0,134097349972.5
2025-08-01 03:13:13 PM,24615.0,0,0.0,134097349972.5
2025-08-01 03:13:13 PM,24615.0,1200,29538000.0,134126887972.5
2025-08-01 03:13:13 PM,24612.2,0,0.0,134126887972.5
2025-08-01 03:13:14 PM,24615.0,0,0.0,134126887972.5
2025-08-01 03:13:14 PM,24615.0,375,9230625.0,134136118597.5
2025-08-01 03:13:15 PM,24615.0,225,5538375.0,134141656972.5
2025-08-01 03:13:16 PM,24617.0,0,0.0,134141656972.5
2025-08-01 03:13:16 PM,24617.5,0,0.0,134141656972.5
2025-08-01 03:13:16 PM,24617.5,600,14770500.0,134156427472.5
2025-08-01 03:13:17 PM,24613.9,0,0.0,134156427472.5
2025-08-01 03:13:17 PM,24617.6,225,5538960.0,134161966432.5
2025-08-01 03:13:18 PM,24617.9,0,0.0,134161966432.5
2025-08-01 03:13:18 PM,24615.0,150,3692250.0,134165658682.5
2025-08-01 03:13:19 PM,24614.4,0,0.0,134165658682.5
2025-08-01 03:13:19 PM,24614.4,150,3692160.0,134169350842.5
2025-08-01 03:13:20 PM,24614.0,0,0.0,134169350842.5
2025-08-01 03:13:20 PM,24614.0,150,3692100.0,134173042942.5
2025-08-01 03:13:21 PM,24619.0,0,0.0,134173042942.5
2025-08-01 03:13:22 PM,24619.0,225,5539275.0,134178582217.5
2025-08-01 03:13:23 PM,24619.0,300,7385700.0,134185967917.5
2025-08-01 03:13:24 PM,24617.5,0,0.0,134185967917.5
2025-08-01 03:13:24 PM,24617.5,225,5538937.5,134191506855.0
2025-08-01 03:13:24 PM,24619.0,0,0.0,134191506855.0
2025-08-01 03:13:25 PM,24619.0,375,9232125.0,134200738980.0
2025-08-01 03:13:25 PM,24616.0,0,0.0,134200738980.0
2025-08-01 03:13:25 PM,24616.0,825,20308200.0,134221047180.0
2025-08-01 03:13:26 PM,24619.0,0,0.0,134221047180.0
2025-08-01 03:13:26 PM,24619.0,150,3692850.0,134224740030.0
2025-08-01 03:13:27 PM,24619.3,75,1846447.5,134226586477.5
2025-08-01 03:13:28 PM,24620.0,0,0.0,134226586477.5
2025-08-01 03:13:28 PM,24619.5,225,5539387.5,134232125865.0
2025-08-01 03:13:28 PM,24620.0,0,0.0,134232125865.0
2025-08-01 03:13:29 PM,24616.0,0,0.0,134232125865.0
2025-08-01 03:13:29 PM,24616.0,225,5538600.0,134237664465.0
2025-08-01 03:13:29 PM,24620.8,0,0.0,134237664465.0
2025-08-01 03:13:30 PM,24620.8,300,7386240.0,134245050705.0
2025-08-01 03:13:30 PM,24621.0,0,0.0,134245050705.0
2025-08-01 03:13:30 PM,24621.0,75,1846575.0,134246897280.0
2025-08-01 03:13:31 PM,24619.0,0,0.0,134246897280.0
2025-08-01 03:13:31 PM,24621.0,0,0.0,134246897280.0
2025-08-01 03:13:31 PM,24621.0,375,9232875.0,134256130155.0
2025-08-01 03:13:32 PM,24616.1,225,5538622.5,134261668777.5
2025-08-01 03:13:33 PM,24621.0,0,0.0,134261668777.5
2025-08-01 03:13:33 PM,24617.1,375,9231412.5,134270900190.0
2025-08-01 03:13:34 PM,24621.4,0,0.0,134270900190.0
2025-08-01 03:13:34 PM,24621.4,150,3693210.0,134274593400.0
2025-08-01 03:13:34 PM,24616.3,0,0.0,134274593400.0
2025-08-01 03:13:35 PM,24616.3,375,9231112.5,134283824512.5
2025-08-01 03:13:35 PM,24620.8,0,0.0,134283824512.5
2025-08-01 03:13:35 PM,24620.8,150,3693120.0,134287517632.5
2025-08-01 03:13:37 PM,24620.0,0,0.0,134287517632.5
2025-08-01 03:13:37 PM,24620.1,225,5539522.5,134293057155.0
2025-08-01 03:13:38 PM,24618.9,0,0.0,134293057155.0
2025-08-01 03:13:38 PM,24616.0,450,11077200.0,134304134355.0
2025-08-01 03:13:39 PM,24616.0,150,3692400.0,134307826755.0
2025-08-01 03:13:39 PM,24621.0,0,0.0,134307826755.0
2025-08-01 03:13:40 PM,24620.8,150,3693120.0,134311519875.0
2025-08-01 03:13:40 PM,24619.8,0,0.0,134311519875.0
2025-08-01 03:13:40 PM,24619.8,900,22157820.0,134333677695.0
2025-08-01 03:13:41 PM,24616.3,0,0.0,134333677695.0
2025-08-01 03:13:41 PM,24619.5,0,0.0,134333677695.0
2025-08-01 03:13:41 PM,24619.4,675,16618095.000000002,134350295790.0
2025-08-01 03:13:42 PM,24614.0,0,0.0,134350295790.0
2025-08-01 03:13:42 PM,24619.3,525,12925132.5,134363220922.5
2025-08-01 03:13:43 PM,24619.2,75,1846440.0,134365067362.5
2025-08-01 03:13:44 PM,24619.9,0,0.0,134365067362.5
2025-08-01 03:13:44 PM,24619.9,75,1846492.5,134366913855.0
2025-08-01 03:13:44 PM,24615.0,0,0.0,134366913855.0
2025-08-01 03:13:45 PM,24619.2,0,0.0,134366913855.0
2025-08-01 03:13:45 PM,24619.2,375,9232200.0,134376146055.0
2025-08-01 03:13:45 PM,24618.9,0,0.0,134376146055.0
2025-08-01 03:13:45 PM,24618.9,225,5539252.5,134381685307.5
2025-08-01 03:13:46 PM,24619.3,0,0.0,134381685307.5
2025-08-01 03:13:46 PM,24618.9,0,0.0,134381685307.5
2025-08-01 03:13:46 PM,24618.9,450,11078505.0,134392763812.5
2025-08-01 03:13:47 PM,24619.9,525,12925447.5,134405689260.0
2025-08-01 03:13:48 PM,24618.9,750,18464175.0,134424153435.0
2025-08-01 03:13:48 PM,24616.0,0,0.0,134424153435.0
2025-08-01 03:13:49 PM,24618.0,0,0.0,134424153435.0
2025-08-01 03:13:49 PM,24618.0,825,20309850.0,134444463285.0
2025-08-01 03:13:50 PM,24618.1,0,0.0,134444463285.0
2025-08-01 03:13:50 PM,24618.1,75,1846357.5,134446309642.5
2025-08-01 03:13:51 PM,24617.8,0,0.0,134446309642.5
2025-08-01 03:13:51 PM,24617.8,150,3692670.0,134450002312.5
2025-08-01 03:13:52 PM,24618.9,0,0.0,134450002312.5
2025-08-01 03:13:52 PM,24618.9,300,7385670.0,134457387982.5
2025-08-01 03:13:53 PM,24618.8,0,0.0,134457387982.5
2025-08-01 03:13:53 PM,24618.8,75,1846410.0,134459234392.5
2025-08-01 03:13:54 PM,24618.8,75,1846410.0,134461080802.5
2025-08-01 03:13:55 PM,24618.1,0,0.0,134461080802.5
2025-08-01 03:13:55 PM,24618.1,150,3692715.0,134464773517.5
2025-08-01 03:13:56 PM,24618.8,0,0.0,134464773517.5
2025-08-01 03:13:56 PM,24618.8,75,1846410.0,134466619927.5
2025-08-01 03:13:57 PM,24618.8,375,9232050.0,134475851977.5
2025-08-01 03:13:58 PM,24618.8,225,5539230.0,134481391207.5
2025-08-01 03:13:58 PM,24618.0,0,0.0,134481391207.5
2025-08-01 03:13:59 PM,24619.1,0,0.0,134481391207.5
2025-08-01 03:13:59 PM,24619.1,750,18464325.0,134499855532.5
2025-08-01 03:14:00 PM,24618.8,0,0.0,134499855532.5
2025-08-01 03:14:00 PM,24618.8,75,1846410.0,134501701942.5
2025-08-01 03:14:01 PM,24618.1,0,0.0,134501701942.5
2025-08-01 03:14:01 PM,24618.7,0,0.0,134501701942.5
2025-08-01 03:14:01 PM,24618.7,675,16617622.5,134518319565.0
2025-08-01 03:14:02 PM,24618.8,75,1846410.0,134520165975.0
2025-08-01 03:14:03 PM,24618.7,0,0.0,134520165975.0
2025-08-01 03:14:03 PM,24618.7,900,22156830.0,134542322805.0
2025-08-01 03:14:03 PM,24618.2,0,0.0,134542322805.0
2025-08-01 03:14:04 PM,24618.2,150,3692730.0,134546015535.0
2025-08-01 03:14:05 PM,24618.2,75,1846365.0,134547861900.0
2025-08-01 03:14:06 PM,24618.7,0,0.0,134547861900.0
2025-08-01 03:14:06 PM,24618.7,75,1846402.5,134549708302.5
2025-08-01 03:14:07 PM,24618.8,0,0.0,134549708302.5
2025-08-01 03:14:07 PM,24618.8,225,5539230.0,134555247532.5
2025-08-01 03:14:08 PM,24618.8,150,3692820.0,134558940352.5
2025-08-01 03:14:08 PM,24618.2,0,0.0,134558940352.5
2025-08-01 03:14:09 PM,24618.2,225,5539095.0,134564479447.5
2025-08-01 03:14:10 PM,24618.8,0,0.0,134564479447.5
2025-08-01 03:14:10 PM,24618.8,375,9232050.0,134573711497.5
2025-08-01 03:14:10 PM,24618.2,0,0.0,134573711497.5
2025-08-01 03:14:10 PM,24618.2,375,9231825.0,134582943322.5
2025-08-01 03:14:11 PM,24618.2,750,18463650.0,134601406972.5
2025-08-01 03:14:12 PM,24618.0,375,9231750.0,134610638722.5
2025-08-01 03:14:12 PM,24618.8,0,0.0,134610638722.5
2025-08-01 03:14:13 PM,24618.8,225,5539230.0,134616177952.5
2025-08-01 03:14:13 PM,24618.1,0,0.0,134616177952.5
2025-08-01 03:14:14 PM,24615.5,150,3692325.0,134619870277.5
2025-08-01 03:14:14 PM,24618.8,0,0.0,134619870277.5
2025-08-01 03:14:15 PM,24618.8,525,12924870.0,134632795147.5
2025-08-01 03:14:15 PM,24618.0,0,0.0,134632795147.5
2025-08-01 03:14:15 PM,24618.0,150,3692700.0,134636487847.5
2025-08-01 03:14:17 PM,24616.9,0,0.0,134636487847.5
2025-08-01 03:14:17 PM,24618.7,300,7385610.0,134643873457.5
2025-08-01 03:14:18 PM,24619.0,0,0.0,134643873457.5
2025-08-01 03:14:18 PM,24619.0,525,12924975.0,134656798432.5
2025-08-01 03:14:19 PM,24618.9,0,0.0,134656798432.5
2025-08-01 03:14:19 PM,24618.9,75,1846417.5,134658644850.0
2025-08-01 03:14:20 PM,24618.9,75,1846417.5,134660491267.5
2025-08-01 03:14:22 PM,24618.8,0,0.0,134660491267.5
2025-08-01 03:14:22 PM,24618.8,75,1846410.0,134662337677.5
2025-08-01 03:14:23 PM,24615.5,0,0.0,134662337677.5
2025-08-01 03:14:23 PM,24618.9,0,0.0,134662337677.5
2025-08-01 03:14:23 PM,24618.9,450,11078505.0,134673416182.5
2025-08-01 03:14:24 PM,24618.8,0,0.0,134673416182.5
2025-08-01 03:14:24 PM,24619.0,0,0.0,134673416182.5
2025-08-01 03:14:25 PM,24619.0,825,20310675.0,134693726857.5
2025-08-01 03:14:26 PM,24619.0,1350,33235650.0,134726962507.5
2025-08-01 03:14:27 PM,24619.2,900,22157280.0,134749119787.5
2025-08-01 03:14:28 PM,24619.0,1350,33235650.0,134782355437.5
2025-08-01 03:14:29 PM,24619.0,75,1846425.0,134784201862.5
2025-08-01 03:14:30 PM,24620.0,0,0.0,134784201862.5
2025-08-01 03:14:30 PM,24619.0,0,0.0,134784201862.5
2025-08-01 03:14:30 PM,24619.0,675,16617825.0,134800819687.5
2025-08-01 03:14:31 PM,24619.0,1575,38774925.0,134839594612.5
2025-08-01 03:14:32 PM,24619.0,150,3692850.0,134843287462.5
2025-08-01 03:14:33 PM,24619.9,0,0.0,134843287462.5
2025-08-01 03:14:33 PM,24620.7,2025,49856917.5,134893144380.0
2025-08-01 03:14:34 PM,24619.0,0,0.0,134893144380.0
2025-08-01 03:14:34 PM,24619.0,75,1846425.0,134894990805.0
2025-08-01 03:14:35 PM,24619.0,1575,38774925.0,134933765730.0
2025-08-01 03:14:36 PM,24620.0,300,7386000.0,134941151730.0
2025-08-01 03:14:37 PM,24619.0,1650,40621350.0,134981773080.0
2025-08-01 03:14:38 PM,24620.0,0,0.0,134981773080.0
2025-08-01 03:14:38 PM,24619.9,2175,53548282.5,135035321362.5
2025-08-01 03:14:38 PM,24620.0,0,0.0,135035321362.5
2025-08-01 03:14:39 PM,24620.0,150,3693000.0,135039014362.5
2025-08-01 03:14:40 PM,24615.4,0,0.0,135039014362.5
2025-08-01 03:14:40 PM,24619.0,0,0.0,135039014362.5
2025-08-01 03:14:41 PM,24619.0,2550,62778450.0,135101792812.5
2025-08-01 03:14:42 PM,24619.0,750,18464250.0,135120257062.5
2025-08-01 03:14:43 PM,24619.7,0,0.0,135120257062.5
2025-08-01 03:14:43 PM,24619.0,150,3692850.0,135123949912.5
2025-08-01 03:14:43 PM,24620.7,0,0.0,135123949912.5
2025-08-01 03:14:44 PM,24620.0,1200,29544000.0,135153493912.5
2025-08-01 03:14:45 PM,24620.0,1350,33237000.0,135186730912.5
2025-08-01 03:14:45 PM,24619.0,0,0.0,135186730912.5
2025-08-01 03:14:46 PM,24619.0,150,3692850.0,135190423762.5
2025-08-01 03:14:46 PM,24620.7,0,0.0,135190423762.5
2025-08-01 03:14:46 PM,24619.0,0,0.0,135190423762.5
2025-08-01 03:14:47 PM,24620.2,1275,31390755.0,135221814517.5
2025-08-01 03:14:47 PM,24619.0,0,0.0,135221814517.5
2025-08-01 03:14:47 PM,24619.0,3225,79396275.0,135301210792.5
2025-08-01 03:14:48 PM,24619.3,0,0.0,135301210792.5
2025-08-01 03:14:48 PM,24619.0,1725,42467775.0,135343678567.5
2025-08-01 03:14:49 PM,24619.0,225,5539275.0,135349217842.5
2025-08-01 03:14:49 PM,24619.9,0,0.0,135349217842.5
2025-08-01 03:14:50 PM,24619.3,975,24003817.5,135373221660.0
2025-08-01 03:14:50 PM,24619.0,0,0.0,135373221660.0
2025-08-01 03:14:51 PM,24619.0,450,11078550.0,135384300210.0
2025-08-01 03:14:52 PM,24619.0,375,9232125.0,135393532335.0
2025-08-01 03:14:52 PM,24620.4,0,0.0,135393532335.0
2025-08-01 03:14:52 PM,24620.4,5175,127410570.00000001,135520942905.0
2025-08-01 03:14:53 PM,24619.0,0,0.0,135520942905.0
2025-08-01 03:14:53 PM,24619.0,225,5539275.0,135526482180.0
2025-08-01 03:14:54 PM,24622.5,750,18466875.0,135544949055.0
2025-08-01 03:14:54 PM,24619.0,0,0.0,135544949055.0
2025-08-01 03:14:55 PM,24619.0,300,7385700.0,135552334755.0
2025-08-01 03:14:55 PM,24619.2,0,0.0,135552334755.0
2025-08-01 03:14:56 PM,24620.0,900,22158000.0,135574492755.0
2025-08-01 03:14:57 PM,24622.5,375,9233437.5,135583726192.5
2025-08-01 03:14:57 PM,24620.0,300,7386000.0,135591112192.5
2025-08-01 03:14:58 PM,24622.9,0,0.0,135591112192.5
2025-08-01 03:14:58 PM,24622.9,525,12927022.5,135604039215.0
2025-08-01 03:14:58 PM,24620.0,0,0.0,135604039215.0
2025-08-01 03:14:59 PM,24623.0,0,0.0,135604039215.0
2025-08-01 03:14:59 PM,24620.0,675,16618500.0,135620657715.0
2025-08-01 03:15:00 PM,24620.3,225,5539567.5,135626197282.5
2025-08-01 03:15:01 PM,24624.0,1875,46170000.0,135672367282.5
2025-08-01 03:15:01 PM,24624.5,0,0.0,135672367282.5
2025-08-01 03:15:01 PM,24623.0,0,0.0,135672367282.5
2025-08-01 03:15:01 PM,24620.1,0,0.0,135672367282.5
2025-08-01 03:15:02 PM,24620.1,600,14772060.0,135687139342.5
2025-08-01 03:15:02 PM,24623.0,0,0.0,135687139342.5
2025-08-01 03:15:02 PM,24624.2,1575,38783115.0,135725922457.5
2025-08-01 03:15:03 PM,24620.0,0,0.0,135725922457.5
2025-08-01 03:15:03 PM,24620.0,1350,33237000.0,135759159457.5
2025-08-01 03:15:04 PM,24623.0,525,12927075.0,135772086532.5
2025-08-01 03:15:04 PM,24620.0,0,0.0,135772086532.5
2025-08-01 03:15:05 PM,24622.7,450,11080215.0,135783166747.5
2025-08-01 03:15:05 PM,24620.0,0,0.0,135783166747.5
2025-08-01 03:15:06 PM,24620.0,150,3693000.0,135786859747.5
2025-08-01 03:15:06 PM,24619.0,0,0.0,135786859747.5
2025-08-01 03:15:07 PM,24619.0,975,24003525.0,135810863272.5
2025-08-01 03:15:07 PM,24624.8,0,0.0,135810863272.5
2025-08-01 03:15:07 PM,24624.0,1800,44323200.0,135855186472.5
2025-08-01 03:15:08 PM,24622.4,0,0.0,135855186472.5
2025-08-01 03:15:08 PM,24619.0,450,11078550.0,135866265022.5
2025-08-01 03:15:08 PM,24622.0,0,0.0,135866265022.5
2025-08-01 03:15:09 PM,24620.0,0,0.0,135866265022.5
2025-08-01 03:15:09 PM,24619.0,300,7385700.0,135873650722.5
2025-08-01 03:15:11 PM,24622.9,375,9233587.5,135882884310.0
2025-08-01 03:15:11 PM,24622.8,0,0.0,135882884310.0
2025-08-01 03:15:11 PM,24619.0,0,0.0,135882884310.0
2025-08-01 03:15:12 PM,24619.0,375,9232125.0,135892116435.0
2025-08-01 03:15:12 PM,24619.0,450,11078550.0,135903194985.0
2025-08-01 03:15:12 PM,24621.9,0,0.0,135903194985.0
2025-08-01 03:15:13 PM,24621.9,525,12926497.5,135916121482.5
2025-08-01 03:15:14 PM,24619.0,375,9232125.0,135925353607.5
2025-08-01 03:15:14 PM,24621.8,0,0.0,135925353607.5
2025-08-01 03:15:15 PM,24621.8,150,3693270.0,135929046877.5
2025-08-01 03:15:15 PM,24620.0,0,0.0,135929046877.5
2025-08-01 03:15:16 PM,24620.0,225,5539500.0,135934586377.5
2025-08-01 03:15:16 PM,24621.9,0,0.0,135934586377.5
2025-08-01 03:15:17 PM,24621.9,600,14773140.0,135949359517.5
2025-08-01 03:15:17 PM,24620.0,600,14772000.0,135964131517.5
2025-08-01 03:15:18 PM,24621.9,0,0.0,135964131517.5
2025-08-01 03:15:18 PM,24620.0,450,11079000.0,135975210517.5
2025-08-01 03:15:19 PM,24621.7,0,0.0,135975210517.5
2025-08-01 03:15:19 PM,24620.0,300,7386000.0,135982596517.5
2025-08-01 03:15:20 PM,24619.0,1875,46160625.0,136028757142.5
2025-08-01 03:15:20 PM,24621.5,0,0.0,136028757142.5
2025-08-01 03:15:21 PM,24620.0,1125,27697500.0,136056454642.5
2025-08-01 03:15:21 PM,24615.1,0,0.0,136056454642.5
2025-08-01 03:15:21 PM,24619.0,0,0.0,136056454642.5
2025-08-01 03:15:22 PM,24619.0,1050,25849950.0,136082304592.5
2025-08-01 03:15:22 PM,24619.0,375,9232125.0,136091536717.5
2025-08-01 03:15:23 PM,24619.9,0,0.0,136091536717.5
2025-08-01 03:15:23 PM,24619.0,300,7385700.0,136098922417.5
2025-08-01 03:15:24 PM,24619.8,0,0.0,136098922417.5
2025-08-01 03:15:24 PM,24619.0,375,9232125.0,136108154542.5
2025-08-01 03:15:24 PM,24619.7,0,0.0,136108154542.5
2025-08-01 03:15:25 PM,24619.7,225,5539432.5,136113693975.0
2025-08-01 03:15:25 PM,24615.1,0,0.0,136113693975.0
2025-08-01 03:15:26 PM,24615.1,1350,33230384.999999996,136146924360.0
2025-08-01 03:15:26 PM,24619.0,0,0.0,136146924360.0
2025-08-01 03:15:27 PM,24619.0,450,11078550.0,136158002910.0
2025-08-01 03:15:27 PM,24619.0,150,3692850.0,136161695760.0
2025-08-01 03:15:28 PM,24619.7,0,0.0,136161695760.0
2025-08-01 03:15:28 PM,24619.7,525,12925342.5,136174621102.5
2025-08-01 03:15:29 PM,24619.0,0,0.0,136174621102.5
2025-08-01 03:15:29 PM,24619.0,225,5539275.0,136180160377.5
2025-08-01 03:15:29 PM,24619.7,0,0.0,136180160377.5
2025-08-01 03:15:30 PM,24619.0,0,0.0,136180160377.5
2025-08-01 03:15:30 PM,24619.0,2325,57239175.0,136237399552.5
2025-08-01 03:15:31 PM,24619.6,750,18464700.0,136255864252.5
2025-08-01 03:15:31 PM,24619.5,0,0.0,136255864252.5
2025-08-01 03:15:32 PM,24619.5,825,20311087.5,136276175340.0
2025-08-01 03:15:32 PM,24619.0,300,7385700.0,136283561040.0
2025-08-01 03:15:33 PM,24619.0,1275,31389225.0,136314950265.0
2025-08-01 03:15:34 PM,24619.7,0,0.0,136314950265.0
2025-08-01 03:15:34 PM,24619.0,375,9232125.0,136324182390.0
2025-08-01 03:15:36 PM,24619.0,300,7385700.0,136331568090.0
2025-08-01 03:15:36 PM,24619.2,0,0.0,136331568090.0
2025-08-01 03:15:37 PM,24619.2,2175,53546760.0,136385114850.0
2025-08-01 03:15:37 PM,24619.0,150,3692850.0,136388807700.0
2025-08-01 03:15:38 PM,24621.7,0,0.0,136388807700.0
2025-08-01 03:15:38 PM,24619.0,450,11078550.0,136399886250.0
2025-08-01 03:15:39 PM,24619.0,450,11078550.0,136410964800.0
2025-08-01 03:15:40 PM,24619.0,375,9232125.0,136420196925.0
2025-08-01 03:15:41 PM,24621.7,375,9233137.5,136429430062.5
2025-08-01 03:15:41 PM,24619.0,0,0.0,136429430062.5
2025-08-01 03:15:42 PM,24619.0,150,3692850.0,136433122912.5
2025-08-01 03:15:42 PM,24620.0,300,7386000.0,136440508912.5
2025-08-01 03:15:43 PM,24621.6,0,0.0,136440508912.5
2025-08-01 03:15:43 PM,24621.6,375,9233100.0,136449742012.5
2025-08-01 03:15:44 PM,24619.0,1350,33235650.0,136482977662.5
2025-08-01 03:15:45 PM,24619.0,150,3692850.0,136486670512.5
2025-08-01 03:15:45 PM,24620.0,0,0.0,136486670512.5
2025-08-01 03:15:46 PM,24620.0,525,12925500.0,136499596012.5
2025-08-01 03:15:46 PM,24621.5,0,0.0,136499596012.5
2025-08-01 03:15:47 PM,24621.5,375,9233062.5,136508829075.0
2025-08-01 03:15:47 PM,24619.1,0,0.0,136508829075.0
2025-08-01 03:15:47 PM,24619.1,225,5539297.5,136514368372.5
2025-08-01 03:15:48 PM,24621.5,0,0.0,136514368372.5
2025-08-01 03:15:48 PM,24624.9,1800,44324820.0,136558693192.5
2025-08-01 03:15:48 PM,24626.0,0,0.0,136558693192.5
2025-08-01 03:15:49 PM,24621.6,0,0.0,136558693192.5
2025-08-01 03:15:49 PM,24619.0,6150,151406850.0,136710100042.5
2025-08-01 03:15:51 PM,24620.0,1050,25851000.0,136735951042.5
2025-08-01 03:15:51 PM,24619.0,0,0.0,136735951042.5
2025-08-01 03:15:52 PM,24619.0,225,5539275.0,136741490317.5
2025-08-01 03:15:52 PM,24623.3,0,0.0,136741490317.5
2025-08-01 03:15:52 PM,24623.3,300,7386990.0,136748877307.5
2025-08-01 03:15:53 PM,24620.9,0,0.0,136748877307.5
2025-08-01 03:15:53 PM,24623.2,2250,55402200.0,136804279507.5
2025-08-01 03:15:54 PM,24620.6,375,9232725.0,136813512232.5
2025-08-01 03:15:54 PM,24620.3,0,0.0,136813512232.5
2025-08-01 03:15:55 PM,24624.7,0,0.0,136813512232.5
2025-08-01 03:15:55 PM,24624.8,450,11081160.0,136824593392.5
2025-08-01 03:15:55 PM,24620.0,0,0.0,136824593392.5
2025-08-01 03:15:56 PM,24620.0,300,7386000.0,136831979392.5
2025-08-01 03:15:56 PM,24623.9,0,0.0,136831979392.5
2025-08-01 03:15:56 PM,24623.4,0,0.0,136831979392.5
2025-08-01 03:15:57 PM,24623.4,450,11080530.0,136843059922.5
2025-08-01 03:15:57 PM,24619.0,0,0.0,136843059922.5
2025-08-01 03:15:57 PM,24619.0,525,12924975.0,136855984897.5
2025-08-01 03:15:58 PM,24622.1,0,0.0,136855984897.5
2025-08-01 03:15:58 PM,24619.0,300,7385700.0,136863370597.5
2025-08-01 03:15:58 PM,24622.1,0,0.0,136863370597.5
2025-08-01 03:15:59 PM,24619.0,0,0.0,136863370597.5
2025-08-01 03:15:59 PM,24619.0,300,7385700.0,136870756297.5
2025-08-01 03:16:00 PM,24620.0,0,0.0,136870756297.5
2025-08-01 03:16:01 PM,24620.0,300,7386000.0,136878142297.5
2025-08-01 03:16:02 PM,24620.0,300,7386000.0,136885528297.5
2025-08-01 03:16:02 PM,24619.0,0,0.0,136885528297.5
2025-08-01 03:16:02 PM,24619.0,900,22157100.0,136907685397.5
2025-08-01 03:16:03 PM,24620.0,0,0.0,136907685397.5
2025-08-01 03:16:03 PM,24620.0,150,3693000.0,136911378397.5
2025-08-01 03:16:04 PM,24620.0,75,1846500.0,136913224897.5
2025-08-01 03:16:05 PM,24620.0,300,7386000.0,136920610897.5
2025-08-01 03:16:05 PM,24619.0,0,0.0,136920610897.5
2025-08-01 03:16:06 PM,24619.0,225,5539275.0,136926150172.5
2025-08-01 03:16:07 PM,24619.0,225,5539275.0,136931689447.5
2025-08-01 03:16:07 PM,24620.0,0,0.0,136931689447.5
2025-08-01 03:16:07 PM,24620.0,75,1846500.0,136933535947.5
2025-08-01 03:16:08 PM,24620.0,75,1846500.0,136935382447.5
2025-08-01 03:16:09 PM,24619.0,0,0.0,136935382447.5
2025-08-01 03:16:09 PM,24620.0,300,7386000.0,136942768447.5
2025-08-01 03:16:09 PM,24619.0,0,0.0,136942768447.5
2025-08-01 03:16:10 PM,24619.0,150,3692850.0,136946461297.5
2025-08-01 03:16:11 PM,24620.0,1725,42469500.0,136988930797.5
2025-08-01 03:16:11 PM,24619.0,0,0.0,136988930797.5
2025-08-01 03:16:11 PM,24622.8,0,0.0,136988930797.5
2025-08-01 03:16:12 PM,24622.8,1800,44321040.0,137033251837.5
2025-08-01 03:16:13 PM,24621.3,0,0.0,137033251837.5
2025-08-01 03:16:13 PM,24621.2,0,0.0,137033251837.5
2025-08-01 03:16:13 PM,24621.2,1575,38778390.0,137072030227.5
2025-08-01 03:16:14 PM,24621.3,0,0.0,137072030227.5
2025-08-01 03:16:14 PM,24621.7,225,5539882.5,137077570110.0
2025-08-01 03:16:15 PM,24619.1,0,0.0,137077570110.0
2025-08-01 03:16:15 PM,24619.1,1350,33235784.999999996,137110805895.0
2025-08-01 03:16:15 PM,24622.6,0,0.0,137110805895.0
2025-08-01 03:16:16 PM,24622.6,75,1846695.0,137112652590.0
2025-08-01 03:16:16 PM,24619.1,0,0.0,137112652590.0
2025-08-01 03:16:16 PM,24619.0,450,11078550.0,137123731140.0
2025-08-01 03:16:17 PM,24620.0,0,0.0,137123731140.0
2025-08-01 03:16:17 PM,24620.0,1200,29544000.0,137153275140.0
2025-08-01 03:16:18 PM,24620.0,75,1846500.0,137155121640.0
2025-08-01 03:16:19 PM,24620.0,675,16618500.0,137171740140.0
2025-08-01 03:16:20 PM,24619.0,0,0.0,137171740140.0
2025-08-01 03:16:20 PM,24619.0,375,9232125.0,137180972265.0
2025-08-01 03:16:21 PM,24619.9,0,0.0,137180972265.0
2025-08-01 03:16:21 PM,24621.2,0,0.0,137180972265.0
2025-08-01 03:16:21 PM,24621.2,450,11079540.0,137192051805.0
2025-08-01 03:16:22 PM,24620.0,225,5539500.0,137197591305.0
2025-08-01 03:16:23 PM,24620.3,0,0.0,137197591305.0
2025-08-01 03:16:23 PM,24620.3,300,7386090.0,137204977395.0
2025-08-01 03:16:24 PM,24620.2,0,0.0,137204977395.0
2025-08-01 03:16:24 PM,24620.2,75,1846515.0,137206823910.0
2025-08-01 03:16:24 PM,24620.0,0,0.0,137206823910.0
2025-08-01 03:16:25 PM,24620.0,225,5539500.0,137212363410.0
2025-08-01 03:16:26 PM,24619.0,0,0.0,137212363410.0
2025-08-01 03:16:26 PM,24619.0,75,1846425.0,137214209835.0
2025-08-01 03:16:26 PM,24619.6,0,0.0,137214209835.0
2025-08-01 03:16:26 PM,24619.6,2700,66472919.99999999,137280682755.0
2025-08-01 03:16:27 PM,24619.4,300,7385820.0,137288068575.0
2025-08-01 03:16:28 PM,24619.5,0,0.0,137288068575.0
2025-08-01 03:16:28 PM,24619.0,750,18464250.0,137306532825.0
2025-08-01 03:16:29 PM,24619.2,5100,125557920.0,137432090745.0
2025-08-01 03:16:29 PM,24619.0,0,0.0,137432090745.0
2025-08-01 03:16:30 PM,24619.0,5175,127403325.0,137559494070.0
2025-08-01 03:16:31 PM,24619.0,4275,105246225.0,137664740295.0
2025-08-01 03:16:31 PM,24619.0,525,12924975.0,137677665270.0
2025-08-01 03:16:32 PM,24619.0,4125,101553375.0,137779218645.0
2025-08-01 03:16:33 PM,24619.0,4050,99706950.0,137878925595.0
2025-08-01 03:16:34 PM,24619.2,1350,33235920.0,137912161515.0
2025-08-01 03:16:34 PM,24619.0,0,0.0,137912161515.0
2025-08-01 03:16:35 PM,24619.0,600,14771400.0,137926932915.0
2025-08-01 03:16:35 PM,24619.1,0,0.0,137926932915.0
2025-08-01 03:16:36 PM,24619.1,375,9232162.5,137936165077.5
2025-08-01 03:16:36 PM,24619.0,0,0.0,137936165077.5
2025-08-01 03:16:36 PM,24619.0,2625,64624875.0,138000789952.5
2025-08-01 03:16:37 PM,24619.0,1950,48007050.0,138048797002.5
2025-08-01 03:16:38 PM,24619.3,0,0.0,138048797002.5
2025-08-01 03:16:38 PM,24619.0,1500,36928500.0,138085725502.5
2025-08-01 03:16:39 PM,24619.1,900,22157190.0,138107882692.5
2025-08-01 03:16:39 PM,24619.0,0,0.0,138107882692.5
2025-08-01 03:16:40 PM,24619.0,1950,48007050.0,138155889742.5
2025-08-01 03:16:41 PM,24619.0,75,1846425.0,138157736167.5
2025-08-01 03:16:41 PM,24619.8,0,0.0,138157736167.5
2025-08-01 03:16:41 PM,24619.8,150,3692970.0,138161429137.5
2025-08-01 03:16:42 PM,24620.0,0,0.0,138161429137.5
2025-08-01 03:16:42 PM,24619.0,1350,33235650.0,138194664787.5
2025-08-01 03:16:43 PM,24620.0,0,0.0,138194664787.5
2025-08-01 03:16:43 PM,24620.0,300,7386000.0,138202050787.5
2025-08-01 03:16:45 PM,24620.0,75,1846500.0,138203897287.5
2025-08-01 03:16:46 PM,24620.0,1125,27697500.0,138231594787.5
2025-08-01 03:16:46 PM,24619.0,0,0.0,138231594787.5
2025-08-01 03:16:46 PM,24619.0,75,1846425.0,138233441212.5
2025-08-01 03:16:47 PM,24620.0,0,0.0,138233441212.5
2025-08-01 03:16:47 PM,24619.9,600,14771940.0,138248213152.5
2025-08-01 03:16:48 PM,24619.6,0,0.0,138248213152.5
2025-08-01 03:16:48 PM,24620.0,1725,42469500.0,138290682652.5
2025-08-01 03:16:49 PM,24619.0,0,0.0,138290682652.5
2025-08-01 03:16:49 PM,24620.3,2700,66474810.0,138357157462.5
2025-08-01 03:16:49 PM,24619.0,0,0.0,138357157462.5
2025-08-01 03:16:50 PM,24615.0,0,0.0,138357157462.5
2025-08-01 03:16:50 PM,24615.0,2475,60922125.0,138418079587.5
2025-08-01 03:16:50 PM,24619.0,0,0.0,138418079587.5
2025-08-01 03:16:51 PM,24619.0,75,1846425.0,138419926012.5
2025-08-01 03:16:52 PM,24619.1,300,7385730.0,138427311742.5
2025-08-01 03:16:52 PM,24619.0,0,0.0,138427311742.5
2025-08-01 03:16:53 PM,24619.1,975,24003622.5,138451315365.0
2025-08-01 03:16:54 PM,24619.0,0,0.0,138451315365.0
2025-08-01 03:16:54 PM,24619.0,2475,60932025.0,138512247390.0
2025-08-01 03:16:54 PM,24618.0,0,0.0,138512247390.0
2025-08-01 03:16:55 PM,24614.4,0,0.0,138512247390.0
2025-08-01 03:16:55 PM,24614.4,825,20306880.0,138532554270.0
2025-08-01 03:16:55 PM,24616.9,0,0.0,138532554270.0
2025-08-01 03:16:56 PM,24616.9,150,3692535.0,138536246805.0
2025-08-01 03:16:56 PM,24616.8,0,0.0,138536246805.0
2025-08-01 03:16:56 PM,24616.6,0,0.0,138536246805.0
2025-08-01 03:16:57 PM,24616.6,1950,48002370.0,138584249175.0
2025-08-01 03:16:57 PM,24616.8,0,0.0,138584249175.0
2025-08-01 03:16:57 PM,24616.9,675,16616407.500000002,138600865582.5
2025-08-01 03:16:58 PM,24618.9,0,0.0,138600865582.5
2025-08-01 03:16:58 PM,24618.9,300,7385670.0,138608251252.5
2025-08-01 03:16:59 PM,24617.0,0,0.0,138608251252.5
2025-08-01 03:16:59 PM,24617.0,150,3692550.0,138611943802.5
2025-08-01 03:17:00 PM,24617.0,300,7385100.0,138619328902.5
2025-08-01 03:17:01 PM,24618.2,75,1846365.0,138621175267.5
2025-08-01 03:17:02 PM,24617.0,0,0.0,138621175267.5
2025-08-01 03:17:02 PM,24618.0,150,3692700.0,138624867967.5
2025-08-01 03:17:02 PM,24615.0,0,0.0,138624867967.5
2025-08-01 03:17:03 PM,24618.7,0,0.0,138624867967.5
2025-08-01 03:17:03 PM,24618.7,150,3692805.0,138628560772.5
2025-08-01 03:17:03 PM,24614.4,0,0.0,138628560772.5
2025-08-01 03:17:04 PM,24618.3,0,0.0,138628560772.5
2025-08-01 03:17:04 PM,24618.1,525,12924502.5,138641485275.0
2025-08-01 03:17:05 PM,24618.5,375,9231937.5,138650717212.5
2025-08-01 03:17:05 PM,24618.1,0,0.0,138650717212.5
2025-08-01 03:17:06 PM,24612.7,300,7383810.0,138658101022.5
2025-08-01 03:17:06 PM,24618.9,0,0.0,138658101022.5
2025-08-01 03:17:07 PM,24618.1,375,9231787.5,138667332810.0
2025-08-01 03:17:07 PM,24618.9,150,3692835.0,138671025645.0
2025-08-01 03:17:08 PM,24618.8,0,0.0,138671025645.0
2025-08-01 03:17:08 PM,24618.8,75,1846410.0,138672872055.0
2025-08-01 03:17:08 PM,24618.9,0,0.0,138672872055.0
2025-08-01 03:17:09 PM,24618.9,225,5539252.5,138678411307.5
2025-08-01 03:17:10 PM,24618.2,0,0.0,138678411307.5
2025-08-01 03:17:10 PM,24618.2,225,5539095.0,138683950402.5
2025-08-01 03:17:10 PM,24619.9,0,0.0,138683950402.5
2025-08-01 03:17:11 PM,24619.9,900,22157910.0,138706108312.5
2025-08-01 03:17:12 PM,24619.9,225,5539477.5,138711647790.0
2025-08-01 03:17:12 PM,24619.9,150,3692985.0,138715340775.0
2025-08-01 03:17:12 PM,24618.5,0,0.0,138715340775.0
2025-08-01 03:17:13 PM,24619.9,0,0.0,138715340775.0
2025-08-01 03:17:13 PM,24618.8,225,5539230.0,138720880005.0
2025-08-01 03:17:14 PM,24619.9,0,0.0,138720880005.0
2025-08-01 03:17:14 PM,24619.9,300,7385970.0,138728265975.0
2025-08-01 03:17:15 PM,24619.9,375,9232462.5,138737498437.5
2025-08-01 03:17:15 PM,24618.8,0,0.0,138737498437.5
2025-08-01 03:17:16 PM,24618.2,375,9231825.0,138746730262.5
2025-08-01 03:17:16 PM,24619.9,0,0.0,138746730262.5
2025-08-01 03:17:16 PM,24619.0,0,0.0,138746730262.5
2025-08-01 03:17:17 PM,24619.9,225,5539477.5,138752269740.0
2025-08-01 03:17:17 PM,24619.9,75,1846492.5,138754116232.5
2025-08-01 03:17:18 PM,24618.8,300,7385640.0,138761501872.5
2025-08-01 03:17:19 PM,24619.9,225,5539477.5,138767041350.0
2025-08-01 03:17:20 PM,24619.9,75,1846492.5,138768887842.5
2025-08-01 03:17:21 PM,24618.8,525,12924870.0,138781812712.5
2025-08-01 03:17:21 PM,24618.0,0,0.0,138781812712.5
2025-08-01 03:17:22 PM,24618.0,75,1846350.0,138783659062.5
2025-08-01 03:17:22 PM,24615.8,375,9230925.0,138792889987.5
2025-08-01 03:17:23 PM,24620.0,0,0.0,138792889987.5
2025-08-01 03:17:23 PM,24620.0,225,5539500.0,138798429487.5
2025-08-01 03:17:24 PM,24616.5,0,0.0,138798429487.5
2025-08-01 03:17:24 PM,24616.5,75,1846237.5,138800275725.0
2025-08-01 03:17:24 PM,24616.2,0,0.0,138800275725.0
2025-08-01 03:17:25 PM,24616.2,75,1846215.0,138802121940.0
2025-08-01 03:17:25 PM,24616.5,0,0.0,138802121940.0
2025-08-01 03:17:26 PM,24616.5,300,7384950.0,138809506890.0
2025-08-01 03:17:27 PM,24619.9,0,0.0,138809506890.0
2025-08-01 03:17:27 PM,24619.9,75,1846492.5,138811353382.5
2025-08-01 03:17:28 PM,24619.9,300,7385970.0,138818739352.5
2025-08-01 03:17:30 PM,24618.8,0,0.0,138818739352.5
2025-08-01 03:17:30 PM,24619.0,0,0.0,138818739352.5
2025-08-01 03:17:31 PM,24619.0,300,7385700.0,138826125052.5
2025-08-01 03:17:31 PM,24619.9,0,0.0,138826125052.5
2025-08-01 03:17:32 PM,24619.9,75,1846492.5,138827971545.0
2025-08-01 03:17:32 PM,24618.0,0,0.0,138827971545.0
2025-08-01 03:17:33 PM,24619.9,0,0.0,138827971545.0
2025-08-01 03:17:33 PM,24619.9,975,24004402.5,138851975947.5
2025-08-01 03:17:34 PM,24616.0,75,1846200.0,138853822147.5
2025-08-01 03:17:35 PM,24619.9,0,0.0,138853822147.5
2025-08-01 03:17:36 PM,24619.9,150,3692985.0,138857515132.5
2025-08-01 03:17:37 PM,24619.9,1275,31390372.5,138888905505.0
2025-08-01 03:17:38 PM,24620.0,0,0.0,138888905505.0
2025-08-01 03:17:38 PM,24620.0,225,5539500.0,138894445005.0
2025-08-01 03:17:39 PM,24618.0,0,0.0,138894445005.0
2025-08-01 03:17:40 PM,24618.0,150,3692700.0,138898137705.0
2025-08-01 03:17:40 PM,24619.9,0,0.0,138898137705.0
2025-08-01 03:17:41 PM,24618.0,375,9231750.0,138907369455.0
2025-08-01 03:17:41 PM,24620.4,0,0.0,138907369455.0
2025-08-01 03:17:42 PM,24620.4,150,3693060.0,138911062515.0
2025-08-01 03:17:42 PM,24618.1,0,0.0,138911062515.0
2025-08-01 03:17:42 PM,24618.1,450,11078145.0,138922140660.0
2025-08-01 03:17:42 PM,24619.9,0,0.0,138922140660.0
2025-08-01 03:17:43 PM,24619.9,750,18464925.0,138940605585.0
2025-08-01 03:17:46 PM,24619.9,1275,31390372.5,138971995957.5
2025-08-01 03:17:46 PM,24618.3,0,0.0,138971995957.5
2025-08-01 03:17:47 PM,24618.3,600,14770980.0,138986766937.5
2025-08-01 03:17:47 PM,24618.0,675,16617150.0,139003384087.5
2025-08-01 03:17:48 PM,24618.1,0,0.0,139003384087.5
2025-08-01 03:17:48 PM,24618.3,525,12924607.5,139016308695.0
2025-08-01 03:17:48 PM,24618.1,0,0.0,139016308695.0
2025-08-01 03:17:49 PM,24618.3,0,0.0,139016308695.0
2025-08-01 03:17:49 PM,24618.3,300,7385490.0,139023694185.0
2025-08-01 03:17:50 PM,24618.3,75,1846372.5,139025540557.5
2025-08-01 03:17:50 PM,24618.1,0,0.0,139025540557.5
2025-08-01 03:17:51 PM,24618.1,3300,81239730.0,139106780287.5
2025-08-01 03:17:52 PM,24618.1,300,7385430.0,139114165717.5
2025-08-01 03:17:52 PM,24619.9,150,3692985.0,139117858702.5
2025-08-01 03:17:53 PM,24619.9,150,3692985.0,139121551687.5
2025-08-01 03:17:56 PM,24618.0,0,0.0,139121551687.5
2025-08-01 03:17:57 PM,24618.0,1050,25848900.0,139147400587.5
2025-08-01 03:17:57 PM,24618.1,300,7385430.0,139154786017.5
2025-08-01 03:17:57 PM,24618.0,0,0.0,139154786017.5
2025-08-01 03:17:58 PM,24618.1,0,0.0,139154786017.5
2025-08-01 03:17:58 PM,24618.1,300,7385430.0,139162171447.5
2025-08-01 03:17:59 PM,24618.1,150,3692715.0,139165864162.5
2025-08-01 03:18:00 PM,24618.0,0,0.0,139165864162.5
2025-08-01 03:18:00 PM,24618.1,150,3692715.0,139169556877.5
2025-08-01 03:18:01 PM,24618.1,75,1846357.5,139171403235.0
2025-08-01 03:18:01 PM,24618.0,0,0.0,139171403235.0
2025-08-01 03:18:02 PM,24618.0,1050,25848900.0,139197252135.0
2025-08-01 03:18:02 PM,24616.0,750,18462000.0,139215714135.0
2025-08-01 03:18:03 PM,24618.0,0,0.0,139215714135.0
2025-08-01 03:18:03 PM,24618.0,225,5539050.0,139221253185.0
2025-08-01 03:18:04 PM,24618.0,150,3692700.0,139224945885.0
2025-08-01 03:18:05 PM,24616.0,0,0.0,139224945885.0
2025-08-01 03:18:05 PM,24616.0,150,3692400.0,139228638285.0
2025-08-01 03:18:06 PM,24616.1,0,0.0,139228638285.0
2025-08-01 03:18:07 PM,24616.1,375,9231037.5,139237869322.5
2025-08-01 03:18:07 PM,24616.1,150,3692415.0,139241561737.5
2025-08-01 03:18:08 PM,24616.1,825,20308282.5,139261870020.0
2025-08-01 03:18:09 PM,24616.0,0,0.0,139261870020.0
2025-08-01 03:18:09 PM,24616.0,675,16615800.0,139278485820.0
2025-08-01 03:18:09 PM,24615.0,0,0.0,139278485820.0
2025-08-01 03:18:10 PM,24616.0,0,0.0,139278485820.0
2025-08-01 03:18:10 PM,24616.0,300,7384800.0,139285870620.0
2025-08-01 03:18:11 PM,24616.0,150,3692400.0,139289563020.0
2025-08-01 03:18:12 PM,24612.9,0,0.0,139289563020.0
2025-08-01 03:18:12 PM,24614.0,675,16614450.0,139306177470.0
2025-08-01 03:18:12 PM,24614.0,75,1846050.0,139308023520.0
2025-08-01 03:18:13 PM,24613.3,0,0.0,139308023520.0
2025-08-01 03:18:13 PM,24614.0,375,9230250.0,139317253770.0
2025-08-01 03:18:14 PM,24614.0,600,14768400.0,139332022170.0
2025-08-01 03:18:15 PM,24612.9,0,0.0,139332022170.0
2025-08-01 03:18:15 PM,24614.0,300,7384200.0,139339406370.0
2025-08-01 03:18:15 PM,24613.9,0,0.0,139339406370.0
2025-08-01 03:18:16 PM,24616.0,3225,79386600.0,139418792970.0
2025-08-01 03:18:16 PM,24613.3,0,0.0,139418792970.0
2025-08-01 03:18:17 PM,24613.9,525,12922297.5,139431715267.5
2025-08-01 03:18:17 PM,24613.9,375,9230212.5,139440945480.0
2025-08-01 03:18:17 PM,24612.7,0,0.0,139440945480.0
2025-08-01 03:18:18 PM,24613.9,0,0.0,139440945480.0
2025-08-01 03:18:18 PM,24613.9,675,16614382.500000002,139457559862.5
2025-08-01 03:18:19 PM,24613.9,375,9230212.5,139466790075.0
2025-08-01 03:18:20 PM,24613.9,375,9230212.5,139476020287.5
2025-08-01 03:18:22 PM,24612.5,0,0.0,139476020287.5
2025-08-01 03:18:22 PM,24612.5,975,23997187.5,139500017475.0
2025-08-01 03:18:22 PM,24612.5,1125,27689062.5,139527706537.5
2025-08-01 03:18:23 PM,24613.9,0,0.0,139527706537.5
2025-08-01 03:18:23 PM,24613.9,1200,29536680.0,139557243217.5
2025-08-01 03:18:24 PM,24613.9,300,7384170.0,139564627387.5
2025-08-01 03:18:25 PM,24613.5,0,0.0,139564627387.5
2025-08-01 03:18:25 PM,24613.9,0,0.0,139564627387.5
2025-08-01 03:18:25 PM,24613.5,1350,33228225.0,139597855612.5
2025-08-01 03:18:25 PM,24612.6,1125,27689175.0,139625544787.5
2025-08-01 03:18:27 PM,24612.6,1200,29535120.0,139655079907.5
2025-08-01 03:18:27 PM,24612.3,1125,27688837.5,139682768745.0
2025-08-01 03:18:28 PM,24613.9,0,0.0,139682768745.0
2025-08-01 03:18:28 PM,24613.9,450,11076255.0,139693845000.0
2025-08-01 03:18:29 PM,24613.1,375,9229912.5,139703074912.5
2025-08-01 03:18:30 PM,24612.8,0,0.0,139703074912.5
2025-08-01 03:18:30 PM,24614.0,0,0.0,139703074912.5
2025-08-01 03:18:30 PM,24614.0,300,7384200.0,139710459112.5
2025-08-01 03:18:30 PM,24615.0,150,3692250.0,139714151362.5
2025-08-01 03:18:32 PM,24615.0,225,5538375.0,139719689737.5
2025-08-01 03:18:33 PM,24615.0,75,1846125.0,139721535862.5
2025-08-01 03:18:34 PM,24613.1,0,0.0,139721535862.5
2025-08-01 03:18:34 PM,24615.0,150,3692250.0,139725228112.5
2025-08-01 03:18:35 PM,24615.0,150,3692250.0,139728920362.5
2025-08-01 03:18:37 PM,24613.0,0,0.0,139728920362.5
2025-08-01 03:18:37 PM,24613.0,825,20305725.0,139749226087.5
2025-08-01 03:18:37 PM,24612.5,1350,33226875.0,139782452962.5
2025-08-01 03:18:38 PM,24613.2,0,0.0,139782452962.5
2025-08-01 03:18:38 PM,24613.2,75,1845990.0,139784298952.5
2025-08-01 03:18:40 PM,24613.0,0,0.0,139784298952.5
2025-08-01 03:18:40 PM,24613.0,600,14767800.0,139799066752.5
2025-08-01 03:18:41 PM,24613.2,0,0.0,139799066752.5
2025-08-01 03:18:42 PM,24613.0,0,0.0,139799066752.5
2025-08-01 03:18:42 PM,24613.0,900,22151700.0,139821218452.5
2025-08-01 03:18:43 PM,24613.2,0,0.0,139821218452.5
2025-08-01 03:18:43 PM,24615.0,0,0.0,139821218452.5
2025-08-01 03:18:43 PM,24618.1,7650,188328465.0,140009546917.5
2025-08-01 03:18:44 PM,24618.1,225,5539072.5,140015085990.0
2025-08-01 03:18:45 PM,24618.1,150,3692715.0,140018778705.0
2025-08-01 03:18:45 PM,24615.5,300,7384650.0,140026163355.0
2025-08-01 03:18:47 PM,24614.9,225,5538352.5,140031701707.5
2025-08-01 03:18:47 PM,24618.1,0,0.0,140031701707.5
2025-08-01 03:18:47 PM,24618.1,75,1846357.5,140033548065.0
2025-08-01 03:18:48 PM,24619.0,0,0.0,140033548065.0
2025-08-01 03:18:48 PM,24618.8,0,0.0,140033548065.0
2025-08-01 03:18:48 PM,24615.0,300,7384500.0,140040932565.0
2025-08-01 03:18:50 PM,24619.0,0,0.0,140040932565.0
2025-08-01 03:18:50 PM,24619.0,225,5539275.0,140046471840.0
2025-08-01 03:18:51 PM,24615.0,0,0.0,140046471840.0
2025-08-01 03:18:52 PM,24615.5,0,0.0,140046471840.0
2025-08-01 03:18:52 PM,24615.6,1575,38769570.0,140085241410.0
2025-08-01 03:18:52 PM,24618.4,0,0.0,140085241410.0
2025-08-01 03:18:52 PM,24618.4,150,3692760.0,140088934170.0
2025-08-01 03:18:53 PM,24618.4,75,1846380.0,140090780550.0
2025-08-01 03:18:54 PM,24618.4,150,3692760.0,140094473310.0
2025-08-01 03:18:54 PM,24614.8,0,0.0,140094473310.0
2025-08-01 03:18:55 PM,24617.0,0,0.0,140094473310.0
2025-08-01 03:18:55 PM,24617.0,450,11077650.0,140105550960.0
2025-08-01 03:18:56 PM,24615.1,75,1846132.5,140107397092.5
2025-08-01 03:18:57 PM,24615.2,0,0.0,140107397092.5
2025-08-01 03:18:57 PM,24615.2,975,23999820.0,140131396912.5
2025-08-01 03:18:57 PM,24615.2,300,7384560.0,140138781472.5
2025-08-01 03:18:58 PM,24615.1,0,0.0,140138781472.5
2025-08-01 03:18:58 PM,24615.2,0,0.0,140138781472.5
2025-08-01 03:18:58 PM,24615.2,225,5538420.0,140144319892.5
2025-08-01 03:19:00 PM,24615.2,8100,199383120.0,140343703012.5
2025-08-01 03:19:01 PM,24614.4,300,7384320.0,140351087332.5
2025-08-01 03:19:01 PM,24614.3,0,0.0,140351087332.5
2025-08-01 03:19:02 PM,24614.4,0,0.0,140351087332.5
2025-08-01 03:19:02 PM,24614.4,1425,35075520.0,140386162852.5
2025-08-01 03:19:03 PM,24615.2,0,0.0,140386162852.5
2025-08-01 03:19:03 PM,24615.2,2175,53538060.0,140439700912.5
2025-08-01 03:19:04 PM,24615.2,150,3692280.0,140443393192.5
2025-08-01 03:19:05 PM,24617.0,0,0.0,140443393192.5
2025-08-01 03:19:05 PM,24616.6,2400,59079840.0,140502473032.5
2025-08-01 03:19:06 PM,24617.0,675,16616475.0,140519089507.5
2025-08-01 03:19:06 PM,24619.0,0,0.0,140519089507.5
2025-08-01 03:19:07 PM,24619.0,1275,31389225.0,140550478732.5
2025-08-01 03:19:07 PM,24618.4,0,0.0,140550478732.5
2025-08-01 03:19:07 PM,24619.0,225,5539275.0,140556018007.5
2025-08-01 03:19:08 PM,24619.2,0,0.0,140556018007.5
2025-08-01 03:19:08 PM,24620.2,3225,79400145.0,140635418152.5
2025-08-01 03:19:09 PM,24622.0,0,0.0,140635418152.5
2025-08-01 03:19:09 PM,24622.0,450,11079900.0,140646498052.5
2025-08-01 03:19:09 PM,24621.4,0,0.0,140646498052.5
2025-08-01 03:19:10 PM,24619.1,0,0.0,140646498052.5
2025-08-01 03:19:10 PM,24619.1,2475,60932272.5,140707430325.0
2025-08-01 03:19:11 PM,24622.1,300,7386630.0,140714816955.0
2025-08-01 03:19:12 PM,24622.2,0,0.0,140714816955.0
2025-08-01 03:19:12 PM,24622.2,825,20313315.0,140735130270.0
2025-08-01 03:19:12 PM,24621.8,0,0.0,140735130270.0
2025-08-01 03:19:12 PM,24621.8,75,1846635.0,140736976905.0
2025-08-01 03:19:13 PM,24622.1,0,0.0,140736976905.0
2025-08-01 03:19:13 PM,24621.1,375,9232912.5,140746209817.5
2025-08-01 03:19:15 PM,24622.1,0,0.0,140746209817.5
2025-08-01 03:19:15 PM,24621.8,0,0.0,140746209817.5
2025-08-01 03:19:15 PM,24621.8,1350,33239430.0,140779449247.5
2025-08-01 03:19:16 PM,24622.1,0,0.0,140779449247.5
2025-08-01 03:19:17 PM,24621.4,2325,57244755.0,140836694002.5
2025-08-01 03:19:17 PM,24624.0,0,0.0,140836694002.5
2025-08-01 03:19:17 PM,24624.0,375,9234000.0,140845928002.5
2025-08-01 03:19:18 PM,24621.8,300,7386540.0,140853314542.5
2025-08-01 03:19:19 PM,24622.0,0,0.0,140853314542.5
2025-08-01 03:19:19 PM,24624.0,225,5540400.0,140858854942.5
2025-08-01 03:19:20 PM,24624.0,150,3693600.0,140862548542.5
2025-08-01 03:19:21 PM,24623.1,0,0.0,140862548542.5
2025-08-01 03:19:21 PM,24623.1,225,5540197.5,140868088740.0
2025-08-01 03:19:21 PM,24624.0,0,0.0,140868088740.0
2025-08-01 03:19:22 PM,24624.0,75,1846800.0,140869935540.0
2025-08-01 03:19:22 PM,24624.9,0,0.0,140869935540.0
2025-08-01 03:19:22 PM,24624.9,525,12928072.5,140882863612.5
2025-08-01 03:19:23 PM,24625.0,4500,110812500.0,140993676112.5
2025-08-01 03:19:24 PM,24625.0,1050,25856250.0,141019532362.5
2025-08-01 03:19:25 PM,24626.0,0,0.0,141019532362.5
2025-08-01 03:19:25 PM,24625.8,0,0.0,141019532362.5
2025-08-01 03:19:25 PM,24626.0,375,9234750.0,141028767112.5
2025-08-01 03:19:26 PM,24628.0,0,0.0,141028767112.5
2025-08-01 03:19:26 PM,24628.0,1125,27706500.0,141056473612.5
2025-08-01 03:19:26 PM,24627.4,0,0.0,141056473612.5
2025-08-01 03:19:27 PM,24628.2,0,0.0,141056473612.5
2025-08-01 03:19:27 PM,24628.2,675,16624035.0,141073097647.5
2025-08-01 03:19:27 PM,24628.9,0,0.0,141073097647.5
2025-08-01 03:19:27 PM,24626.2,525,12928755.0,141086026402.5
2025-08-01 03:19:28 PM,24627.4,0,0.0,141086026402.5
2025-08-01 03:19:28 PM,24628.3,0,0.0,141086026402.5
2025-08-01 03:19:28 PM,24628.3,375,9235612.5,141095262015.0
2025-08-01 03:19:29 PM,24629.0,0,0.0,141095262015.0
2025-08-01 03:19:29 PM,24629.0,300,7388700.0,141102650715.0
2025-08-01 03:19:30 PM,24627.4,0,0.0,141102650715.0
2025-08-01 03:19:30 PM,24627.4,75,1847055.0,141104497770.0
2025-08-01 03:19:30 PM,24629.0,300,7388700.0,141111886470.0
2025-08-01 03:19:31 PM,24628.3,0,0.0,141111886470.0
2025-08-01 03:19:32 PM,24629.0,0,0.0,141111886470.0
2025-08-01 03:19:32 PM,24629.0,450,11083050.0,141122969520.0
2025-08-01 03:19:32 PM,24628.3,0,0.0,141122969520.0
2025-08-01 03:19:32 PM,24628.3,75,1847122.5,141124816642.5
2025-08-01 03:19:33 PM,24629.0,0,0.0,141124816642.5
2025-08-01 03:19:33 PM,24629.0,75,1847175.0,141126663817.5
2025-08-01 03:19:35 PM,24628.0,0,0.0,141126663817.5
2025-08-01 03:19:35 PM,24629.0,0,0.0,141126663817.5
2025-08-01 03:19:35 PM,24629.0,1650,40637850.0,141167301667.5
2025-08-01 03:19:35 PM,24629.0,75,1847175.0,141169148842.5
2025-08-01 03:19:37 PM,24626.6,0,0.0,141169148842.5
2025-08-01 03:19:37 PM,24626.6,1800,44327880.0,141213476722.5
2025-08-01 03:19:37 PM,24626.6,150,3693990.0,141217170712.5
2025-08-01 03:19:38 PM,24625.6,0,0.0,141217170712.5
2025-08-01 03:19:38 PM,24626.6,0,0.0,141217170712.5
2025-08-01 03:19:38 PM,24626.6,300,7387980.0,141224558692.5
2025-08-01 03:19:39 PM,24626.0,75,1846950.0,141226405642.5
2025-08-01 03:19:40 PM,24626.6,0,0.0,141226405642.5
2025-08-01 03:19:40 PM,24626.6,675,16622954.999999998,141243028597.5
2025-08-01 03:19:40 PM,24626.6,300,7387980.0,141250416577.5
2025-08-01 03:19:41 PM,24625.0,0,0.0,141250416577.5
2025-08-01 03:19:42 PM,24626.6,0,0.0,141250416577.5
2025-08-01 03:19:42 PM,24626.6,1875,46174875.0,141296591452.5
2025-08-01 03:19:42 PM,24626.5,0,0.0,141296591452.5
2025-08-01 03:19:42 PM,24626.5,300,7387950.0,141303979402.5
2025-08-01 03:19:43 PM,24626.5,375,9234937.5,141313214340.0
2025-08-01 03:19:44 PM,24625.0,375,9234375.0,141322448715.0
2025-08-01 03:19:45 PM,24626.4,0,0.0,141322448715.0
2025-08-01 03:19:45 PM,24625.0,0,0.0,141322448715.0
2025-08-01 03:19:45 PM,24625.0,375,9234375.0,141331683090.0
2025-08-01 03:19:45 PM,24625.0,75,1846875.0,141333529965.0
2025-08-01 03:19:46 PM,24626.5,0,0.0,141333529965.0
2025-08-01 03:19:46 PM,24626.0,0,0.0,141333529965.0
2025-08-01 03:19:47 PM,24625.0,0,0.0,141333529965.0
2025-08-01 03:19:47 PM,24625.0,1500,36937500.0,141370467465.0
2025-08-01 03:19:47 PM,24625.0,225,5540625.0,141376008090.0
2025-08-01 03:19:48 PM,24622.0,525,12926550.0,141388934640.0
2025-08-01 03:19:49 PM,24625.0,225,5540625.0,141394475265.0
2025-08-01 03:19:50 PM,24624.8,0,0.0,141394475265.0
2025-08-01 03:19:50 PM,24624.2,0,0.0,141394475265.0
2025-08-01 03:19:50 PM,24624.2,2250,55404450.0,141449879715.0
2025-08-01 03:19:50 PM,24619.5,75,1846462.5,141451726177.5
2025-08-01 03:19:52 PM,24619.4,0,0.0,141451726177.5
2025-08-01 03:19:52 PM,24619.4,2025,49854285.0,141501580462.5
2025-08-01 03:19:52 PM,24619.4,225,5539365.0,141507119827.5
2025-08-01 03:19:53 PM,24619.0,225,5539275.0,141512659102.5
2025-08-01 03:19:54 PM,24619.4,0,0.0,141512659102.5
2025-08-01 03:19:54 PM,24619.4,150,3692910.0,141516352012.5
2025-08-01 03:19:55 PM,24619.0,0,0.0,141516352012.5
2025-08-01 03:19:55 PM,24619.4,0,0.0,141516352012.5
2025-08-01 03:19:55 PM,24619.4,450,11078730.0,141527430742.5
2025-08-01 03:19:55 PM,24619.4,75,1846455.0,141529277197.5
2025-08-01 03:19:57 PM,24618.0,0,0.0,141529277197.5
2025-08-01 03:19:57 PM,24618.0,300,7385400.0,141536662597.5
2025-08-01 03:19:57 PM,24618.0,1050,25848900.0,141562511497.5
2025-08-01 03:19:58 PM,24615.1,0,0.0,141562511497.5
2025-08-01 03:19:58 PM,24618.0,600,14770800.0,141577282297.5
2025-08-01 03:19:59 PM,24615.8,0,0.0,141577282297.5
2025-08-01 03:19:59 PM,24615.8,225,5538555.0,141582820852.5
2025-08-01 03:20:00 PM,24618.0,0,0.0,141582820852.5
2025-08-01 03:20:00 PM,24618.0,2850,70161300.0,141652982152.5
2025-08-01 03:20:00 PM,24619.4,0,0.0,141652982152.5
2025-08-01 03:20:00 PM,24619.4,825,20311005.0,141673293157.5
2025-08-01 03:20:01 PM,24620.0,0,0.0,141673293157.5
2025-08-01 03:20:02 PM,24624.9,0,0.0,141673293157.5
2025-08-01 03:20:02 PM,24621.0,2400,59090400.0,141732383557.5
2025-08-01 03:20:02 PM,24621.3,0,0.0,141732383557.5
2025-08-01 03:20:02 PM,24624.9,525,12928072.5,141745311630.0
2025-08-01 03:20:03 PM,24622.8,0,0.0,141745311630.0
2025-08-01 03:20:03 PM,24624.9,1125,27703012.5,141773014642.5
2025-08-01 03:20:04 PM,24623.0,0,0.0,141773014642.5
2025-08-01 03:20:04 PM,24623.0,300,7386900.0,141780401542.5
2025-08-01 03:20:05 PM,24623.0,1200,29547600.0,141809949142.5
2025-08-01 03:20:06 PM,24621.9,0,0.0,141809949142.5
2025-08-01 03:20:07 PM,24622.8,0,0.0,141809949142.5
2025-08-01 03:20:07 PM,24622.7,3300,81254910.0,141891204052.5
2025-08-01 03:20:07 PM,24622.8,0,0.0,141891204052.5
2025-08-01 03:20:07 PM,24622.8,825,20313810.0,141911517862.5
2025-08-01 03:20:08 PM,24628.0,2550,62801400.0,141974319262.5
2025-08-01 03:20:09 PM,24623.0,0,0.0,141974319262.5
2025-08-01 03:20:09 PM,24623.0,1275,31394325.0,142005713587.5
2025-08-01 03:20:09 PM,24628.0,0,0.0,142005713587.5
2025-08-01 03:20:10 PM,24622.6,0,0.0,142005713587.5
2025-08-01 03:20:10 PM,24622.6,150,3693390.0,142009406977.5
2025-08-01 03:20:10 PM,24625.0,0,0.0,142009406977.5
2025-08-01 03:20:10 PM,24625.0,75,1846875.0,142011253852.5
2025-08-01 03:20:11 PM,24622.8,225,5540130.0,142016793982.5
2025-08-01 03:20:12 PM,24620.5,0,0.0,142016793982.5
2025-08-01 03:20:12 PM,24620.5,1650,40623825.0,142057417807.5
2025-08-01 03:20:13 PM,24620.6,0,0.0,142057417807.5
2025-08-01 03:20:13 PM,24625.0,0,0.0,142057417807.5
2025-08-01 03:20:13 PM,24621.3,1050,25852365.0,142083270172.5
2025-08-01 03:20:15 PM,24624.0,0,0.0,142083270172.5
2025-08-01 03:20:15 PM,24622.9,150,3693435.0,142086963607.5
2025-08-01 03:20:15 PM,24623.6,0,0.0,142086963607.5
2025-08-01 03:20:15 PM,24623.6,150,3693540.0,142090657147.5
2025-08-01 03:20:16 PM,24622.8,75,1846710.0,142092503857.5
2025-08-01 03:20:17 PM,24622.0,75,1846650.0,142094350507.5
2025-08-01 03:20:18 PM,24623.0,0,0.0,142094350507.5
2025-08-01 03:20:18 PM,24623.0,75,1846725.0,142096197232.5
2025-08-01 03:20:19 PM,24622.8,0,0.0,142096197232.5
2025-08-01 03:20:19 PM,24622.0,300,7386600.0,142103583832.5
2025-08-01 03:20:20 PM,24620.3,0,0.0,142103583832.5
2025-08-01 03:20:20 PM,24620.3,1725,42470017.5,142146053850.0
2025-08-01 03:20:20 PM,24623.0,0,0.0,142146053850.0
2025-08-01 03:20:20 PM,24623.0,150,3693450.0,142149747300.0
2025-08-01 03:20:21 PM,24621.9,0,0.0,142149747300.0
2025-08-01 03:20:21 PM,24623.0,0,0.0,142149747300.0
2025-08-01 03:20:21 PM,24621.9,2925,72019057.5,142221766357.5
2025-08-01 03:20:22 PM,24621.4,0,0.0,142221766357.5
2025-08-01 03:20:22 PM,24623.0,600,14773800.0,142236540157.5
2025-08-01 03:20:23 PM,24621.7,0,0.0,142236540157.5
2025-08-01 03:20:23 PM,24621.7,825,20312902.5,142256853060.0
2025-08-01 03:20:24 PM,24621.5,0,0.0,142256853060.0
2025-08-01 03:20:24 PM,24621.5,225,5539837.5,142262392897.5
2025-08-01 03:20:24 PM,24621.1,0,0.0,142262392897.5
2025-08-01 03:20:25 PM,24620.0,0,0.0,142262392897.5
2025-08-01 03:20:25 PM,24621.5,825,20312737.5,142282705635.0
2025-08-01 03:20:25 PM,24619.1,225,5539297.5,142288244932.5
2025-08-01 03:20:26 PM,24619.2,0,0.0,142288244932.5
2025-08-01 03:20:26 PM,24619.2,2550,62778960.0,142351023892.5
2025-08-01 03:20:27 PM,24625.0,1800,44325000.0,142395348892.5
2025-08-01 03:20:27 PM,24619.5,0,0.0,142395348892.5
2025-08-01 03:20:28 PM,24624.9,0,0.0,142395348892.5
2025-08-01 03:20:28 PM,24624.9,600,14774940.0,142410123832.5
2025-08-01 03:20:29 PM,24625.0,75,1846875.0,142411970707.5
2025-08-01 03:20:30 PM,24621.1,0,0.0,142411970707.5
2025-08-01 03:20:30 PM,24621.1,300,7386330.0,142419357037.5
2025-08-01 03:20:30 PM,24622.0,150,3693300.0,142423050337.5
2025-08-01 03:20:31 PM,24622.2,0,0.0,142423050337.5
2025-08-01 03:20:31 PM,24625.0,150,3693750.0,142426744087.5
2025-08-01 03:20:32 PM,24621.2,0,0.0,142426744087.5
2025-08-01 03:20:32 PM,24625.0,150,3693750.0,142430437837.5
2025-08-01 03:20:33 PM,24624.0,0,0.0,142430437837.5
2025-08-01 03:20:33 PM,24624.0,375,9234000.0,142439671837.5
2025-08-01 03:20:34 PM,24620.1,0,0.0,142439671837.5
2025-08-01 03:20:34 PM,24624.0,225,5540400.0,142445212237.5
2025-08-01 03:20:35 PM,24619.5,0,0.0,142445212237.5
2025-08-01 03:20:35 PM,24619.5,300,7385850.0,142452598087.5
2025-08-01 03:20:36 PM,24619.3,0,0.0,142452598087.5
2025-08-01 03:20:36 PM,24624.0,0,0.0,142452598087.5
2025-08-01 03:20:36 PM,24620.1,750,18465075.0,142471063162.5
2025-08-01 03:20:37 PM,24620.1,1875,46162687.5,142517225850.0
2025-08-01 03:20:38 PM,24620.0,0,0.0,142517225850.0
2025-08-01 03:20:38 PM,24620.1,825,20311582.5,142537537432.5
2025-08-01 03:20:40 PM,24618.1,0,0.0,142537537432.5
2025-08-01 03:20:40 PM,24618.1,300,7385430.0,142544922862.5
2025-08-01 03:20:40 PM,24617.3,0,0.0,142544922862.5
2025-08-01 03:20:40 PM,24618.2,825,20310015.0,142565232877.5
2025-08-01 03:20:41 PM,24620.1,0,0.0,142565232877.5
2025-08-01 03:20:41 PM,24618.4,300,7385520.0,142572618397.5
2025-08-01 03:20:42 PM,24617.3,150,3692595.0,142576310992.5
2025-08-01 03:20:43 PM,24618.4,0,0.0,142576310992.5
2025-08-01 03:20:43 PM,24617.5,0,0.0,142576310992.5
2025-08-01 03:20:43 PM,24617.5,525,12924187.5,142589235180.0
2025-08-01 03:20:44 PM,24618.4,0,0.0,142589235180.0
2025-08-01 03:20:44 PM,24618.4,150,3692760.0,142592927940.0
2025-08-01 03:20:45 PM,24618.4,2175,53545020.0,142646472960.0
2025-08-01 03:20:45 PM,24618.4,225,5539140.0,142652012100.0
2025-08-01 03:20:46 PM,24620.0,0,0.0,142652012100.0
2025-08-01 03:20:46 PM,24618.1,1950,48005295.0,142700017395.0
2025-08-01 03:20:47 PM,24618.1,75,1846357.5,142701863752.5
2025-08-01 03:20:48 PM,24618.1,825,20309932.5,142722173685.0
2025-08-01 03:20:49 PM,24618.0,0,0.0,142722173685.0
2025-08-01 03:20:49 PM,24618.0,2250,55390500.0,142777564185.0
2025-08-01 03:20:50 PM,24618.1,0,0.0,142777564185.0
2025-08-01 03:20:50 PM,24618.1,75,1846357.5,142779410542.5
2025-08-01 03:20:50 PM,24620.0,0,0.0,142779410542.5
2025-08-01 03:20:50 PM,24618.1,150,3692715.0,142783103257.5
2025-08-01 03:20:51 PM,24620.0,150,3693000.0,142786796257.5
2025-08-01 03:20:52 PM,24620.0,75,1846500.0,142788642757.5
2025-08-01 03:20:52 PM,24618.4,0,0.0,142788642757.5
2025-08-01 03:20:53 PM,24620.0,0,0.0,142788642757.5
2025-08-01 03:20:53 PM,24619.0,0,0.0,142788642757.5
2025-08-01 03:20:53 PM,24617.0,600,14770200.0,142803412957.5
2025-08-01 03:20:54 PM,24619.0,0,0.0,142803412957.5
2025-08-01 03:20:54 PM,24619.0,75,1846425.0,142805259382.5
2025-08-01 03:20:55 PM,24618.1,0,0.0,142805259382.5
2025-08-01 03:20:55 PM,24618.1,75,1846357.5,142807105740.0
2025-08-01 03:20:55 PM,24619.0,0,0.0,142807105740.0
2025-08-01 03:20:55 PM,24619.0,75,1846425.0,142808952165.0
2025-08-01 03:20:56 PM,24618.0,0,0.0,142808952165.0
2025-08-01 03:20:56 PM,24619.0,450,11078550.0,142820030715.0
2025-08-01 03:20:57 PM,24618.1,0,0.0,142820030715.0
2025-08-01 03:20:57 PM,24618.1,75,1846357.5,142821877072.5
2025-08-01 03:20:57 PM,24616.9,0,0.0,142821877072.5
2025-08-01 03:20:58 PM,24616.1,0,0.0,142821877072.5
2025-08-01 03:20:58 PM,24616.9,0,0.0,142821877072.5
2025-08-01 03:20:58 PM,24616.9,225,5538802.5,142827415875.0
2025-08-01 03:20:59 PM,24616.9,300,7385070.0,142834800945.0
2025-08-01 03:21:00 PM,24617.7,0,0.0,142834800945.0
2025-08-01 03:21:00 PM,24616.3,450,11077335.0,142845878280.0
2025-08-01 03:21:01 PM,24612.1,0,0.0,142845878280.0
2025-08-01 03:21:01 PM,24613.1,14850,365504535.0,143211382815.0
2025-08-01 03:21:02 PM,24613.1,225,5537947.5,143216920762.5
2025-08-01 03:21:03 PM,24612.9,0,0.0,143216920762.5
2025-08-01 03:21:03 PM,24613.1,0,0.0,143216920762.5
2025-08-01 03:21:03 PM,24613.1,3000,73839300.0,143290760062.5
2025-08-01 03:21:04 PM,24618.0,0,0.0,143290760062.5
2025-08-01 03:21:04 PM,24618.0,150,3692700.0,143294452762.5
2025-08-01 03:21:05 PM,24618.0,225,5539050.0,143299991812.5
2025-08-01 03:21:05 PM,24617.2,0,0.0,143299991812.5
2025-08-01 03:21:05 PM,24618.0,225,5539050.0,143305530862.5
2025-08-01 03:21:06 PM,24617.1,0,0.0,143305530862.5
2025-08-01 03:21:06 PM,24617.4,675,16616745.000000002,143322147607.5
2025-08-01 03:21:07 PM,24617.4,75,1846305.0,143323993912.5
2025-08-01 03:21:08 PM,24616.4,0,0.0,143323993912.5
2025-08-01 03:21:08 PM,24616.2,0,0.0,143323993912.5
2025-08-01 03:21:08 PM,24617.0,750,18462750.0,143342456662.5
2025-08-01 03:21:09 PM,24616.9,0,0.0,143342456662.5
2025-08-01 03:21:09 PM,24616.9,225,5538802.5,143347995465.0
2025-08-01 03:21:09 PM,24615.5,0,0.0,143347995465.0
2025-08-01 03:21:10 PM,24615.4,0,0.0,143347995465.0
2025-08-01 03:21:10 PM,24615.0,1950,47999250.0,143395994715.0
2025-08-01 03:21:10 PM,24615.0,75,1846125.0,143397840840.0
2025-08-01 03:21:11 PM,24616.2,0,0.0,143397840840.0
2025-08-01 03:21:11 PM,24614.9,225,5538352.5,143403379192.5
2025-08-01 03:21:13 PM,24614.9,1575,38768467.5,143442147660.0
2025-08-01 03:21:14 PM,24614.9,300,7384470.0,143449532130.0
2025-08-01 03:21:14 PM,24616.0,0,0.0,143449532130.0
2025-08-01 03:21:15 PM,24615.2,0,0.0,143449532130.0
2025-08-01 03:21:15 PM,24615.2,2325,57230340.0,143506762470.0
2025-08-01 03:21:15 PM,24616.2,75,1846215.0,143508608685.0
2025-08-01 03:21:16 PM,24615.4,0,0.0,143508608685.0
2025-08-01 03:21:16 PM,24615.4,375,9230775.0,143517839460.0
2025-08-01 03:21:17 PM,24615.3,0,0.0,143517839460.0
2025-08-01 03:21:17 PM,24615.1,450,11076795.0,143528916255.0
2025-08-01 03:21:18 PM,24617.4,0,0.0,143528916255.0
2025-08-01 03:21:18 PM,24619.0,0,0.0,143528916255.0
2025-08-01 03:21:18 PM,24619.0,2400,59085600.0,143588001855.0
2025-08-01 03:21:19 PM,24616.4,0,0.0,143588001855.0
2025-08-01 03:21:19 PM,24619.5,2025,49854487.5,143637856342.5
2025-08-01 03:21:19 PM,24615.7,0,0.0,143637856342.5
2025-08-01 03:21:20 PM,24616.1,0,0.0,143637856342.5
2025-08-01 03:21:20 PM,24616.1,375,9231037.5,143647087380.0
2025-08-01 03:21:20 PM,24616.3,150,3692445.0,143650779825.0
2025-08-01 03:21:21 PM,24619.0,0,0.0,143650779825.0
2025-08-01 03:21:22 PM,24616.3,225,5538667.5,143656318492.5
2025-08-01 03:21:23 PM,24620.0,0,0.0,143656318492.5
2025-08-01 03:21:23 PM,24620.0,225,5539500.0,143661857992.5
2025-08-01 03:21:25 PM,24620.0,150,3693000.0,143665550992.5
2025-08-01 03:21:27 PM,24617.7,2475,60928807.5,143726479800.0
2025-08-01 03:21:27 PM,24617.8,375,9231675.0,143735711475.0
2025-08-01 03:21:28 PM,24617.4,0,0.0,143735711475.0
2025-08-01 03:21:28 PM,24617.8,0,0.0,143735711475.0
2025-08-01 03:21:28 PM,24617.8,525,12924345.0,143748635820.0
2025-08-01 03:21:29 PM,24617.8,75,1846335.0,143750482155.0
2025-08-01 03:21:30 PM,24617.7,0,0.0,143750482155.0
2025-08-01 03:21:30 PM,24617.7,750,18463275.0,143768945430.0
2025-08-01 03:21:30 PM,24617.8,75,1846335.0,143770791765.0
2025-08-01 03:21:32 PM,24617.4,375,9231525.0,143780023290.0
2025-08-01 03:21:32 PM,24617.8,75,1846335.0,143781869625.0
2025-08-01 03:21:33 PM,24617.8,975,24002355.0,143805871980.0
2025-08-01 03:21:34 PM,24617.6,0,0.0,143805871980.0
2025-08-01 03:21:34 PM,24617.8,225,5539005.0,143811410985.0
2025-08-01 03:21:35 PM,24617.7,0,0.0,143811410985.0
2025-08-01 03:21:35 PM,24617.7,675,16616947.5,143828027932.5
2025-08-01 03:21:35 PM,24617.8,0,0.0,143828027932.5
2025-08-01 03:21:35 PM,24619.4,2700,66472380.00000001,143894500312.5
2025-08-01 03:21:36 PM,24620.0,0,0.0,143894500312.5
2025-08-01 03:21:36 PM,24618.1,0,0.0,143894500312.5
2025-08-01 03:21:37 PM,24618.1,525,12924502.5,143907424815.0
2025-08-01 03:21:37 PM,24617.8,0,0.0,143907424815.0
2025-08-01 03:21:38 PM,24617.4,0,0.0,143907424815.0
2025-08-01 03:21:38 PM,24617.4,600,14770440.0,143922195255.0
2025-08-01 03:21:39 PM,24623.1,0,0.0,143922195255.0
2025-08-01 03:21:39 PM,24623.1,150,3693465.0,143925888720.0
2025-08-01 03:21:40 PM,24623.3,0,0.0,143925888720.0
2025-08-01 03:21:40 PM,24623.3,225,5540242.5,143931428962.5
2025-08-01 03:21:41 PM,24617.7,0,0.0,143931428962.5
2025-08-01 03:21:42 PM,24620.0,225,5539500.0,143936968462.5
2025-08-01 03:21:42 PM,24622.7,75,1846702.5,143938815165.0
2025-08-01 03:21:43 PM,24617.4,0,0.0,143938815165.0
2025-08-01 03:21:43 PM,24622.7,0,0.0,143938815165.0
2025-08-01 03:21:43 PM,24622.7,150,3693405.0,143942508570.0
2025-08-01 03:21:44 PM,24623.1,0,0.0,143942508570.0
2025-08-01 03:21:45 PM,24618.6,150,3692790.0,143946201360.0
2025-08-01 03:21:46 PM,24617.9,0,0.0,143946201360.0
2025-08-01 03:21:47 PM,24617.9,300,7385370.0,143953586730.0
2025-08-01 03:21:47 PM,24617.9,75,1846342.5,143955433072.5
2025-08-01 03:21:48 PM,24617.9,225,5539027.5,143960972100.0
2025-08-01 03:21:49 PM,24617.9,150,3692685.0,143964664785.0
2025-08-01 03:21:50 PM,24617.8,0,0.0,143964664785.0
2025-08-01 03:21:50 PM,24617.8,300,7385340.0,143972050125.0
2025-08-01 03:21:52 PM,24617.8,150,3692670.0,143975742795.0
2025-08-01 03:21:53 PM,24617.8,450,11078010.0,143986820805.0
2025-08-01 03:21:54 PM,24617.7,0,0.0,143986820805.0
2025-08-01 03:21:54 PM,24617.7,300,7385310.0,143994206115.0
2025-08-01 03:21:54 PM,24617.8,0,0.0,143994206115.0
2025-08-01 03:21:55 PM,24617.6,0,0.0,143994206115.0
2025-08-01 03:21:55 PM,24617.8,2100,51697380.0,144045903495.0
2025-08-01 03:21:55 PM,24617.9,0,0.0,144045903495.0
2025-08-01 03:21:55 PM,24617.9,3300,81239070.0,144127142565.0
2025-08-01 03:21:56 PM,24617.8,0,0.0,144127142565.0
2025-08-01 03:21:56 PM,24618.5,0,0.0,144127142565.0
2025-08-01 03:21:57 PM,24618.6,1575,38774295.0,144165916860.0
2025-08-01 03:21:58 PM,24622.0,0,0.0,144165916860.0
2025-08-01 03:21:58 PM,24623.0,0,0.0,144165916860.0
2025-08-01 03:21:58 PM,24623.0,225,5540175.0,144171457035.0
2025-08-01 03:21:59 PM,24620.1,0,0.0,144171457035.0
2025-08-01 03:21:59 PM,24620.1,75,1846507.5,144173303542.5
2025-08-01 03:21:59 PM,24623.0,0,0.0,144173303542.5
2025-08-01 03:22:00 PM,24620.1,0,0.0,144173303542.5
2025-08-01 03:22:00 PM,24623.0,600,14773800.0,144188077342.5
2025-08-01 03:22:00 PM,24618.7,75,1846402.5,144189923745.0
2025-08-01 03:22:02 PM,24618.7,225,5539207.5,144195462952.5
2025-08-01 03:22:02 PM,24619.0,0,0.0,144195462952.5
2025-08-01 03:22:02 PM,24619.0,150,3692850.0,144199155802.5
2025-08-01 03:22:03 PM,24620.1,0,0.0,144199155802.5
2025-08-01 03:22:03 PM,24618.7,0,0.0,144199155802.5
2025-08-01 03:22:03 PM,24618.7,375,9232012.5,144208387815.0
2025-08-01 03:22:04 PM,24618.6,0,0.0,144208387815.0
2025-08-01 03:22:04 PM,24618.6,225,5539185.0,144213927000.0
2025-08-01 03:22:05 PM,24620.1,225,5539522.5,144219466522.5
2025-08-01 03:22:05 PM,24620.1,300,7386030.0,144226852552.5
2025-08-01 03:22:07 PM,24616.3,975,24000892.5,144250853445.0
2025-08-01 03:22:07 PM,24616.3,375,9231112.5,144260084557.5
2025-08-01 03:22:08 PM,24622.6,0,0.0,144260084557.5
2025-08-01 03:22:08 PM,24618.0,2925,72007650.0,144332092207.5
2025-08-01 03:22:09 PM,24618.0,150,3692700.0,144335784907.5
2025-08-01 03:22:10 PM,24619.0,0,0.0,144335784907.5
2025-08-01 03:22:10 PM,24619.0,75,1846425.0,144337631332.5
2025-08-01 03:22:11 PM,24618.0,0,0.0,144337631332.5
2025-08-01 03:22:12 PM,24618.0,150,3692700.0,144341324032.5
2025-08-01 03:22:12 PM,24616.8,75,1846260.0,144343170292.5
2025-08-01 03:22:13 PM,24618.0,0,0.0,144343170292.5
2025-08-01 03:22:13 PM,24618.0,75,1846350.0,144345016642.5
2025-08-01 03:22:14 PM,24618.0,75,1846350.0,144346862992.5
2025-08-01 03:22:16 PM,24616.6,2775,68311065.0,144415174057.5
2025-08-01 03:22:17 PM,24616.6,75,1846245.0,144417020302.5
2025-08-01 03:22:18 PM,24616.6,1275,31386165.0,144448406467.5
2025-08-01 03:22:19 PM,24616.6,900,22154940.0,144470561407.5
2025-08-01 03:22:19 PM,24616.9,0,0.0,144470561407.5
2025-08-01 03:22:20 PM,24616.9,75,1846267.5,144472407675.0
2025-08-01 03:22:20 PM,24616.7,0,0.0,144472407675.0
2025-08-01 03:22:20 PM,24619.0,300,7385700.0,144479793375.0
2025-08-01 03:22:21 PM,24616.4,600,14769840.0,144494563215.0
2025-08-01 03:22:22 PM,24616.4,225,5538690.0,144500101905.0
2025-08-01 03:22:23 PM,24617.0,0,0.0,144500101905.0
2025-08-01 03:22:23 PM,24617.0,225,5538825.0,144505640730.0
2025-08-01 03:22:25 PM,24617.0,150,3692550.0,144509333280.0
2025-08-01 03:22:25 PM,24617.0,75,1846275.0,144511179555.0
2025-08-01 03:22:26 PM,24615.4,0,0.0,144511179555.0
2025-08-01 03:22:26 PM,24615.3,750,18461475.0,144529641030.0
2025-08-01 03:22:27 PM,24615.4,975,24000015.0,144553641045.0
2025-08-01 03:22:28 PM,24615.3,0,0.0,144553641045.0
2025-08-01 03:22:28 PM,24615.4,0,0.0,144553641045.0
2025-08-01 03:22:28 PM,24615.4,300,7384620.0,144561025665.0
2025-08-01 03:22:29 PM,24615.3,450,11076885.0,144572102550.0
2025-08-01 03:22:29 PM,24615.4,0,0.0,144572102550.0
2025-08-01 03:22:30 PM,24617.0,0,0.0,144572102550.0
2025-08-01 03:22:30 PM,24615.8,825,20308035.0,144592410585.0
2025-08-01 03:22:30 PM,24619.0,1800,44314200.0,144636724785.0
2025-08-01 03:22:31 PM,24617.4,0,0.0,144636724785.0
2025-08-01 03:22:31 PM,24619.0,0,0.0,144636724785.0
2025-08-01 03:22:31 PM,24617.9,225,5539027.5,144642263812.5
2025-08-01 03:22:32 PM,24617.3,0,0.0,144642263812.5
2025-08-01 03:22:32 PM,24617.3,75,1846297.5,144644110110.0
2025-08-01 03:22:33 PM,24619.0,0,0.0,144644110110.0
2025-08-01 03:22:33 PM,24619.0,75,1846425.0,144645956535.0
2025-08-01 03:22:34 PM,24619.0,150,3692850.0,144649649385.0
2025-08-01 03:22:34 PM,24618.9,0,0.0,144649649385.0
2025-08-01 03:22:35 PM,24616.7,0,0.0,144649649385.0
2025-08-01 03:22:35 PM,24616.7,525,12923767.5,144662573152.5
2025-08-01 03:22:36 PM,24619.0,0,0.0,144662573152.5
2025-08-01 03:22:36 PM,24617.0,750,18462750.0,144681035902.5
2025-08-01 03:22:37 PM,24617.0,675,16616475.0,144697652377.5
2025-08-01 03:22:38 PM,24617.0,1125,27694125.0,144725346502.5
2025-08-01 03:22:39 PM,24617.0,1500,36925500.0,144762272002.5
2025-08-01 03:22:39 PM,24616.9,0,0.0,144762272002.5
2025-08-01 03:22:40 PM,24617.0,0,0.0,144762272002.5
2025-08-01 03:22:40 PM,24617.0,1125,27694125.0,144789966127.5
2025-08-01 03:22:41 PM,24617.9,0,0.0,144789966127.5
2025-08-01 03:22:41 PM,24617.9,225,5539027.5,144795505155.0
2025-08-01 03:22:43 PM,24616.5,0,0.0,144795505155.0
2025-08-01 03:22:43 PM,24617.1,1200,29540520.0,144825045675.0
2025-08-01 03:22:44 PM,24617.9,75,1846342.5,144826892017.5
2025-08-01 03:22:44 PM,24617.1,0,0.0,144826892017.5
2025-08-01 03:22:45 PM,24617.1,225,5538847.5,144832430865.0
2025-08-01 03:22:46 PM,24617.9,0,0.0,144832430865.0
2025-08-01 03:22:46 PM,24616.9,525,12923872.5,144845354737.5
2025-08-01 03:22:47 PM,24616.8,0,0.0,144845354737.5
2025-08-01 03:22:47 PM,24616.8,150,3692520.0,144849047257.5
2025-08-01 03:22:48 PM,24616.7,0,0.0,144849047257.5
2025-08-01 03:22:48 PM,24616.9,1200,29540280.0,144878587537.5
2025-08-01 03:22:50 PM,24616.9,300,7385070.0,144885972607.5
2025-08-01 03:22:50 PM,24616.8,225,5538780.0,144891511387.5
2025-08-01 03:22:51 PM,24616.4,0,0.0,144891511387.5
2025-08-01 03:22:51 PM,24616.2,1725,42462945.0,144933974332.5
2025-08-01 03:22:52 PM,24616.0,225,5538600.0,144939512932.5
2025-08-01 03:22:53 PM,24616.0,750,18462000.0,144957974932.5
2025-08-01 03:22:53 PM,24616.0,75,1846200.0,144959821132.5
2025-08-01 03:22:54 PM,24615.9,0,0.0,144959821132.5
2025-08-01 03:22:55 PM,24615.8,150,3692370.0,144963513502.5
2025-08-01 03:22:56 PM,24616.8,0,0.0,144963513502.5
2025-08-01 03:22:56 PM,24616.8,2550,62772840.0,145026286342.5
2025-08-01 03:22:57 PM,24615.1,0,0.0,145026286342.5
2025-08-01 03:22:57 PM,24615.1,975,23999722.5,145050286065.0
2025-08-01 03:22:57 PM,24617.0,0,0.0,145050286065.0
2025-08-01 03:22:58 PM,24615.6,0,0.0,145050286065.0
2025-08-01 03:22:58 PM,24617.0,3750,92313750.0,145142599815.0
2025-08-01 03:22:58 PM,24615.4,300,7384620.0,145149984435.0
2025-08-01 03:23:00 PM,24616.9,150,3692535.0,145153676970.0
2025-08-01 03:23:01 PM,24616.3,0,0.0,145153676970.0
2025-08-01 03:23:01 PM,24619.0,0,0.0,145153676970.0
2025-08-01 03:23:01 PM,24616.9,5775,142162597.5,145295839567.5
2025-08-01 03:23:02 PM,24616.9,450,11077605.0,145306917172.5
2025-08-01 03:23:03 PM,24617.8,1050,25848690.0,145332765862.5
2025-08-01 03:23:03 PM,24618.3,600,14770980.0,145347536842.5
2025-08-01 03:23:04 PM,24618.5,0,0.0,145347536842.5
2025-08-01 03:23:05 PM,24619.0,2175,53546325.0,145401083167.5
2025-08-01 03:23:05 PM,24618.6,0,0.0,145401083167.5
2025-08-01 03:23:05 PM,24618.6,150,3692790.0,145404775957.5
2025-08-01 03:23:06 PM,24618.4,0,0.0,145404775957.5
2025-08-01 03:23:06 PM,24618.4,150,3692760.0,145408468717.5
2025-08-01 03:23:07 PM,24618.9,0,0.0,145408468717.5
2025-08-01 03:23:08 PM,24619.1,0,0.0,145408468717.5
2025-08-01 03:23:08 PM,24620.0,1875,46162500.0,145454631217.5
2025-08-01 03:23:08 PM,24619.7,225,5539432.5,145460170650.0
2025-08-01 03:23:09 PM,24620.0,0,0.0,145460170650.0
2025-08-01 03:23:10 PM,24620.0,150,3693000.0,145463863650.0
2025-08-01 03:23:10 PM,24618.6,0,0.0,145463863650.0
2025-08-01 03:23:10 PM,24618.6,300,7385580.0,145471249230.0
2025-08-01 03:23:11 PM,24620.0,0,0.0,145471249230.0
2025-08-01 03:23:11 PM,24620.0,75,1846500.0,145473095730.0
2025-08-01 03:23:12 PM,24620.0,225,5539500.0,145478635230.0
2025-08-01 03:23:12 PM,24619.2,0,0.0,145478635230.0
2025-08-01 03:23:13 PM,24620.0,0,0.0,145478635230.0
2025-08-01 03:23:13 PM,24619.8,300,7385940.0,145486021170.0
2025-08-01 03:23:14 PM,24619.8,75,1846485.0,145487867655.0
2025-08-01 03:23:14 PM,24620.0,0,0.0,145487867655.0
2025-08-01 03:23:15 PM,24620.0,825,20311500.0,145508179155.0
2025-08-01 03:23:15 PM,24620.0,150,3693000.0,145511872155.0
2025-08-01 03:23:16 PM,24619.8,0,0.0,145511872155.0
2025-08-01 03:23:16 PM,24620.0,0,0.0,145511872155.0
2025-08-01 03:23:16 PM,24619.8,975,24004305.0,145535876460.0
2025-08-01 03:23:17 PM,24619.8,300,7385940.0,145543262400.0
2025-08-01 03:23:18 PM,24619.8,2475,60934005.0,145604196405.0
2025-08-01 03:23:19 PM,24622.0,0,0.0,145604196405.0
2025-08-01 03:23:19 PM,24621.0,0,0.0,145604196405.0
2025-08-01 03:23:20 PM,24623.0,0,0.0,145604196405.0
2025-08-01 03:23:20 PM,24623.0,675,16620525.0,145620816930.0
2025-08-01 03:23:20 PM,24619.2,0,0.0,145620816930.0
2025-08-01 03:23:20 PM,24619.2,75,1846440.0,145622663370.0
2025-08-01 03:23:21 PM,24623.0,0,0.0,145622663370.0
2025-08-01 03:23:21 PM,24623.0,300,7386900.0,145630050270.0
2025-08-01 03:23:22 PM,24620.0,0,0.0,145630050270.0
2025-08-01 03:23:22 PM,24620.0,225,5539500.0,145635589770.0
2025-08-01 03:23:22 PM,24619.4,0,0.0,145635589770.0
2025-08-01 03:23:23 PM,24623.0,0,0.0,145635589770.0
2025-08-01 03:23:23 PM,24623.0,375,9233625.0,145644823395.0
2025-08-01 03:23:24 PM,24620.0,0,0.0,145644823395.0
2025-08-01 03:23:25 PM,24620.0,75,1846500.0,145646669895.0
2025-08-01 03:23:25 PM,24622.7,150,3693405.0,145650363300.0
2025-08-01 03:23:26 PM,24623.0,0,0.0,145650363300.0
2025-08-01 03:23:26 PM,24620.0,975,24004500.0,145674367800.0
2025-08-01 03:23:28 PM,24620.0,225,5539500.0,145679907300.0
2025-08-01 03:23:28 PM,24620.0,150,3693000.0,145683600300.0
2025-08-01 03:23:29 PM,24619.2,0,0.0,145683600300.0
2025-08-01 03:23:29 PM,24620.0,0,0.0,145683600300.0
2025-08-01 03:23:30 PM,24620.0,2775,68320500.0,145751920800.0
2025-08-01 03:23:31 PM,24620.7,0,0.0,145751920800.0
2025-08-01 03:23:31 PM,24619.9,0,0.0,145751920800.0
2025-08-01 03:23:31 PM,24620.0,600,14772000.0,145766692800.0
2025-08-01 03:23:33 PM,24623.0,0,0.0,145766692800.0
2025-08-01 03:23:33 PM,24623.0,225,5540175.0,145772232975.0
2025-08-01 03:23:35 PM,24623.0,150,3693450.0,145775926425.0
2025-08-01 03:23:36 PM,24620.7,0,0.0,145775926425.0
2025-08-01 03:23:36 PM,24620.5,0,0.0,145775926425.0
2025-08-01 03:23:36 PM,24620.5,450,11079225.0,145787005650.0
2025-08-01 03:23:37 PM,24620.5,225,5539612.5,145792545262.5
2025-08-01 03:23:38 PM,24620.1,300,7386030.0,145799931292.5
2025-08-01 03:23:38 PM,24620.5,75,1846537.5,145801777830.0
2025-08-01 03:23:40 PM,24620.5,825,20311912.5,145822089742.5
2025-08-01 03:23:40 PM,24620.5,750,18465375.0,145840555117.5
2025-08-01 03:23:41 PM,24620.1,0,0.0,145840555117.5
2025-08-01 03:23:41 PM,24620.2,0,0.0,145840555117.5
2025-08-01 03:23:41 PM,24620.2,900,22158180.0,145862713297.5
2025-08-01 03:23:42 PM,24620.1,0,0.0,145862713297.5
2025-08-01 03:23:42 PM,24620.1,75,1846507.5,145864559805.0
2025-08-01 03:23:43 PM,24620.5,0,0.0,145864559805.0
2025-08-01 03:23:43 PM,24620.5,1425,35084212.5,145899644017.5
2025-08-01 03:23:43 PM,24620.5,1125,27698062.5,145927342080.0
2025-08-01 03:23:45 PM,24620.5,1425,35084212.5,145962426292.5
2025-08-01 03:23:45 PM,24620.0,0,0.0,145962426292.5
2025-08-01 03:23:45 PM,24620.0,300,7386000.0,145969812292.5
2025-08-01 03:23:46 PM,24620.4,0,0.0,145969812292.5
2025-08-01 03:23:46 PM,24624.9,0,0.0,145969812292.5
2025-08-01 03:23:46 PM,24624.9,3300,81262170.0,146051074462.5
2025-08-01 03:23:48 PM,24624.9,150,3693735.0,146054768197.5
2025-08-01 03:23:48 PM,24620.7,75,1846552.5,146056614750.0
2025-08-01 03:23:49 PM,24620.5,0,0.0,146056614750.0
2025-08-01 03:23:50 PM,24620.7,0,0.0,146056614750.0
2025-08-01 03:23:50 PM,24620.7,300,7386210.0,146064000960.0
2025-08-01 03:23:50 PM,24620.7,75,1846552.5,146065847512.5
2025-08-01 03:23:51 PM,24620.5,0,0.0,146065847512.5
2025-08-01 03:23:51 PM,24620.2,525,12925605.0,146078773117.5
2025-08-01 03:23:52 PM,24624.9,0,0.0,146078773117.5
2025-08-01 03:23:52 PM,24624.9,75,1846867.5,146080619985.0
2025-08-01 03:23:52 PM,24621.0,0,0.0,146080619985.0
2025-08-01 03:23:53 PM,24624.0,0,0.0,146080619985.0
2025-08-01 03:23:53 PM,24624.0,675,16621200.0,146097241185.0
2025-08-01 03:23:54 PM,24620.2,0,0.0,146097241185.0
2025-08-01 03:23:55 PM,24620.2,300,7386060.0,146104627245.0
2025-08-01 03:23:56 PM,24622.0,0,0.0,146104627245.0
2025-08-01 03:23:56 PM,24620.1,2400,59088240.0,146163715485.0
2025-08-01 03:23:57 PM,24620.2,0,0.0,146163715485.0
2025-08-01 03:23:58 PM,24620.2,900,22158180.0,146185873665.0
2025-08-01 03:23:58 PM,24620.0,900,22158000.0,146208031665.0
2025-08-01 03:23:59 PM,24620.2,0,0.0,146208031665.0
2025-08-01 03:24:00 PM,24620.0,0,0.0,146208031665.0
2025-08-01 03:24:00 PM,24620.0,2475,60934500.0,146268966165.0
2025-08-01 03:24:00 PM,24620.3,0,0.0,146268966165.0
2025-08-01 03:24:00 PM,24620.0,300,7386000.0,146276352165.0
2025-08-01 03:24:01 PM,24620.0,825,20311500.0,146296663665.0
2025-08-01 03:24:02 PM,24618.9,0,0.0,146296663665.0
2025-08-01 03:24:03 PM,24619.8,0,0.0,146296663665.0
2025-08-01 03:24:03 PM,24619.8,1200,29543760.0,146326207425.0
2025-08-01 03:24:03 PM,24620.0,0,0.0,146326207425.0
2025-08-01 03:24:03 PM,24620.0,225,5539500.0,146331746925.0
2025-08-01 03:24:04 PM,24618.6,0,0.0,146331746925.0
2025-08-01 03:24:04 PM,24620.0,0,0.0,146331746925.0
2025-08-01 03:24:05 PM,24620.0,225,5539500.0,146337286425.0
2025-08-01 03:24:06 PM,24618.6,225,5539185.0,146342825610.0
2025-08-01 03:24:08 PM,24618.7,0,0.0,146342825610.0
2025-08-01 03:24:08 PM,24618.7,1575,38774452.5,146381600062.5
2025-08-01 03:24:08 PM,24618.5,900,22156650.0,146403756712.5
2025-08-01 03:24:09 PM,24618.7,0,0.0,146403756712.5
2025-08-01 03:24:10 PM,24618.7,375,9232012.5,146412988725.0
2025-08-01 03:24:10 PM,24618.5,0,0.0,146412988725.0
2025-08-01 03:24:10 PM,24618.5,900,22156650.0,146435145375.0
2025-08-01 03:24:11 PM,24623.2,0,0.0,146435145375.0
2025-08-01 03:24:11 PM,24623.2,1050,25854360.0,146460999735.0
2025-08-01 03:24:12 PM,24623.3,0,0.0,146460999735.0
2025-08-01 03:24:12 PM,24623.0,150,3693450.0,146464693185.0
2025-08-01 03:24:13 PM,24621.9,0,0.0,146464693185.0
2025-08-01 03:24:13 PM,24621.9,225,5539927.5,146470233112.5
2025-08-01 03:24:13 PM,24623.5,750,18467625.0,146488700737.5
2025-08-01 03:24:14 PM,24620.0,0,0.0,146488700737.5
2025-08-01 03:24:15 PM,24620.0,75,1846500.0,146490547237.5
2025-08-01 03:24:15 PM,24619.8,0,0.0,146490547237.5
2025-08-01 03:24:15 PM,24619.8,75,1846485.0,146492393722.5
2025-08-01 03:24:16 PM,24618.8,0,0.0,146492393722.5
2025-08-01 03:24:16 PM,24618.6,2025,49852665.0,146542246387.5
2025-08-01 03:24:17 PM,24618.6,75,1846395.0,146544092782.5
2025-08-01 03:24:17 PM,24623.2,0,0.0,146544092782.5
2025-08-01 03:24:18 PM,24620.0,0,0.0,146544092782.5
2025-08-01 03:24:18 PM,24620.0,375,9232500.0,146553325282.5
2025-08-01 03:24:18 PM,24622.8,300,7386840.0,146560712122.5
2025-08-01 03:24:20 PM,24622.8,75,1846710.0,146562558832.5
2025-08-01 03:24:20 PM,24622.7,0,0.0,146562558832.5
2025-08-01 03:24:20 PM,24622.7,75,1846702.5,146564405535.0
2025-08-01 03:24:21 PM,24620.0,0,0.0,146564405535.0
2025-08-01 03:24:21 PM,24620.0,675,16618500.0,146581024035.0
2025-08-01 03:24:22 PM,24619.8,0,0.0,146581024035.0
2025-08-01 03:24:22 PM,24619.8,75,1846485.0,146582870520.0
2025-08-01 03:24:22 PM,24620.0,0,0.0,146582870520.0
2025-08-01 03:24:23 PM,24620.0,300,7386000.0,146590256520.0
2025-08-01 03:24:25 PM,24618.6,225,5539185.0,146595795705.0
2025-08-01 03:24:25 PM,24620.0,0,0.0,146595795705.0
2025-08-01 03:24:25 PM,24620.0,75,1846500.0,146597642205.0
2025-08-01 03:24:26 PM,24618.6,0,0.0,146597642205.0
2025-08-01 03:24:26 PM,24618.6,1425,35081505.0,146632723710.0
2025-08-01 03:24:27 PM,24618.3,0,0.0,146632723710.0
2025-08-01 03:24:27 PM,24618.3,375,9231862.5,146641955572.5
2025-08-01 03:24:27 PM,24618.6,0,0.0,146641955572.5
2025-08-01 03:24:28 PM,24618.6,675,16617554.999999998,146658573127.5
2025-08-01 03:24:30 PM,24618.6,2625,64623824.99999999,146723196952.5
2025-08-01 03:24:30 PM,24618.7,0,0.0,146723196952.5
2025-08-01 03:24:30 PM,24618.2,525,12924555.0,146736121507.5
2025-08-01 03:24:31 PM,24621.0,0,0.0,146736121507.5
2025-08-01 03:24:31 PM,24621.0,1575,38778075.0,146774899582.5
2025-08-01 03:24:33 PM,24622.8,0,0.0,146774899582.5
2025-08-01 03:24:33 PM,24622.8,150,3693420.0,146778593002.5
2025-08-01 03:24:33 PM,24620.0,75,1846500.0,146780439502.5
2025-08-01 03:24:34 PM,24618.0,0,0.0,146780439502.5
2025-08-01 03:24:35 PM,24622.8,1650,40627620.0,146821067122.5
2025-08-01 03:24:35 PM,24622.8,75,1846710.0,146822913832.5
2025-08-01 03:24:36 PM,24619.3,0,0.0,146822913832.5
2025-08-01 03:24:36 PM,24619.0,1200,29542800.0,146852456632.5
2025-08-01 03:24:37 PM,24618.9,0,0.0,146852456632.5
2025-08-01 03:24:37 PM,24618.9,75,1846417.5,146854303050.0
2025-08-01 03:24:37 PM,24619.0,0,0.0,146854303050.0
2025-08-01 03:24:38 PM,24620.0,3150,77553000.0,146931856050.0
2025-08-01 03:24:38 PM,24624.0,900,22161600.0,146954017650.0
2025-08-01 03:24:40 PM,24624.0,225,5540400.0,146959558050.0
2025-08-01 03:24:40 PM,24624.0,75,1846800.0,146961404850.0
2025-08-01 03:24:41 PM,24622.8,0,0.0,146961404850.0
2025-08-01 03:24:41 PM,24624.0,0,0.0,146961404850.0
2025-08-01 03:24:41 PM,24624.0,150,3693600.0,146965098450.0
2025-08-01 03:24:43 PM,24621.0,0,0.0,146965098450.0
2025-08-01 03:24:43 PM,24624.0,0,0.0,146965098450.0
2025-08-01 03:24:43 PM,24624.0,225,5540400.0,146970638850.0
2025-08-01 03:24:45 PM,24621.0,1575,38778075.0,147009416925.0
2025-08-01 03:24:45 PM,24621.4,0,0.0,147009416925.0
2025-08-01 03:24:45 PM,24621.0,150,3693150.0,147013110075.0
2025-08-01 03:24:46 PM,24622.0,0,0.0,147013110075.0
2025-08-01 03:24:46 PM,24621.5,0,0.0,147013110075.0
2025-08-01 03:24:46 PM,24621.1,675,16619242.499999998,147029729317.5
2025-08-01 03:24:47 PM,24620.7,0,0.0,147029729317.5
2025-08-01 03:24:48 PM,24621.3,0,0.0,147029729317.5
2025-08-01 03:24:48 PM,24621.3,5100,125568630.0,147155297947.5
2025-08-01 03:24:49 PM,24624.0,0,0.0,147155297947.5
2025-08-01 03:24:50 PM,24620.8,2025,49857120.0,147205155067.5
2025-08-01 03:24:51 PM,24624.0,0,0.0,147205155067.5
2025-08-01 03:24:51 PM,24624.9,0,0.0,147205155067.5
2025-08-01 03:24:51 PM,24624.9,150,3693735.0,147208848802.5
2025-08-01 03:24:52 PM,24622.1,0,0.0,147208848802.5
2025-08-01 03:24:52 PM,24622.1,150,3693315.0,147212542117.5
2025-08-01 03:24:53 PM,24624.9,0,0.0,147212542117.5
2025-08-01 03:24:53 PM,24624.9,2550,62793495.0,147275335612.5
2025-08-01 03:24:53 PM,24622.3,75,1846672.5,147277182285.0
2025-08-01 03:24:54 PM,24622.0,0,0.0,147277182285.0
2025-08-01 03:24:55 PM,24624.9,150,3693735.0,147280876020.0
2025-08-01 03:24:55 PM,24624.0,75,1846800.0,147282722820.0
2025-08-01 03:24:56 PM,24624.0,75,1846800.0,147284569620.0
2025-08-01 03:24:57 PM,24624.0,150,3693600.0,147288263220.0
2025-08-01 03:24:57 PM,24623.0,0,0.0,147288263220.0
2025-08-01 03:24:58 PM,24624.0,0,0.0,147288263220.0
2025-08-01 03:24:58 PM,24624.0,975,24008400.0,147312271620.0
2025-08-01 03:24:58 PM,24624.0,75,1846800.0,147314118420.0
2025-08-01 03:25:00 PM,24622.2,525,12926655.0,147327045075.0
2025-08-01 03:25:00 PM,24622.1,0,0.0,147327045075.0
2025-08-01 03:25:00 PM,24622.1,75,1846657.5,147328891732.5
2025-08-01 03:25:01 PM,24623.0,0,0.0,147328891732.5
2025-08-01 03:25:01 PM,24622.3,0,0.0,147328891732.5
2025-08-01 03:25:01 PM,24620.8,4200,103407360.0,147432299092.5
2025-08-01 03:25:02 PM,24622.4,75,1846680.0,147434145772.5
2025-08-01 03:25:02 PM,24621.7,0,0.0,147434145772.5
2025-08-01 03:25:03 PM,24622.4,0,0.0,147434145772.5
2025-08-01 03:25:03 PM,24622.4,600,14773440.0,147448919212.5
2025-08-01 03:25:03 PM,24622.4,150,3693360.0,147452612572.5
2025-08-01 03:25:05 PM,24622.4,300,7386720.0,147459999292.5
2025-08-01 03:25:06 PM,24623.0,0,0.0,147459999292.5
2025-08-01 03:25:06 PM,24622.1,1650,40626465.0,147500625757.5
2025-08-01 03:25:07 PM,24622.3,0,0.0,147500625757.5
2025-08-01 03:25:07 PM,24622.3,450,11080035.0,147511705792.5
2025-08-01 03:25:07 PM,24623.8,0,0.0,147511705792.5
2025-08-01 03:25:08 PM,24623.6,0,0.0,147511705792.5
2025-08-01 03:25:08 PM,24622.9,4500,110803050.0,147622508842.5
2025-08-01 03:25:09 PM,24623.6,0,0.0,147622508842.5
2025-08-01 03:25:10 PM,24623.6,450,11080620.0,147633589462.5
2025-08-01 03:25:11 PM,24622.4,0,0.0,147633589462.5
2025-08-01 03:25:11 PM,24622.4,300,7386720.0,147640976182.5
2025-08-01 03:25:12 PM,24622.9,0,0.0,147640976182.5
2025-08-01 03:25:12 PM,24622.9,75,1846717.5,147642822900.0
2025-08-01 03:25:13 PM,24623.6,0,0.0,147642822900.0
2025-08-01 03:25:13 PM,24623.6,525,12927390.0,147655750290.0
2025-08-01 03:25:15 PM,24623.6,150,3693540.0,147659443830.0
2025-08-01 03:25:15 PM,24622.6,0,0.0,147659443830.0
2025-08-01 03:25:15 PM,24623.6,225,5540310.0,147664984140.0
2025-08-01 03:25:16 PM,24623.0,0,0.0,147664984140.0
2025-08-01 03:25:16 PM,24623.4,0,0.0,147664984140.0
2025-08-01 03:25:16 PM,24622.9,600,14773740.0,147679757880.0
2025-08-01 03:25:17 PM,24622.9,75,1846717.5,147681604597.5
2025-08-01 03:25:18 PM,24622.9,675,16620457.500000002,147698225055.0
2025-08-01 03:25:19 PM,24622.9,3375,83102287.5,147781327342.5
2025-08-01 03:25:19 PM,24622.7,0,0.0,147781327342.5
2025-08-01 03:25:19 PM,24622.6,0,0.0,147781327342.5
2025-08-01 03:25:20 PM,24622.9,1200,29547480.0,147810874822.5
2025-08-01 03:25:20 PM,24623.6,0,0.0,147810874822.5
2025-08-01 03:25:20 PM,24623.6,75,1846770.0,147812721592.5
2025-08-01 03:25:21 PM,24623.0,0,0.0,147812721592.5
2025-08-01 03:25:21 PM,24623.6,0,0.0,147812721592.5
2025-08-01 03:25:21 PM,24622.7,1050,25853835.0,147838575427.5
2025-08-01 03:25:22 PM,24622.9,1050,25854045.0,147864429472.5
2025-08-01 03:25:23 PM,24622.9,1125,27700762.5,147892130235.0
2025-08-01 03:25:24 PM,24622.9,675,16620457.500000002,147908750692.5
2025-08-01 03:25:25 PM,24623.0,2475,60941925.0,147969692617.5
2025-08-01 03:25:25 PM,24623.0,150,3693450.0,147973386067.5
2025-08-01 03:25:26 PM,24623.3,0,0.0,147973386067.5
2025-08-01 03:25:26 PM,24623.3,225,5540242.5,147978926310.0
2025-08-01 03:25:27 PM,24622.9,375,9233587.5,147988159897.5
2025-08-01 03:25:28 PM,24623.6,0,0.0,147988159897.5
2025-08-01 03:25:28 PM,24623.6,375,9233850.0,147997393747.5
2025-08-01 03:25:29 PM,24623.0,975,24007425.0,148021401172.5
2025-08-01 03:25:30 PM,24623.8,0,0.0,148021401172.5
2025-08-01 03:25:30 PM,24623.8,975,24008205.0,148045409377.5
2025-08-01 03:25:31 PM,24623.8,150,3693570.0,148049102947.5
2025-08-01 03:25:32 PM,24623.8,75,1846785.0,148050949732.5
2025-08-01 03:25:33 PM,24623.8,375,9233925.0,148060183657.5
2025-08-01 03:25:34 PM,24623.7,0,0.0,148060183657.5
2025-08-01 03:25:34 PM,24623.7,525,12927442.5,148073111100.0
2025-08-01 03:25:36 PM,24623.8,0,0.0,148073111100.0
2025-08-01 03:25:36 PM,24623.7,225,5540332.5,148078651432.5
2025-08-01 03:25:37 PM,24623.6,450,11080620.0,148089732052.5
2025-08-01 03:25:37 PM,24623.7,0,0.0,148089732052.5
2025-08-01 03:25:38 PM,24623.7,525,12927442.5,148102659495.0
2025-08-01 03:25:38 PM,24623.0,0,0.0,148102659495.0
2025-08-01 03:25:38 PM,24623.7,1575,38782327.5,148141441822.5
2025-08-01 03:25:39 PM,24623.6,0,0.0,148141441822.5
2025-08-01 03:25:39 PM,24623.3,0,0.0,148141441822.5
2025-08-01 03:25:39 PM,24623.3,600,14773980.0,148156215802.5
2025-08-01 03:25:40 PM,24623.7,0,0.0,148156215802.5
2025-08-01 03:25:40 PM,24623.7,75,1846777.5,148158062580.0
2025-08-01 03:25:41 PM,24623.7,1875,46169437.5,148204232017.5
2025-08-01 03:25:42 PM,24623.7,375,9233887.5,148213465905.0
2025-08-01 03:25:43 PM,24623.6,0,0.0,148213465905.0
2025-08-01 03:25:43 PM,24623.7,675,16620997.5,148230086902.5
2025-08-01 03:25:43 PM,24623.7,300,7387110.0,148237474012.5
2025-08-01 03:25:45 PM,24622.9,2025,49861372.5,148287335385.0
2025-08-01 03:25:45 PM,24623.7,0,0.0,148287335385.0
2025-08-01 03:25:45 PM,24623.6,600,14774160.0,148302109545.0
2025-08-01 03:25:46 PM,24623.0,0,0.0,148302109545.0
2025-08-01 03:25:46 PM,24622.9,1200,29547480.0,148331657025.0
2025-08-01 03:25:47 PM,24622.9,975,24007327.5,148355664352.5
2025-08-01 03:25:48 PM,24621.6,0,0.0,148355664352.5
2025-08-01 03:25:48 PM,24621.6,2625,64631699.99999999,148420296052.5
2025-08-01 03:25:49 PM,24622.9,0,0.0,148420296052.5
2025-08-01 03:25:50 PM,24621.3,525,12926182.5,148433222235.0
2025-08-01 03:25:51 PM,24620.0,0,0.0,148433222235.0
2025-08-01 03:25:51 PM,24618.5,0,0.0,148433222235.0
2025-08-01 03:25:51 PM,24620.1,11550,284362155.0,148717584390.0
2025-08-01 03:25:52 PM,24617.8,6450,158784810.0,148876369200.0
2025-08-01 03:25:52 PM,24616.1,0,0.0,148876369200.0
2025-08-01 03:25:52 PM,24615.2,0,0.0,148876369200.0
2025-08-01 03:25:53 PM,24616.5,0,0.0,148876369200.0
2025-08-01 03:25:53 PM,24616.0,6975,171696600.0,149048065800.0
2025-08-01 03:25:53 PM,24620.0,450,11079000.0,149059144800.0
2025-08-01 03:25:55 PM,24617.2,525,12924030.0,149072068830.0
2025-08-01 03:25:55 PM,24620.1,525,12925552.5,149084994382.5
2025-08-01 03:25:56 PM,24619.9,0,0.0,149084994382.5
2025-08-01 03:25:56 PM,24616.7,0,0.0,149084994382.5
2025-08-01 03:25:56 PM,24616.3,675,16616002.5,149101610385.0
2025-08-01 03:25:57 PM,24616.7,0,0.0,149101610385.0
2025-08-01 03:25:58 PM,24616.7,1050,25847535.0,149127457920.0
2025-08-01 03:25:58 PM,24615.8,225,5538555.0,149132996475.0
2025-08-01 03:26:00 PM,24616.7,150,3692505.0,149136688980.0
2025-08-01 03:26:00 PM,24615.3,0,0.0,149136688980.0
2025-08-01 03:26:00 PM,24615.3,75,1846147.5,149138535127.5
2025-08-01 03:26:01 PM,24615.5,0,0.0,149138535127.5
2025-08-01 03:26:01 PM,24615.2,825,20307540.0,149158842667.5
2025-08-01 03:26:02 PM,24615.2,6750,166152600.0,149324995267.5
2025-08-01 03:26:02 PM,24614.9,0,0.0,149324995267.5
2025-08-01 03:26:03 PM,24615.2,0,0.0,149324995267.5
2025-08-01 03:26:03 PM,24615.2,900,22153680.0,149347148947.5
2025-08-01 03:26:03 PM,24615.8,0,0.0,149347148947.5
2025-08-01 03:26:03 PM,24615.8,2400,59077920.0,149406226867.5
2025-08-01 03:26:04 PM,24616.7,0,0.0,149406226867.5
2025-08-01 03:26:04 PM,24615.1,0,0.0,149406226867.5
2025-08-01 03:26:05 PM,24615.2,1050,25845960.0,149432072827.5
2025-08-01 03:26:05 PM,24615.2,1275,31384380.0,149463457207.5
2025-08-01 03:26:06 PM,24615.2,600,14769120.0,149478226327.5
2025-08-01 03:26:07 PM,24615.2,600,14769120.0,149492995447.5
2025-08-01 03:26:08 PM,24615.1,1725,42461047.5,149535456495.0
2025-08-01 03:26:08 PM,24615.2,0,0.0,149535456495.0
2025-08-01 03:26:08 PM,24615.2,225,5538420.0,149540994915.0
2025-08-01 03:26:09 PM,24615.6,0,0.0,149540994915.0
2025-08-01 03:26:10 PM,24615.6,2325,57231270.0,149598226185.0
2025-08-01 03:26:10 PM,24615.4,0,0.0,149598226185.0
2025-08-01 03:26:10 PM,24615.4,150,3692310.0,149601918495.0
2025-08-01 03:26:11 PM,24615.6,0,0.0,149601918495.0
2025-08-01 03:26:11 PM,24615.7,150,3692355.0,149605610850.0
2025-08-01 03:26:12 PM,24616.0,75,1846200.0,149607457050.0
2025-08-01 03:26:12 PM,24615.4,0,0.0,149607457050.0
2025-08-01 03:26:13 PM,24615.4,2550,62769270.0,149670226320.0
2025-08-01 03:26:13 PM,24615.4,75,1846155.0,149672072475.0
2025-08-01 03:26:14 PM,24615.3,0,0.0,149672072475.0
2025-08-01 03:26:15 PM,24616.0,375,9231000.0,149681303475.0
2025-08-01 03:26:15 PM,24616.0,375,9231000.0,149690534475.0
2025-08-01 03:26:16 PM,24615.3,0,0.0,149690534475.0
2025-08-01 03:26:16 PM,24616.0,0,0.0,149690534475.0
2025-08-01 03:26:16 PM,24615.3,375,9230737.5,149699765212.5
2025-08-01 03:26:17 PM,24615.3,3075,75692047.5,149775457260.0
2025-08-01 03:26:18 PM,24619.6,0,0.0,149775457260.0
2025-08-01 03:26:18 PM,24619.6,150,3692940.0,149779150200.0
2025-08-01 03:26:19 PM,24617.4,0,0.0,149779150200.0
2025-08-01 03:26:20 PM,24617.4,75,1846305.0,149780996505.0
2025-08-01 03:26:20 PM,24615.6,0,0.0,149780996505.0
2025-08-01 03:26:20 PM,24615.6,225,5538510.0,149786535015.0
2025-08-01 03:26:21 PM,24616.0,0,0.0,149786535015.0
2025-08-01 03:26:21 PM,24619.0,0,0.0,149786535015.0
2025-08-01 03:26:21 PM,24618.4,300,7385520.0,149793920535.0
2025-08-01 03:26:22 PM,24616.0,0,0.0,149793920535.0
2025-08-01 03:26:22 PM,24616.0,150,3692400.0,149797612935.0
2025-08-01 03:26:22 PM,24615.2,0,0.0,149797612935.0
2025-08-01 03:26:23 PM,24616.0,0,0.0,149797612935.0
2025-08-01 03:26:23 PM,24616.0,225,5538600.0,149803151535.0
2025-08-01 03:26:24 PM,24615.2,0,0.0,149803151535.0
2025-08-01 03:26:25 PM,24616.8,825,20308860.0,149823460395.0
2025-08-01 03:26:25 PM,24615.2,0,0.0,149823460395.0
2025-08-01 03:26:25 PM,24615.2,450,11076840.0,149834537235.0
2025-08-01 03:26:25 PM,24615.0,0,0.0,149834537235.0
2025-08-01 03:26:26 PM,24613.0,825,20305725.0,149854842960.0
2025-08-01 03:26:27 PM,24613.1,750,18459825.0,149873302785.0
2025-08-01 03:26:28 PM,24613.1,1425,35073667.5,149908376452.5
2025-08-01 03:26:28 PM,24612.1,150,3691815.0,149912068267.5
2025-08-01 03:26:29 PM,24613.1,0,0.0,149912068267.5
2025-08-01 03:26:30 PM,24613.1,750,18459825.0,149930528092.5
2025-08-01 03:26:31 PM,24612.1,0,0.0,149930528092.5
2025-08-01 03:26:31 PM,24612.1,450,11075445.0,149941603537.5
2025-08-01 03:26:32 PM,24612.1,1125,27688612.5,149969292150.0
2025-08-01 03:26:33 PM,24612.1,300,7383630.0,149976675780.0
2025-08-01 03:26:34 PM,24611.1,0,0.0,149976675780.0
2025-08-01 03:26:35 PM,24611.1,150,3691665.0,149980367445.0
2025-08-01 03:26:36 PM,24611.1,600,14766660.0,149995134105.0
2025-08-01 03:26:37 PM,24611.1,675,16612492.499999998,150011746597.5
2025-08-01 03:26:38 PM,24611.1,675,16612492.499999998,150028359090.0
2025-08-01 03:26:38 PM,24610.2,150,3691530.0,150032050620.0
2025-08-01 03:26:39 PM,24610.1,0,0.0,150032050620.0
2025-08-01 03:26:40 PM,24610.2,600,14766120.0,150046816740.0
2025-08-01 03:26:40 PM,24610.2,75,1845765.0,150048662505.0
2025-08-01 03:26:41 PM,24611.0,0,0.0,150048662505.0
2025-08-01 03:26:41 PM,24610.2,300,7383060.0,150056045565.0
2025-08-01 03:26:43 PM,24610.0,3600,88596000.0,150144641565.0
2025-08-01 03:26:43 PM,24609.0,0,0.0,150144641565.0
2025-08-01 03:26:43 PM,24610.2,675,16611885.0,150161253450.0
2025-08-01 03:26:44 PM,24609.0,0,0.0,150161253450.0
2025-08-01 03:26:45 PM,24609.0,525,12919725.0,150174173175.0
2025-08-01 03:26:45 PM,24609.6,0,0.0,150174173175.0
2025-08-01 03:26:45 PM,24609.6,75,1845720.0,150176018895.0
2025-08-01 03:26:46 PM,24608.4,0,0.0,150176018895.0
2025-08-01 03:26:46 PM,24608.3,525,12919357.5,150188938252.5
2025-08-01 03:26:47 PM,24608.4,0,0.0,150188938252.5
2025-08-01 03:26:47 PM,24608.4,150,3691260.0,150192629512.5
2025-08-01 03:26:48 PM,24608.4,1050,25838820.0,150218468332.5
2025-08-01 03:26:50 PM,24608.4,750,18456300.0,150236924632.5
2025-08-01 03:26:51 PM,24607.4,0,0.0,150236924632.5
2025-08-01 03:26:51 PM,24607.2,2475,60902820.0,150297827452.5
2025-08-01 03:26:52 PM,24606.8,2400,59056320.0,150356883772.5
2025-08-01 03:26:52 PM,24607.2,0,0.0,150356883772.5
2025-08-01 03:26:53 PM,24608.3,0,0.0,150356883772.5
2025-08-01 03:26:53 PM,24608.3,825,20301847.5,150377185620.0
2025-08-01 03:26:53 PM,24606.1,0,0.0,150377185620.0
2025-08-01 03:26:53 PM,24605.5,4575,112570162.5,150489755782.5
2025-08-01 03:26:54 PM,24605.7,0,0.0,150489755782.5
2025-08-01 03:26:55 PM,24605.4,2025,49825935.0,150539581717.5
2025-08-01 03:26:55 PM,24608.3,0,0.0,150539581717.5
2025-08-01 03:26:56 PM,24607.1,675,16609792.499999998,150556191510.0
2025-08-01 03:26:57 PM,24606.9,0,0.0,150556191510.0
2025-08-01 03:26:57 PM,24606.9,300,7382070.0,150563573580.0
2025-08-01 03:26:57 PM,24605.3,0,0.0,150563573580.0
2025-08-01 03:26:58 PM,24607.1,0,0.0,150563573580.0
2025-08-01 03:26:58 PM,24605.2,750,18453900.0,150582027480.0
2025-08-01 03:26:58 PM,24605.0,0,0.0,150582027480.0
2025-08-01 03:26:58 PM,24605.0,975,23989875.0,150606017355.0
2025-08-01 03:26:59 PM,24607.1,0,0.0,150606017355.0
2025-08-01 03:26:59 PM,24606.3,0,0.0,150606017355.0
2025-08-01 03:27:00 PM,24606.0,3225,79354350.0,150685371705.0
2025-08-01 03:27:00 PM,24608.3,0,0.0,150685371705.0
2025-08-01 03:27:00 PM,24608.4,1125,27684450.0,150713056155.0
2025-08-01 03:27:01 PM,24608.3,0,0.0,150713056155.0
2025-08-01 03:27:01 PM,24609.2,0,0.0,150713056155.0
2025-08-01 03:27:01 PM,24610.0,975,23994750.0,150737050905.0
2025-08-01 03:27:02 PM,24610.0,525,12920250.0,150749971155.0
2025-08-01 03:27:03 PM,24609.2,0,0.0,150749971155.0
2025-08-01 03:27:03 PM,24610.0,4875,119973750.0,150869944905.0
2025-08-01 03:27:03 PM,24609.3,2475,60908017.5,150930852922.5
2025-08-01 03:27:04 PM,24610.0,0,0.0,150930852922.5
2025-08-01 03:27:04 PM,24608.4,0,0.0,150930852922.5
2025-08-01 03:27:05 PM,24610.0,3675,90441750.0,151021294672.5
2025-08-01 03:27:05 PM,24607.9,0,0.0,151021294672.5
2025-08-01 03:27:05 PM,24608.6,150,3691290.0,151024985962.5
2025-08-01 03:27:05 PM,24608.5,0,0.0,151024985962.5
2025-08-01 03:27:06 PM,24610.0,0,0.0,151024985962.5
2025-08-01 03:27:06 PM,24608.3,3375,83053012.5,151108038975.0
2025-08-01 03:27:07 PM,24610.0,0,0.0,151108038975.0
2025-08-01 03:27:07 PM,24610.0,600,14766000.0,151122804975.0
2025-08-01 03:27:07 PM,24610.1,0,0.0,151122804975.0
2025-08-01 03:27:08 PM,24608.0,0,0.0,151122804975.0
2025-08-01 03:27:08 PM,24608.0,2550,62750400.0,151185555375.0
2025-08-01 03:27:08 PM,24608.4,0,0.0,151185555375.0
2025-08-01 03:27:08 PM,24611.0,300,7383300.0,151192938675.0
2025-08-01 03:27:09 PM,24609.0,0,0.0,151192938675.0
2025-08-01 03:27:09 PM,24608.9,0,0.0,151192938675.0
2025-08-01 03:27:10 PM,24609.1,750,18456825.0,151211395500.0
2025-08-01 03:27:10 PM,24609.0,0,0.0,151211395500.0
2025-08-01 03:27:10 PM,24609.0,150,3691350.0,151215086850.0
2025-08-01 03:27:10 PM,24609.3,0,0.0,151215086850.0
2025-08-01 03:27:11 PM,24609.3,675,16611277.5,151231698127.5
2025-08-01 03:27:12 PM,24609.3,600,14765580.0,151246463707.5
2025-08-01 03:27:12 PM,24610.2,0,0.0,151246463707.5
2025-08-01 03:27:13 PM,24612.0,0,0.0,151246463707.5
2025-08-01 03:27:13 PM,24610.4,525,12920460.0,151259384167.5
2025-08-01 03:27:13 PM,24612.0,375,9229500.0,151268613667.5
2025-08-01 03:27:14 PM,24610.1,0,0.0,151268613667.5
2025-08-01 03:27:15 PM,24610.1,75,1845757.5,151270459425.0
2025-08-01 03:27:15 PM,24610.7,0,0.0,151270459425.0
2025-08-01 03:27:15 PM,24610.7,75,1845802.5,151272305227.5
2025-08-01 03:27:16 PM,24612.0,0,0.0,151272305227.5
2025-08-01 03:27:16 PM,24610.7,0,0.0,151272305227.5
2025-08-01 03:27:16 PM,24610.7,3525,86752717.5,151359057945.0
2025-08-01 03:27:17 PM,24610.8,0,0.0,151359057945.0
2025-08-01 03:27:17 PM,24610.8,900,22149720.0,151381207665.0
2025-08-01 03:27:17 PM,24615.3,0,0.0,151381207665.0
2025-08-01 03:27:18 PM,24611.1,0,0.0,151381207665.0
2025-08-01 03:27:18 PM,24611.1,2400,59066640.0,151440274305.0
2025-08-01 03:27:18 PM,24611.3,75,1845847.5,151442120152.5
2025-08-01 03:27:19 PM,24611.2,0,0.0,151442120152.5
2025-08-01 03:27:20 PM,24611.2,525,12920880.0,151455041032.5
2025-08-01 03:27:20 PM,24611.2,150,3691680.0,151458732712.5
2025-08-01 03:27:20 PM,24611.1,0,0.0,151458732712.5
2025-08-01 03:27:21 PM,24614.3,0,0.0,151458732712.5
2025-08-01 03:27:21 PM,24614.3,2850,70150755.0,151528883467.5
2025-08-01 03:27:22 PM,24611.8,0,0.0,151528883467.5
2025-08-01 03:27:22 PM,24611.8,300,7383540.0,151536267007.5
2025-08-01 03:27:23 PM,24614.3,0,0.0,151536267007.5
2025-08-01 03:27:23 PM,24614.3,2850,70150755.0,151606417762.5
2025-08-01 03:27:24 PM,24611.4,0,0.0,151606417762.5
2025-08-01 03:27:24 PM,24611.3,0,0.0,151606417762.5
2025-08-01 03:27:25 PM,24614.0,1050,25844700.0,151632262462.5
2025-08-01 03:27:25 PM,24610.7,0,0.0,151632262462.5
2025-08-01 03:27:25 PM,24610.7,300,7383210.0,151639645672.5
2025-08-01 03:27:26 PM,24614.3,0,0.0,151639645672.5
2025-08-01 03:27:26 PM,24611.6,0,0.0,151639645672.5
2025-08-01 03:27:26 PM,24610.9,2550,62757795.0,151702403467.5
2025-08-01 03:27:27 PM,24611.0,0,0.0,151702403467.5
2025-08-01 03:27:27 PM,24611.1,450,11074995.0,151713478462.5
2025-08-01 03:27:27 PM,24610.9,0,0.0,151713478462.5
2025-08-01 03:27:28 PM,24614.9,0,0.0,151713478462.5
2025-08-01 03:27:28 PM,24611.0,600,14766600.0,151728245062.5
2025-08-01 03:27:28 PM,24610.8,0,0.0,151728245062.5
2025-08-01 03:27:29 PM,24610.6,525,12920565.0,151741165627.5
2025-08-01 03:27:30 PM,24610.9,225,5537452.5,151746703080.0
2025-08-01 03:27:30 PM,24610.4,975,23995140.0,151770698220.0
2025-08-01 03:27:30 PM,24614.3,0,0.0,151770698220.0
2025-08-01 03:27:31 PM,24610.0,0,0.0,151770698220.0
2025-08-01 03:27:31 PM,24609.5,0,0.0,151770698220.0
2025-08-01 03:27:31 PM,24614.3,3825,94149697.5,151864847917.5
2025-08-01 03:27:32 PM,24610.7,0,0.0,151864847917.5
2025-08-01 03:27:32 PM,24610.7,75,1845802.5,151866693720.0
2025-08-01 03:27:32 PM,24614.0,0,0.0,151866693720.0
2025-08-01 03:27:33 PM,24612.1,0,0.0,151866693720.0
2025-08-01 03:27:33 PM,24614.3,525,12922507.5,151879616227.5
2025-08-01 03:27:34 PM,24610.9,0,0.0,151879616227.5
2025-08-01 03:27:35 PM,24610.9,375,9229087.5,151888845315.0
2025-08-01 03:27:36 PM,24610.9,150,3691635.0,151892536950.0
2025-08-01 03:27:37 PM,24610.5,150,3691575.0,151896228525.0
2025-08-01 03:27:38 PM,24610.9,0,0.0,151896228525.0
2025-08-01 03:27:38 PM,24610.9,75,1845817.5,151898074342.5
2025-08-01 03:27:39 PM,24610.9,75,1845817.5,151899920160.0
2025-08-01 03:27:40 PM,24610.5,375,9228937.5,151909149097.5
2025-08-01 03:27:40 PM,24610.9,150,3691635.0,151912840732.5
2025-08-01 03:27:41 PM,24610.9,75,1845817.5,151914686550.0
2025-08-01 03:27:42 PM,24610.7,450,11074815.0,151925761365.0
2025-08-01 03:27:42 PM,24610.9,0,0.0,151925761365.0
2025-08-01 03:27:43 PM,24610.7,0,0.0,151925761365.0
2025-08-01 03:27:43 PM,24610.7,4425,108902347.5,152034663712.5
2025-08-01 03:27:43 PM,24610.9,0,0.0,152034663712.5
2025-08-01 03:27:44 PM,24610.7,225,5537407.5,152040201120.0
2025-08-01 03:27:44 PM,24610.9,0,0.0,152040201120.0
2025-08-01 03:27:45 PM,24610.6,525,12920565.0,152053121685.0
2025-08-01 03:27:46 PM,24610.5,0,0.0,152053121685.0
2025-08-01 03:27:46 PM,24610.6,0,0.0,152053121685.0
2025-08-01 03:27:46 PM,24610.5,2250,55373625.0,152108495310.0
2025-08-01 03:27:47 PM,24610.5,1575,38761537.5,152147256847.5
2025-08-01 03:27:47 PM,24616.7,0,0.0,152147256847.5
2025-08-01 03:27:48 PM,24615.7,0,0.0,152147256847.5
2025-08-01 03:27:48 PM,24610.2,5475,134740845.0,152281997692.5
2025-08-01 03:27:48 PM,24610.0,0,0.0,152281997692.5
2025-08-01 03:27:49 PM,24610.0,150,3691500.0,152285689192.5
2025-08-01 03:27:49 PM,24610.1,0,0.0,152285689192.5
2025-08-01 03:27:50 PM,24610.0,1950,47989500.0,152333678692.5
2025-08-01 03:27:50 PM,24616.1,600,14769660.0,152348448352.5
2025-08-01 03:27:51 PM,24610.1,0,0.0,152348448352.5
2025-08-01 03:27:51 PM,24610.1,825,20303332.5,152368751685.0
2025-08-01 03:27:52 PM,24610.1,300,7383030.0,152376134715.0
2025-08-01 03:27:53 PM,24614.7,0,0.0,152376134715.0
2025-08-01 03:27:53 PM,24610.9,1200,29533080.0,152405667795.0
2025-08-01 03:27:54 PM,24609.6,75,1845720.0,152407513515.0
2025-08-01 03:27:54 PM,24611.0,0,0.0,152407513515.0
2025-08-01 03:27:55 PM,24611.0,150,3691650.0,152411205165.0
2025-08-01 03:27:56 PM,24611.1,0,0.0,152411205165.0
2025-08-01 03:27:56 PM,24611.1,75,1845832.5,152413050997.5
2025-08-01 03:27:57 PM,24611.1,150,3691665.0,152416742662.5
2025-08-01 03:27:58 PM,24611.1,600,14766660.0,152431509322.5
2025-08-01 03:27:59 PM,24611.1,225,5537497.5,152437046820.0
2025-08-01 03:27:59 PM,24611.0,0,0.0,152437046820.0
2025-08-01 03:27:59 PM,24611.1,0,0.0,152437046820.0
2025-08-01 03:28:00 PM,24611.1,600,14766660.0,152451813480.0
2025-08-01 03:28:00 PM,24611.1,900,22149990.0,152473963470.0
2025-08-01 03:28:01 PM,24611.1,3300,81216630.0,152555180100.0
2025-08-01 03:28:02 PM,24611.1,375,9229162.5,152564409262.5
2025-08-01 03:28:03 PM,24611.0,0,0.0,152564409262.5
2025-08-01 03:28:03 PM,24611.1,3075,75679132.5,152640088395.0
2025-08-01 03:28:04 PM,24611.0,225,5537475.0,152645625870.0
2025-08-01 03:28:04 PM,24610.4,0,0.0,152645625870.0
2025-08-01 03:28:05 PM,24614.8,2775,68306070.0,152713931940.0
2025-08-01 03:28:06 PM,24615.0,0,0.0,152713931940.0
2025-08-01 03:28:06 PM,24615.0,975,23999625.0,152737931565.0
2025-08-01 03:28:07 PM,24613.8,75,1846035.0,152739777600.0
2025-08-01 03:28:07 PM,24615.0,0,0.0,152739777600.0
2025-08-01 03:28:08 PM,24614.8,0,0.0,152739777600.0
2025-08-01 03:28:08 PM,24614.8,225,5538330.0,152745315930.0
2025-08-01 03:28:09 PM,24611.9,75,1845892.5,152747161822.5
2025-08-01 03:28:10 PM,24612.8,75,1845960.0,152749007782.5
2025-08-01 03:28:11 PM,24613.6,0,0.0,152749007782.5
2025-08-01 03:28:11 PM,24614.0,0,0.0,152749007782.5
2025-08-01 03:28:11 PM,24614.0,675,16614450.0,152765622232.5
2025-08-01 03:28:12 PM,24614.8,3900,95997720.0,152861619952.5
2025-08-01 03:28:12 PM,24615.9,0,0.0,152861619952.5
2025-08-01 03:28:13 PM,24615.0,0,0.0,152861619952.5
2025-08-01 03:28:13 PM,24615.0,2250,55383750.0,152917003702.5
2025-08-01 03:28:13 PM,24616.0,0,0.0,152917003702.5
2025-08-01 03:28:14 PM,24614.2,1650,40613430.0,152957617132.5
2025-08-01 03:28:14 PM,24615.4,0,0.0,152957617132.5
2025-08-01 03:28:15 PM,24615.4,300,7384620.0,152965001752.5
2025-08-01 03:28:15 PM,24615.3,0,0.0,152965001752.5
2025-08-01 03:28:15 PM,24616.6,1650,40617390.0,153005619142.5
2025-08-01 03:28:16 PM,24620.0,0,0.0,153005619142.5
2025-08-01 03:28:16 PM,24616.1,0,0.0,153005619142.5
2025-08-01 03:28:16 PM,24616.1,2850,70155885.0,153075775027.5
2025-08-01 03:28:17 PM,24620.0,0,0.0,153075775027.5
2025-08-01 03:28:18 PM,24618.1,1500,36927150.0,153112702177.5
2025-08-01 03:28:18 PM,24618.5,0,0.0,153112702177.5
2025-08-01 03:28:18 PM,24618.5,75,1846387.5,153114548565.0
2025-08-01 03:28:19 PM,24618.2,0,0.0,153114548565.0
2025-08-01 03:28:20 PM,24619.1,975,24003622.5,153138552187.5
2025-08-01 03:28:20 PM,24620.5,0,0.0,153138552187.5
2025-08-01 03:28:20 PM,24618.9,2475,60931777.5,153199483965.0
2025-08-01 03:28:21 PM,24619.7,0,0.0,153199483965.0
2025-08-01 03:28:21 PM,24619.7,300,7385910.0,153206869875.0
2025-08-01 03:28:22 PM,24620.0,225,5539500.0,153212409375.0
2025-08-01 03:28:22 PM,24621.0,0,0.0,153212409375.0
2025-08-01 03:28:23 PM,24620.9,0,0.0,153212409375.0
2025-08-01 03:28:23 PM,24620.9,1575,38777917.5,153251187292.5
2025-08-01 03:28:23 PM,24618.7,0,0.0,153251187292.5
2025-08-01 03:28:23 PM,24618.7,2775,68316892.5,153319504185.0
2025-08-01 03:28:24 PM,24619.6,0,0.0,153319504185.0
2025-08-01 03:28:25 PM,24620.0,675,16618500.0,153336122685.0
2025-08-01 03:28:25 PM,24621.0,75,1846575.0,153337969260.0
2025-08-01 03:28:26 PM,24619.6,450,11078820.0,153349048080.0
2025-08-01 03:28:27 PM,24620.1,75,1846507.5,153350894587.5
2025-08-01 03:28:27 PM,24620.0,0,0.0,153350894587.5
2025-08-01 03:28:28 PM,24620.0,1725,42469500.0,153393364087.5
2025-08-01 03:28:29 PM,24618.0,0,0.0,153393364087.5
2025-08-01 03:28:30 PM,24620.0,225,5539500.0,153398903587.5
2025-08-01 03:28:30 PM,24617.6,0,0.0,153398903587.5
2025-08-01 03:28:30 PM,24617.6,75,1846320.0,153400749907.5
2025-08-01 03:28:31 PM,24617.0,0,0.0,153400749907.5
2025-08-01 03:28:31 PM,24617.8,0,0.0,153400749907.5
2025-08-01 03:28:31 PM,24617.1,1425,35079367.5,153435829275.0
2025-08-01 03:28:32 PM,24617.1,300,7385130.0,153443214405.0
2025-08-01 03:28:32 PM,24617.0,0,0.0,153443214405.0
2025-08-01 03:28:33 PM,24617.3,0,0.0,153443214405.0
2025-08-01 03:28:33 PM,24617.3,3300,81237090.0,153524451495.0
2025-08-01 03:28:33 PM,24617.1,0,0.0,153524451495.0
2025-08-01 03:28:33 PM,24617.9,600,14770740.0,153539222235.0
2025-08-01 03:28:35 PM,24617.9,975,24002452.5,153563224687.5
2025-08-01 03:28:35 PM,24617.0,0,0.0,153563224687.5
2025-08-01 03:28:35 PM,24617.9,1650,40619535.0,153603844222.5
2025-08-01 03:28:36 PM,24617.9,525,12924397.5,153616768620.0
2025-08-01 03:28:37 PM,24617.9,75,1846342.5,153618614962.5
2025-08-01 03:28:38 PM,24619.3,0,0.0,153618614962.5
2025-08-01 03:28:38 PM,24619.3,150,3692895.0,153622307857.5
2025-08-01 03:28:38 PM,24618.0,0,0.0,153622307857.5
2025-08-01 03:28:38 PM,24618.0,225,5539050.0,153627846907.5
2025-08-01 03:28:40 PM,24618.0,75,1846350.0,153629693257.5
2025-08-01 03:28:40 PM,24618.6,0,0.0,153629693257.5
2025-08-01 03:28:40 PM,24618.6,150,3692790.0,153633386047.5
2025-08-01 03:28:41 PM,24618.0,0,0.0,153633386047.5
2025-08-01 03:28:41 PM,24618.0,525,12924450.0,153646310497.5
2025-08-01 03:28:42 PM,24618.0,225,5539050.0,153651849547.5
2025-08-01 03:28:43 PM,24618.0,225,5539050.0,153657388597.5
2025-08-01 03:28:43 PM,24618.0,75,1846350.0,153659234947.5
2025-08-01 03:28:44 PM,24618.9,0,0.0,153659234947.5
2025-08-01 03:28:45 PM,24618.9,5925,145866982.5,153805101930.0
2025-08-01 03:28:45 PM,24618.9,825,20310592.5,153825412522.5
2025-08-01 03:28:46 PM,24616.3,0,0.0,153825412522.5
2025-08-01 03:28:46 PM,24618.9,0,0.0,153825412522.5
2025-08-01 03:28:46 PM,24618.9,675,16617757.500000002,153842030280.0
2025-08-01 03:28:47 PM,24616.1,0,0.0,153842030280.0
2025-08-01 03:28:48 PM,24619.9,0,0.0,153842030280.0
2025-08-01 03:28:48 PM,24619.9,1350,33236865.000000004,153875267145.0
2025-08-01 03:28:49 PM,24616.2,0,0.0,153875267145.0
2025-08-01 03:28:49 PM,24619.9,0,0.0,153875267145.0
2025-08-01 03:28:50 PM,24619.9,225,5539477.5,153880806622.5
2025-08-01 03:28:50 PM,24617.1,0,0.0,153880806622.5
2025-08-01 03:28:50 PM,24619.9,1125,27697387.5,153908504010.0
2025-08-01 03:28:51 PM,24617.7,375,9231637.5,153917735647.5
2025-08-01 03:28:52 PM,24619.9,0,0.0,153917735647.5
2025-08-01 03:28:53 PM,24619.9,150,3692985.0,153921428632.5
2025-08-01 03:28:53 PM,24620.0,150,3693000.0,153925121632.5
2025-08-01 03:28:54 PM,24617.0,0,0.0,153925121632.5
2025-08-01 03:28:54 PM,24620.0,0,0.0,153925121632.5
2025-08-01 03:28:55 PM,24619.0,225,5539275.0,153930660907.5
2025-08-01 03:28:56 PM,24618.9,0,0.0,153930660907.5
2025-08-01 03:28:56 PM,24619.9,0,0.0,153930660907.5
2025-08-01 03:28:56 PM,24619.9,225,5539477.5,153936200385.0
2025-08-01 03:28:57 PM,24618.9,150,3692835.0,153939893220.0
2025-08-01 03:28:58 PM,24619.1,0,0.0,153939893220.0
2025-08-01 03:28:58 PM,24619.1,300,7385730.0,153947278950.0
2025-08-01 03:28:58 PM,24620.0,0,0.0,153947278950.0
2025-08-01 03:28:58 PM,24620.0,75,1846500.0,153949125450.0
2025-08-01 03:28:59 PM,24618.9,0,0.0,153949125450.0
2025-08-01 03:28:59 PM,24620.0,0,0.0,153949125450.0
2025-08-01 03:29:00 PM,24618.9,600,14771340.0,153963896790.0
2025-08-01 03:29:00 PM,24619.9,0,0.0,153963896790.0
2025-08-01 03:29:00 PM,24620.0,225,5539500.0,153969436290.0
2025-08-01 03:29:01 PM,24619.6,0,0.0,153969436290.0
2025-08-01 03:29:01 PM,24618.9,450,11078505.0,153980514795.0
2025-08-01 03:29:02 PM,24620.0,225,5539500.0,153986054295.0
2025-08-01 03:29:02 PM,24619.9,0,0.0,153986054295.0
2025-08-01 03:29:03 PM,24619.9,75,1846492.5,153987900787.5
2025-08-01 03:29:03 PM,24619.0,0,0.0,153987900787.5
2025-08-01 03:29:03 PM,24620.0,675,16618500.0,154004519287.5
2025-08-01 03:29:04 PM,24618.0,0,0.0,154004519287.5
2025-08-01 03:29:04 PM,24617.0,0,0.0,154004519287.5
2025-08-01 03:29:05 PM,24618.6,1050,25849530.0,154030368817.5
2025-08-01 03:29:05 PM,24619.0,0,0.0,154030368817.5
2025-08-01 03:29:05 PM,24619.0,450,11078550.0,154041447367.5
2025-08-01 03:29:06 PM,24617.0,0,0.0,154041447367.5
2025-08-01 03:29:06 PM,24619.9,0,0.0,154041447367.5
2025-08-01 03:29:06 PM,24617.0,375,9231375.0,154050678742.5
2025-08-01 03:29:07 PM,24620.0,0,0.0,154050678742.5
2025-08-01 03:29:08 PM,24621.0,0,0.0,154050678742.5
2025-08-01 03:29:08 PM,24621.0,1050,25852050.0,154076530792.5
2025-08-01 03:29:08 PM,24621.0,150,3693150.0,154080223942.5
2025-08-01 03:29:09 PM,24621.8,0,0.0,154080223942.5
2025-08-01 03:29:10 PM,24621.7,675,16619647.5,154096843590.0
2025-08-01 03:29:10 PM,24622.0,0,0.0,154096843590.0
2025-08-01 03:29:10 PM,24621.0,375,9232875.0,154106076465.0
2025-08-01 03:29:11 PM,24623.0,0,0.0,154106076465.0
2025-08-01 03:29:11 PM,24619.6,0,0.0,154106076465.0
2025-08-01 03:29:11 PM,24623.0,825,20313975.0,154126390440.0
2025-08-01 03:29:12 PM,24621.3,75,1846597.5,154128237037.5
2025-08-01 03:29:12 PM,24621.0,0,0.0,154128237037.5
2025-08-01 03:29:13 PM,24623.1,0,0.0,154128237037.5
2025-08-01 03:29:13 PM,24620.0,300,7386000.0,154135623037.5
2025-08-01 03:29:13 PM,24621.0,0,0.0,154135623037.5
2025-08-01 03:29:13 PM,24622.8,525,12926970.0,154148550007.5
2025-08-01 03:29:14 PM,24619.6,0,0.0,154148550007.5
2025-08-01 03:29:15 PM,24619.6,300,7385880.0,154155935887.5
2025-08-01 03:29:15 PM,24620.0,150,3693000.0,154159628887.5
2025-08-01 03:29:16 PM,24622.6,225,5540085.0,154165168972.5
2025-08-01 03:29:17 PM,24620.0,0,0.0,154165168972.5
2025-08-01 03:29:18 PM,24620.0,1125,27697500.0,154192866472.5
2025-08-01 03:29:18 PM,24620.0,75,1846500.0,154194712972.5
2025-08-01 03:29:19 PM,24620.5,0,0.0,154194712972.5
2025-08-01 03:29:20 PM,24622.0,300,7386600.0,154202099572.5
2025-08-01 03:29:20 PM,24620.5,0,0.0,154202099572.5
2025-08-01 03:29:20 PM,24620.1,150,3693015.0,154205792587.5
2025-08-01 03:29:21 PM,24624.0,0,0.0,154205792587.5
2025-08-01 03:29:21 PM,24620.0,2925,72013500.0,154277806087.5
2025-08-01 03:29:22 PM,24620.0,75,1846500.0,154279652587.5
2025-08-01 03:29:22 PM,24619.0,0,0.0,154279652587.5
2025-08-01 03:29:23 PM,24620.0,0,0.0,154279652587.5
2025-08-01 03:29:23 PM,24620.0,150,3693000.0,154283345587.5
2025-08-01 03:29:24 PM,24619.0,0,0.0,154283345587.5
2025-08-01 03:29:25 PM,24620.0,375,9232500.0,154292578087.5
2025-08-01 03:29:25 PM,24619.0,0,0.0,154292578087.5
2025-08-01 03:29:25 PM,24619.0,300,7385700.0,154299963787.5
2025-08-01 03:29:26 PM,24618.0,0,0.0,154299963787.5
2025-08-01 03:29:26 PM,24618.0,150,3692700.0,154303656487.5
2025-08-01 03:29:27 PM,24617.5,450,11077875.0,154314734362.5
2025-08-01 03:29:27 PM,24618.0,0,0.0,154314734362.5
2025-08-01 03:29:28 PM,24620.0,0,0.0,154314734362.5
2025-08-01 03:29:28 PM,24620.0,375,9232500.0,154323966862.5
2025-08-01 03:29:28 PM,24620.0,75,1846500.0,154325813362.5
2025-08-01 03:29:29 PM,24617.0,0,0.0,154325813362.5
2025-08-01 03:29:29 PM,24620.0,0,0.0,154325813362.5
2025-08-01 03:29:30 PM,24620.0,300,7386000.0,154333199362.5
2025-08-01 03:29:30 PM,24619.0,0,0.0,154333199362.5
2025-08-01 03:29:30 PM,24619.0,375,9232125.0,154342431487.5
2025-08-01 03:29:31 PM,24620.0,0,0.0,154342431487.5
2025-08-01 03:29:31 PM,24618.0,525,12924450.0,154355355937.5
2025-08-01 03:29:31 PM,24620.0,0,0.0,154355355937.5
2025-08-01 03:29:32 PM,24616.0,825,20308200.0,154375664137.5
2025-08-01 03:29:32 PM,24618.0,0,0.0,154375664137.5
2025-08-01 03:29:33 PM,24615.1,0,0.0,154375664137.5
2025-08-01 03:29:33 PM,24620.0,825,20311500.0,154395975637.5
2025-08-01 03:29:34 PM,24615.1,0,0.0,154395975637.5
2025-08-01 03:29:35 PM,24615.0,225,5538375.0,154401514012.5
2025-08-01 03:29:35 PM,24618.0,0,0.0,154401514012.5
2025-08-01 03:29:35 PM,24618.0,1650,40619700.0,154442133712.5
2025-08-01 03:29:36 PM,24622.0,0,0.0,154442133712.5
2025-08-01 03:29:36 PM,24622.0,225,5539950.0,154447673662.5
2025-08-01 03:29:37 PM,24618.1,0,0.0,154447673662.5
2025-08-01 03:29:38 PM,24619.0,150,3692850.0,154451366512.5
2025-08-01 03:29:38 PM,24618.0,150,3692700.0,154455059212.5
2025-08-01 03:29:39 PM,24618.1,0,0.0,154455059212.5
2025-08-01 03:29:40 PM,24618.0,450,11078100.0,154466137312.5
2025-08-01 03:29:40 PM,24619.0,0,0.0,154466137312.5
2025-08-01 03:29:40 PM,24618.1,450,11078145.0,154477215457.5
2025-08-01 03:29:41 PM,24618.0,0,0.0,154477215457.5
2025-08-01 03:29:41 PM,24613.0,1800,44303400.0,154521518857.5
2025-08-01 03:29:42 PM,24618.0,300,7385400.0,154528904257.5
2025-08-01 03:29:42 PM,24613.9,0,0.0,154528904257.5
2025-08-01 03:29:43 PM,24618.0,225,5539050.0,154534443307.5
2025-08-01 03:29:44 PM,24618.0,225,5539050.0,154539982357.5
2025-08-01 03:29:44 PM,24619.0,0,0.0,154539982357.5
2025-08-01 03:29:44 PM,24614.2,0,0.0,154539982357.5
2025-08-01 03:29:45 PM,24613.8,1350,33228630.0,154573210987.5
2025-08-01 03:29:45 PM,24619.0,0,0.0,154573210987.5
2025-08-01 03:29:45 PM,24619.0,225,5539275.0,154578750262.5
2025-08-01 03:29:46 PM,24613.6,225,5538060.0,154584288322.5
2025-08-01 03:29:47 PM,24619.0,0,0.0,154584288322.5
2025-08-01 03:29:48 PM,24613.1,1575,38765632.5,154623053955.0
2025-08-01 03:29:49 PM,24612.8,525,12921720.0,154635975675.0
2025-08-01 03:29:50 PM,24612.8,75,1845960.0,154637821635.0
2025-08-01 03:29:50 PM,24618.0,0,0.0,154637821635.0
2025-08-01 03:29:50 PM,24618.0,300,7385400.0,154645207035.0
2025-08-01 03:29:51 PM,24619.0,0,0.0,154645207035.0
2025-08-01 03:29:51 PM,24619.9,0,0.0,154645207035.0
2025-08-01 03:29:51 PM,24619.9,300,7385970.0,154652593005.0
2025-08-01 03:29:52 PM,24618.0,0,0.0,154652593005.0
2025-08-01 03:29:52 PM,24618.0,525,12924450.0,154665517455.0
2025-08-01 03:29:52 PM,24619.7,0,0.0,154665517455.0
2025-08-01 03:29:53 PM,24620.0,0,0.0,154665517455.0
2025-08-01 03:29:53 PM,24620.0,525,12925500.0,154678442955.0
2025-08-01 03:29:53 PM,24619.0,0,0.0,154678442955.0
2025-08-01 03:29:54 PM,24619.9,150,3692985.0,154682135940.0
2025-08-01 03:29:54 PM,24612.1,0,0.0,154682135940.0
2025-08-01 03:29:54 PM,24620.0,0,0.0,154682135940.0
2025-08-01 03:29:55 PM,24613.1,225,5537947.5,154687673887.5
2025-08-01 03:29:55 PM,24620.0,0,0.0,154687673887.5
2025-08-01 03:29:55 PM,24612.3,0,0.0,154687673887.5
2025-08-01 03:29:55 PM,24612.3,825,20305147.5,154707979035.0
2025-08-01 03:29:56 PM,24612.2,0,0.0,154707979035.0
2025-08-01 03:29:56 PM,24612.2,150,3691830.0,154711670865.0
2025-08-01 03:29:57 PM,24619.0,0,0.0,154711670865.0
2025-08-01 03:29:57 PM,24619.0,75,1846425.0,154713517290.0
2025-08-01 03:29:57 PM,24620.0,0,0.0,154713517290.0
2025-08-01 03:29:58 PM,24613.0,0,0.0,154713517290.0
2025-08-01 03:29:58 PM,24613.0,450,11075850.0,154724593140.0
2025-08-01 03:29:59 PM,24615.0,0,0.0,154724593140.0
2025-08-01 03:29:59 PM,24618.0,0,0.0,154724593140.0
